50 0
50 109
50 113
50 119
50 146
50 148
50 203
50 277
50 314
50 331
50 334
51 0
51 23
51 25
51 31
51 83
51 84
51 237
52 0
52 192
53 0
53 1
53 24
53 48
53 54
53 88
53 92
53 94
53 101
53 130
53 146
53 180
53 191
53 194
53 196
53 204
53 213
53 242
53 248
53 249
53 254
53 260
53 266
53 299
53 302
53 315
53 317
53 322
53 330
53 332
53 346
54 0
54 1
54 27
54 48
54 53
54 119
54 313
54 329
55 0
55 21
55 26
55 56
55 67
55 104
55 122
55 123
55 170
55 185
55 186
55 200
55 203
55 239
55 252
55 261
55 277
56 0
56 9
56 13
56 21
56 25
56 26
56 30
56 40
56 55
56 59
56 60
56 62
56 63
56 66
56 67
56 72
56 75
56 82
56 88
56 98
56 103
56 104
56 109
56 113
56 118
56 119
56 122
56 128
56 132
56 134
56 136
56 141
56 142
56 161
56 169
56 170
56 172
56 185
56 186
56 188
56 199
56 200
56 203
56 207
56 211
56 212
56 213
56 221
56 222
56 223
56 231
56 232
56 238
56 239
56 252
56 261
56 265
56 271
56 272
56 276
56 277
56 285
56 290
56 291
56 297
56 298
56 303
56 304
56 313
56 315
56 322
56 323
56 325
56 331
56 332
56 334
56 341
56 342
57 0
57 24
57 48
57 80
57 92
57 108
57 184
57 204
57 213
57 242
57 249
57 277
57 302
57 320
57 346
58 0
58 107
58 171
58 269
58 1684
58 1912
58 2814
58 2838
58 2885
58 3003
58 3173
58 3290
59 0
59 13
59 56
59 82
59 98
59 118
59 172
59 186
59 203
59 211
59 238
59 239
59 250
59 252
59 261
59 268
59 271
59 325
59 342
60 0
60 56
60 158
60 239
60 285
60 291
60 313
60 322
61 0
61 23
61 193
62 0
62 26
62 56
62 67
62 96
62 98
62 122
62 130
62 133
62 141
62 142
62 161
62 170
62 186
62 199
62 200
62 223
62 224
62 236
62 239
62 261
62 276
62 318
62 322
62 323
62 341
63 0
63 56
63 261
63 271
63 313
63 342
64 0
64 100
64 119
64 150
64 171
64 189
64 217
65 0
65 7
65 13
65 25
65 82
65 118
65 203
65 252
65 261
65 297
65 314
65 339
66 0
66 9
66 21
66 26
66 56
66 67
66 113
66 122
66 134
66 142
66 239
66 252
66 304
66 308
66 334
67 0
67 3
67 9
67 10
67 13
67 21
67 25
67 26
67 31
67 40
67 45
67 55
67 56
67 62
67 66
67 69
67 72
67 75
67 79
67 82
67 98
67 104
67 109
67 113
67 118
67 119
67 122
67 123
67 128
67 134
67 136
67 141
67 142
67 156
67 158
67 161
67 169
67 170
67 185
67 186
67 188
67 196
67 199
67 200
67 203
67 212
67 213
67 223
67 224
67 236
67 239
67 248
67 252
67 261
67 265
67 271
67 272
67 277
67 280
67 285
67 290
67 297
67 303
67 304
67 308
67 313
67 315
67 322
67 323
67 324
67 325
67 332
67 334
67 342
67 344
67 345
68 0
68 99
68 143
68 175
68 177
68 225
68 227
68 263
68 296
69 0
69 9
69 25
69 26
69 39
69 67
69 105
69 121
69 236
69 304
70 0
70 230
71 0
71 230
71 307
72 0
72 3
72 9
72 25
72 26
72 40
72 56
72 67
72 113
72 132
72 141
72 165
72 172
72 199
72 200
72 212
72 232
72 239
72 252
72 271
72 272
72 291
72 298
72 329
73 0
73 1
73 25
73 30
73 48
73 88
73 126
73 130
73 299
73 331
74 0
75 0
75 9
75 56
75 67
75 85
75 170
75 188
75 200
75 258
75 272
75 274
75 304
75 322
75 323
76 0
76 25
76 270
77 0
77 40
77 117
77 231
77 294
77 332
78 0
78 4
78 181
78 195
78 218
78 273
78 275
78 306
78 328
79 0
79 9
79 25
79 26
79 67
79 119
79 185
79 188
79 200
79 252
79 271
79 272
80 0
80 24
80 48
80 57
80 88
80 92
80 94
80 101
80 173
80 180
80 187
80 194
80 204
80 213
80 242
80 249
80 266
80 299
80 300
80 315
80 320
80 330
80 346
81 0
81 269
81 286
82 0
82 13
82 16
82 29
82 56
82 59
82 65
82 67
82 84
82 98
82 118
82 119
82 121
82 123
82 148
82 158
82 169
82 170
82 172
82 199
82 203
82 211
82 222
82 231
82 238
82 252
82 261
82 268
82 271
82 313
82 314
82 318
82 325
82 331
83 0
83 23
83 25
83 31
83 51
83 84
83 237
84 0
84 25
84 31
84 51
84 82
84 83
84 224
84 236
84 237
84 265
84 276
84 304
84 313
85 0
85 3
85 9
85 75
85 156
85 170
85 176
85 188
85 258
85 271
85 272
85 274
85 322
85 323
86 0
86 175
86 177
86 225
86 227
86 278
87 0
87 5
87 7
87 22
87 136
87 161
87 213
87 246
87 291
87 308
87 315
87 322
87 339
88 0
88 1
88 21
88 25
88 48
88 53
88 56
88 73
88 80
88 106
88 126
88 130
88 164
88 178
88 186
88 236
88 242
88 303
88 322
88 336
89 0
89 6
89 19
89 95
89 147
89 219
89 319
89 327
90 0
90 179
91 0
91 8
91 110
91 193
91 201
91 245
91 259
91 264
92 0
92 1
92 24
92 53
92 57
92 80
92 94
92 101
92 180
92 187
92 194
92 196
92 204
92 242
92 249
92 254
92 266
92 299
92 302
92 330
92 346
93 0
93 32
93 41
93 111
93 137
93 167
93 310
93 337
94 0
94 24
94 25
94 53
94 80
94 92
94 101
94 180
94 187
94 194
94 204
94 242
94 249
94 254
94 266
94 299
94 300
94 302
94 315
94 320
94 330
94 346
95 0
95 6
95 89
95 147
95 319
95 327
96 0
96 62
96 133
96 190
96 213
96 224
96 274
96 314
96 323
97 0
97 182
97 230
98 0
98 13
98 21
98 25
98 26
98 56
98 59
98 62
98 67
98 82
98 103
98 104
98 109
98 113
98 118
98 119
98 122
98 123
98 128
98 141
98 148
98 170
98 172
98 186
98 199
98 200
98 203
98 211
98 223
98 238
98 239
98 252
98 258
98 261
98 265
98 271
98 272
98 276
98 277
98 280
98 285
98 291
98 304
98 313
98 315
98 325
98 331
98 332
98 342
99 0
99 23
99 68
99 102
99 131
99 143
99 175
99 177
99 225
99 227
99 263
99 278
99 296
