500 348
500 353
500 354
500 355
500 361
500 363
500 368
500 373
500 374
500 376
500 378
500 382
500 388
500 391
500 392
500 396
500 400
500 402
500 404
500 408
500 409
500 410
500 412
500 414
500 416
500 417
500 421
500 423
500 428
500 431
500 438
500 439
500 444
500 445
500 450
500 452
500 455
500 463
500 465
500 474
500 475
500 483
500 484
500 487
500 492
500 493
500 497
500 503
500 506
500 507
500 513
500 514
500 517
500 519
500 520
500 521
500 524
500 525
500 527
500 531
500 537
500 538
500 542
500 546
500 547
500 548
500 553
500 555
500 556
500 557
500 560
500 563
500 565
500 566
500 580
500 591
500 601
500 604
500 614
500 637
500 645
500 651
500 683
501 198
501 348
501 364
501 393
501 399
501 441
501 476
501 564
502 348
502 367
502 373
502 376
502 378
502 391
502 475
502 490
502 491
502 539
502 548
503 348
503 352
503 353
503 366
503 368
503 375
503 387
503 388
503 391
503 392
503 394
503 398
503 400
503 404
503 408
503 409
503 412
503 416
503 417
503 419
503 423
503 430
503 431
503 438
503 444
503 451
503 456
503 465
503 473
503 479
503 483
503 484
503 487
503 492
503 493
503 494
503 497
503 500
503 511
503 513
503 514
503 517
503 524
503 525
503 526
503 527
503 537
503 538
503 539
503 542
503 553
503 556
503 557
503 559
503 560
503 561
503 566
503 567
504 348
504 350
504 367
504 374
504 397
504 407
504 412
504 418
504 421
504 422
504 426
504 429
504 432
504 433
504 444
504 449
504 455
504 463
504 466
504 481
504 506
504 507
504 510
504 513
504 514
504 521
504 522
504 528
504 529
504 531
504 539
504 541
504 543
504 544
504 546
504 547
504 548
504 553
504 555
504 562
504 563
504 570
504 571
505 348
505 357
505 380
505 389
505 419
505 424
505 457
505 469
505 486
505 509
505 516
505 551
505 554
506 348
506 360
506 363
506 370
506 373
506 374
506 376
506 378
506 387
506 391
506 392
506 395
506 397
506 400
506 402
506 404
506 412
506 414
506 417
506 418
506 420
506 423
506 428
506 431
506 432
506 434
506 436
506 438
506 439
506 444
506 451
506 452
506 455
506 456
506 460
506 461
506 465
506 475
506 482
506 483
506 484
506 492
506 496
506 497
506 500
506 504
506 507
506 508
506 513
506 514
506 517
506 519
506 520
506 521
506 523
506 524
506 525
506 527
506 537
506 544
506 545
506 553
506 557
506 559
506 561
506 563
506 566
506 591
506 604
506 606
506 610
506 645
507 348
507 354
507 360
507 363
507 370
507 373
507 374
507 376
507 385
507 387
507 388
507 395
507 397
507 402
507 412
507 417
507 420
507 428
507 431
507 432
507 436
507 438
507 439
507 444
507 449
507 451
507 452
507 458
507 460
507 461
507 463
507 465
507 470
507 471
507 475
507 482
507 483
507 493
507 495
507 496
507 497
507 500
507 504
507 506
507 510
507 513
507 514
507 515
507 517
507 520
507 523
507 524
507 525
507 526
507 544
507 545
507 553
507 556
507 557
507 559
507 561
507 563
507 565
507 566
507 570
508 348
508 349
508 402
508 417
508 428
508 440
508 460
508 478
508 496
508 506
508 520
508 534
508 541
508 542
508 544
508 563
509 348
509 357
509 369
509 380
509 381
509 389
509 397
509 424
509 457
509 486
509 505
509 516
509 518
509 551
509 554
510 348
510 354
510 355
510 360
510 374
510 396
510 397
510 403
510 407
510 418
510 426
510 432
510 433
510 452
510 455
510 458
510 497
510 504
510 507
510 513
510 521
510 528
510 533
510 553
510 555
510 563
511 348
511 376
511 394
511 395
511 398
511 400
511 404
511 408
511 417
511 428
511 431
511 436
511 438
511 456
511 465
511 479
511 484
511 488
511 493
511 503
511 512
511 517
511 525
511 536
511 538
511 545
511 556
511 559
511 561
511 566
512 348
512 391
512 394
512 395
512 398
512 400
512 404
512 408
512 409
512 412
512 428
512 431
512 456
512 462
512 479
512 488
512 493
512 511
512 513
512 515
512 517
512 525
512 526
512 536
512 538
512 545
512 556
512 560
512 561
513 348
513 353
513 360
513 365
513 366
513 373
513 374
513 376
513 378
513 387
513 388
513 391
513 394
513 395
513 397
513 400
513 402
513 405
513 407
513 408
513 412
513 414
513 417
513 419
513 420
513 423
513 426
513 428
513 431
513 432
513 436
513 438
513 439
513 444
513 451
513 452
513 456
513 461
513 465
513 471
513 475
513 479
513 483
513 484
513 487
513 488
513 492
513 496
513 497
513 500
513 503
513 504
513 506
513 507
513 510
513 512
513 514
513 515
513 517
513 520
513 523
513 524
513 525
513 527
513 537
513 542
513 544
513 553
513 557
513 559
513 561
513 563
513 566
513 567
513 580
513 591
513 601
513 604
513 606
513 610
513 614
513 634
513 637
513 641
513 645
513 646
513 651
513 669
513 683
514 348
514 353
514 360
514 363
514 366
514 370
514 373
514 374
514 376
514 378
514 387
514 391
514 392
514 395
514 397
514 400
514 402
514 408
514 414
514 417
514 418
514 420
514 428
514 430
514 431
514 432
514 438
514 439
514 451
514 458
514 460
514 471
514 475
514 483
514 484
514 492
514 493
514 495
514 496
514 500
514 503
514 504
514 506
514 507
514 513
514 517
514 520
514 524
514 525
514 527
514 537
514 538
514 541
514 544
514 548
514 559
514 561
514 566
514 569
514 570
514 580
514 614
514 669
514 683
515 348
515 353
515 355
515 363
515 366
515 370
515 373
515 374
515 376
515 378
515 391
515 392
515 394
515 395
515 400
515 402
515 403
515 404
515 409
515 412
515 414
515 417
515 428
515 431
515 434
515 446
515 458
515 460
515 465
515 471
515 473
515 475
515 479
515 482
515 483
515 484
515 492
515 496
515 497
515 507
515 512
515 513
515 517
515 519
515 524
515 525
515 527
515 545
515 548
515 553
515 555
515 557
515 559
515 566
515 580
515 591
515 614
515 620
515 637
515 641
515 654
516 348
516 357
516 369
516 380
516 381
516 389
516 397
516 419
516 424
516 457
516 459
516 469
516 477
516 486
516 505
516 509
516 518
516 551
516 554
516 563
517 107
517 348
517 352
517 353
517 363
517 366
517 368
517 373
517 374
517 376
517 378
517 387
517 391
517 394
517 395
517 398
517 400
517 402
517 408
517 409
517 412
517 417
517 419
517 423
517 428
517 431
517 434
517 436
517 438
517 439
517 444
517 446
517 456
517 460
517 461
517 462
517 463
517 465
517 475
517 479
517 482
517 483
517 484
517 488
517 492
517 493
517 494
517 496
517 497
517 500
517 503
517 506
517 507
517 511
517 512
517 513
517 514
517 515
517 520
517 524
517 525
517 526
517 527
517 536
517 537
517 538
517 544
517 545
517 553
517 556
517 559
517 561
517 566
517 580
517 601
517 606
517 637
517 651
517 905
517 936
517 976
517 1025
517 1095
517 1114
517 1179
517 1237
517 1268
517 1313
517 1320
517 1358
517 1374
517 1446
517 1487
517 1512
517 1514
517 1543
517 1574
517 1616
517 1645
517 1677
517 1692
517 1694
517 1778
517 1870
518 348
518 357
518 369
518 380
518 389
518 397
518 419
518 424
518 435
518 457
518 459
518 469
518 477
518 485
518 509
518 516
518 551
518 554
518 563
519 348
519 350
519 354
519 355
519 361
519 367
519 376
519 396
519 403
519 450
519 452
519 463
519 470
519 475
519 481
519 489
519 500
519 506
519 515
519 531
519 546
519 547
519 548
519 555
519 557
520 348
520 353
520 360
520 365
520 366
520 370
520 373
520 374
520 376
520 387
520 394
520 395
520 402
520 408
520 412
520 415
520 417
520 422
520 425
520 428
520 438
520 439
520 444
520 445
520 456
520 460
520 461
520 479
520 483
520 484
520 495
520 497
520 500
520 506
520 507
520 508
520 513
520 514
520 517
520 523
520 524
520 527
520 542
520 544
520 545
520 553
520 561
520 563
520 567
520 570
521 348
521 363
521 368
521 374
521 409
521 432
521 438
521 452
521 460
521 475
521 500
521 504
521 506
521 510
521 544
522 348
522 429
522 455
522 466
522 481
522 504
522 529
522 531
522 539
522 546
522 568
523 348
523 360
523 370
523 373
523 374
523 376
523 387
523 388
523 395
523 397
523 402
523 412
523 417
523 418
523 422
523 423
523 425
523 428
523 434
523 436
523 438
523 439
523 442
523 444
523 456
523 460
523 461
523 475
523 490
523 496
523 497
523 506
523 507
523 513
523 520
523 524
523 534
523 544
523 545
523 553
523 561
523 563
523 570
524 348
524 353
524 360
524 363
524 366
524 370
524 373
524 374
524 376
524 378
524 385
524 387
524 391
524 395
524 400
524 402
524 408
524 412
524 414
524 417
524 420
524 423
524 426
524 428
524 436
524 438
524 456
524 460
524 461
524 463
524 465
524 471
524 475
524 483
524 488
524 492
524 497
524 500
524 503
524 506
524 507
524 513
524 514
524 515
524 517
524 520
524 523
524 525
524 527
524 542
524 544
524 553
524 559
524 561
524 565
524 566
524 567
524 590
524 591
524 606
524 614
524 637
524 651
524 683
525 348
525 352
525 363
525 367
525 368
525 370
525 373
525 374
525 375
525 376
525 387
525 391
525 392
525 395
525 398
525 400
525 404
525 408
525 409
525 412
525 419
525 423
525 426
525 428
525 430
525 431
525 432
525 436
525 438
525 439
525 440
525 456
525 461
525 462
525 465
525 473
525 475
525 479
525 482
525 483
525 484
525 487
525 493
525 497
525 500
525 503
525 506
525 507
525 511
525 512
525 513
525 514
525 515
525 517
525 524
525 526
525 527
525 536
525 537
525 538
525 542
525 544
525 545
525 548
525 559
525 561
525 563
525 566
525 567
526 107
526 348
526 353
526 363
526 366
526 368
526 374
526 375
526 376
526 398
526 404
526 408
526 409
526 412
526 419
526 428
526 430
526 465
526 483
526 484
526 493
526 494
526 497
526 503
526 507
526 512
526 517
526 525
526 538
526 553
526 559
526 561
526 566
526 606
526 637
526 651
526 906
526 968
526 993
526 1012
526 1049
526 1054
526 1074
526 1075
526 1078
526 1110
526 1114
526 1128
526 1179
526 1191
526 1209
526 1217
526 1226
526 1237
526 1242
526 1250
526 1265
526 1278
526 1290
526 1320
526 1329
526 1334
526 1344
526 1357
526 1358
526 1367
526 1377
526 1393
526 1407
526 1416
526 1435
526 1444
526 1487
526 1519
526 1528
526 1540
526 1557
526 1574
526 1584
526 1600
526 1609
526 1616
526 1620
526 1630
526 1644
526 1688
526 1710
526 1724
526 1730
526 1740
526 1754
526 1768
526 1778
526 1791
526 1800
526 1861
526 1864
526 1882
527 348
527 350
527 363
527 368
527 370
527 373
527 374
527 376
527 378
527 391
527 392
527 395
527 398
527 412
527 417
527 419
527 423
527 431
527 432
527 436
527 439
527 456
527 461
527 473
527 475
527 479
527 483
527 484
527 488
527 497
527 500
527 503
527 506
527 513
527 514
527 515
527 517
527 520
527 524
527 525
527 538
527 542
527 553
527 559
527 561
527 567
528 348
528 350
528 355
528 373
528 407
528 412
528 433
528 455
528 504
528 510
528 543
528 553
528 563
529 348
529 412
529 429
529 455
529 466
529 504
529 522
529 531
529 539
530 348
530 359
530 361
530 372
531 348
531 350
531 354
531 355
531 359
531 361
531 372
531 376
531 382
531 396
531 397
531 405
531 426
531 429
531 442
531 444
531 450
531 452
531 455
531 463
531 466
531 470
531 474
531 475
531 481
531 489
531 500
531 504
531 519
531 522
531 529
531 539
531 543
531 546
531 547
531 555
531 557
531 563
531 568
531 570
532 348
532 379
532 386
532 406
532 437
532 462
532 467
532 498
532 499
532 572
533 348
533 407
533 412
533 433
533 472
533 510
534 348
534 349
534 425
534 434
534 478
534 508
534 523
534 563
535 348
535 362
535 374
535 413
535 415
535 445
535 460
535 463
535 465
535 473
535 483
535 489
536 348
536 352
536 368
536 395
536 398
536 404
536 408
536 409
536 419
536 431
536 462
536 479
536 484
536 493
536 494
536 511
536 512
536 517
536 525
536 538
536 545
536 561
537 348
537 353
537 388
537 392
537 395
537 400
537 404
537 408
537 412
537 416
537 417
537 419
537 420
537 423
537 430
537 431
537 456
537 465
537 471
537 483
537 484
537 492
537 493
537 494
537 497
537 500
537 503
537 506
537 513
537 514
537 517
537 525
537 538
537 545
537 559
537 560
537 561
537 566
537 567
537 569
538 107
538 348
538 352
538 353
538 363
538 366
538 368
538 375
538 376
538 392
538 394
538 395
538 398
538 400
538 404
538 408
538 409
538 412
538 417
538 419
538 423
538 431
538 439
538 440
538 444
538 456
538 462
538 465
538 479
538 483
538 484
538 487
538 492
538 493
538 494
538 497
538 500
538 503
538 511
538 512
538 514
538 517
538 525
538 526
538 527
538 536
538 537
538 542
538 545
538 559
538 560
538 561
538 566
538 580
538 606
538 637
538 651
538 948
538 1025
538 1080
538 1114
538 1122
538 1179
538 1223
538 1226
538 1237
538 1313
538 1320
538 1349
538 1358
538 1374
538 1400
538 1408
538 1487
538 1543
538 1545
538 1565
538 1574
538 1677
538 1679
538 1692
538 1695
538 1763
538 1767
538 1778
538 1870
538 1878
539 348
539 366
539 372
539 390
539 391
539 400
539 429
539 446
539 450
539 455
539 466
539 473
539 481
539 493
539 502
539 503
539 504
539 522
539 529
539 531
539 560
539 568
540 348
540 353
540 370
540 419
540 469
540 480
540 559
540 560
541 348
541 397
541 430
541 432
541 455
541 504
541 508
541 514
541 563
541 568
542 348
542 352
542 353
542 360
542 362
542 363
542 366
542 370
542 371
542 373
542 376
542 378
542 392
542 394
542 395
542 400
542 402
542 404
542 409
542 412
542 413
542 414
542 415
542 417
542 428
542 436
542 439
542 445
542 460
542 461
542 463
542 465
542 473
542 475
542 479
542 483
542 492
542 495
542 497
542 500
542 503
542 508
542 513
542 520
542 524
542 525
542 527
542 538
542 553
542 556
542 559
542 560
542 561
542 567
542 580
542 591
542 606
542 683
543 348
543 350
543 355
543 360
543 372
543 397
543 402
543 407
543 421
543 449
543 455
543 460
543 480
543 504
543 528
543 531
543 545
543 546
543 558
543 563
543 570
544 348
544 353
544 360
544 363
544 366
544 370
544 373
544 374
544 376
544 378
544 387
544 388
544 391
544 394
544 395
544 397
544 400
544 402
544 412
544 414
544 417
544 418
544 419
544 426
544 428
544 432
544 439
544 442
544 444
544 451
544 452
544 460
544 461
544 465
544 475
544 483
544 484
544 492
544 495
544 497
544 504
544 506
544 507
544 508
544 513
544 514
544 517
544 520
544 521
544 523
544 524
544 525
544 545
544 553
544 556
544 557
544 559
544 561
544 563
544 566
544 570
544 580
544 604
544 645
544 669
544 676
544 683
545 348
545 372
545 373
545 374
545 376
545 395
545 398
545 402
545 404
545 408
545 415
545 417
545 421
545 422
545 428
545 431
545 432
545 444
545 456
545 458
545 460
545 475
545 479
545 493
545 497
545 506
545 507
545 511
545 512
545 515
545 517
545 520
545 523
545 525
545 536
545 537
545 538
545 543
545 544
545 553
545 558
545 559
545 561
545 563
545 566
545 570
546 348
546 350
546 355
546 359
546 367
546 373
546 376
546 396
546 397
546 403
546 422
546 426
546 432
546 438
546 452
546 455
546 474
546 475
546 489
546 497
546 500
546 504
546 519
546 522
546 531
546 543
546 547
546 555
546 557
546 563
547 348
547 354
547 355
547 359
547 361
547 367
547 372
547 376
547 382
547 396
547 403
547 410
547 412
547 418
547 422
547 450
547 452
547 460
547 463
547 470
547 474
547 475
547 481
547 489
547 500
547 504
547 519
547 531
547 546
547 548
547 555
547 557
548 348
548 355
548 360
548 366
548 367
548 370
548 373
548 376
548 388
548 391
548 396
548 410
548 412
548 438
548 446
548 450
548 461
548 474
548 475
548 482
548 490
548 491
548 500
548 502
548 504
548 514
548 515
548 519
548 525
548 547
548 555
548 556
549 173
549 198
549 348
549 412
549 427
549 428
549 563
