550 348
551 348
551 357
551 369
551 381
551 389
551 419
551 424
551 435
551 457
551 459
551 469
551 486
551 505
551 509
551 516
551 518
551 554
552 348
552 350
552 384
552 464
553 348
553 355
553 360
553 363
553 366
553 367
553 368
553 370
553 373
553 374
553 376
553 378
553 391
553 392
553 395
553 400
553 402
553 403
553 414
553 417
553 418
553 420
553 422
553 423
553 425
553 428
553 430
553 432
553 436
553 438
553 439
553 451
553 452
553 455
553 456
553 458
553 460
553 461
553 469
553 471
553 475
553 482
553 483
553 488
553 492
553 496
553 500
553 503
553 504
553 506
553 507
553 510
553 513
553 515
553 517
553 520
553 523
553 524
553 526
553 527
553 528
553 542
553 544
553 545
553 555
553 556
553 558
553 559
553 560
553 561
553 565
553 566
553 567
553 569
553 570
553 591
553 609
553 614
553 620
553 634
553 644
553 645
553 666
553 669
553 683
554 348
554 357
554 369
554 380
554 381
554 389
554 397
554 424
554 457
554 469
554 477
554 486
554 505
554 509
554 516
554 518
554 551
554 563
555 348
555 354
555 355
555 359
555 360
555 361
555 366
555 367
555 370
555 376
555 382
555 396
555 403
555 410
555 412
555 418
555 422
555 432
555 435
555 452
555 458
555 463
555 470
555 475
555 481
555 489
555 497
555 500
555 504
555 510
555 515
555 519
555 531
555 546
555 547
555 548
555 553
555 557
556 348
556 365
556 373
556 374
556 376
556 387
556 391
556 392
556 394
556 395
556 400
556 404
556 408
556 414
556 415
556 417
556 420
556 423
556 431
556 436
556 438
556 444
556 445
556 451
556 465
556 473
556 475
556 482
556 487
556 488
556 493
556 500
556 503
556 507
556 511
556 512
556 517
556 542
556 544
556 548
556 553
556 559
556 563
556 614
556 652
556 673
556 676
556 683
557 348
557 354
557 355
557 359
557 361
557 376
557 388
557 396
557 397
557 410
557 416
557 418
557 432
557 450
557 452
557 455
557 463
557 465
557 474
557 475
557 483
557 489
557 493
557 497
557 500
557 503
557 506
557 507
557 513
557 515
557 519
557 531
557 544
557 546
557 547
557 555
557 570
558 348
558 360
558 362
558 372
558 373
558 402
558 412
558 414
558 415
558 421
558 423
558 428
558 460
558 465
558 495
558 543
558 545
558 553
558 570
558 604
559 348
559 353
559 363
559 366
559 368
559 370
559 373
559 374
559 376
559 378
559 387
559 388
559 391
559 392
559 394
559 395
559 398
559 400
559 402
559 404
559 408
559 412
559 414
559 417
559 419
559 423
559 428
559 430
559 431
559 432
559 434
559 436
559 438
559 444
559 452
559 456
559 460
559 461
559 465
559 471
559 475
559 479
559 483
559 484
559 487
559 488
559 492
559 493
559 494
559 497
559 503
559 506
559 507
559 511
559 513
559 514
559 515
559 517
559 524
559 525
559 526
559 527
559 537
559 538
559 540
559 542
559 544
559 545
559 553
559 556
559 561
559 566
559 567
559 580
559 591
559 604
559 606
559 614
559 637
559 651
559 669
559 676
559 683
560 348
560 353
560 362
560 392
560 395
560 404
560 408
560 412
560 417
560 423
560 445
560 460
560 463
560 473
560 483
560 484
560 492
560 493
560 497
560 500
560 503
560 512
560 537
560 538
560 539
560 540
560 542
560 553
560 561
560 565
561 348
561 350
561 353
561 360
561 363
561 369
561 370
561 373
561 374
561 376
561 378
561 387
561 391
561 392
561 395
561 398
561 400
561 402
561 404
561 408
561 409
561 412
561 414
561 417
561 419
561 422
561 423
561 428
561 430
561 431
561 432
561 436
561 438
561 439
561 451
561 455
561 456
561 461
561 465
561 471
561 473
561 475
561 479
561 483
561 492
561 493
561 494
561 497
561 503
561 506
561 507
561 511
561 512
561 513
561 514
561 517
561 520
561 523
561 524
561 525
561 526
561 527
561 536
561 537
561 538
561 542
561 544
561 545
561 553
561 559
561 560
561 565
561 566
561 567
561 580
561 591
561 604
561 606
561 651
561 669
561 683
562 348
562 359
562 361
562 470
562 504
563 107
563 348
563 350
563 357
563 369
563 370
563 373
563 374
563 376
563 378
563 391
563 397
563 402
563 405
563 407
563 414
563 415
563 416
563 420
563 421
563 425
563 426
563 427
563 428
563 430
563 431
563 432
563 433
563 434
563 435
563 436
563 438
563 439
563 442
563 449
563 451
563 455
563 456
563 457
563 459
563 460
563 469
563 471
563 475
563 477
563 480
563 483
563 485
563 500
563 504
563 506
563 507
563 508
563 510
563 513
563 516
563 518
563 520
563 523
563 525
563 528
563 531
563 534
563 541
563 543
563 544
563 545
563 546
563 549
563 554
563 556
563 566
563 567
563 569
563 594
563 604
563 634
563 645
563 1013
563 1070
563 1136
563 1217
563 1338
563 1574
563 1687
563 1688
563 1745
563 1777
563 1808
563 1912
563 1967
564 198
564 348
564 351
564 364
564 393
564 399
564 441
564 454
564 501
565 348
565 355
565 360
565 363
565 370
565 373
565 374
565 412
565 419
565 455
565 475
565 482
565 496
565 497
565 500
565 507
565 524
565 553
565 560
565 561
566 107
566 348
566 353
566 363
566 366
566 367
566 370
566 373
566 374
566 376
566 378
566 388
566 391
566 392
566 394
566 400
566 402
566 404
566 412
566 414
566 417
566 420
566 430
566 431
566 432
566 434
566 436
566 438
566 439
566 452
566 456
566 460
566 465
566 471
566 475
566 483
566 484
566 492
566 493
566 496
566 497
566 500
566 503
566 506
566 507
566 511
566 513
566 514
566 515
566 517
566 524
566 525
566 526
566 537
566 538
566 544
566 545
566 553
566 559
566 561
566 563
566 567
566 580
566 591
566 593
566 637
566 651
566 676
566 936
566 968
566 1128
566 1155
566 1237
566 1313
566 1320
566 1358
566 1435
566 1512
566 1536
566 1574
566 1630
566 1673
566 1692
566 1740
566 1844
567 348
567 353
567 360
567 370
567 373
567 374
567 376
567 387
567 388
567 391
567 392
567 395
567 400
567 402
567 412
567 414
567 416
567 417
567 419
567 420
567 423
567 428
567 439
567 451
567 456
567 460
567 461
567 465
567 471
567 472
567 475
567 483
567 484
567 492
567 497
567 503
567 513
567 520
567 524
567 525
567 527
567 537
567 542
567 553
567 559
567 561
567 563
567 566
567 580
567 590
567 591
567 604
567 610
567 645
567 646
567 651
567 683
567 3437
567 3454
567 3487
567 3723
567 3861
567 3961
568 348
568 361
568 372
568 396
568 405
568 410
568 418
568 455
568 522
568 531
568 539
568 541
569 348
569 374
569 412
569 416
569 420
569 430
569 432
569 451
569 455
569 465
569 471
569 514
569 537
569 553
569 563
570 348
570 360
570 362
570 372
570 374
570 376
570 387
570 396
570 397
570 402
570 417
570 421
570 422
570 425
570 428
570 432
570 439
570 444
570 460
570 463
570 465
570 495
570 497
570 504
570 507
570 514
570 520
570 523
570 531
570 543
570 544
570 545
570 553
570 557
570 558
571 348
571 432
571 504
572 348
572 437
572 467
572 532
573 414
573 575
573 579
573 588
573 589
573 592
573 597
573 598
573 603
573 605
573 609
573 611
573 617
573 618
573 619
573 622
573 623
573 625
573 626
573 630
573 633
573 636
573 644
573 653
573 654
573 664
573 666
573 672
573 677
573 680
573 684
573 685
574 395
574 414
574 579
574 584
574 596
574 616
574 621
574 630
574 631
574 663
574 678
575 414
575 573
575 579
575 589
575 592
575 612
575 617
575 630
575 654
575 664
575 680
575 685
576 414
576 578
576 583
576 600
576 615
576 627
576 640
576 643
576 650
576 658
576 659
576 661
576 675
576 681
577 414
577 578
577 582
577 583
577 595
577 599
577 600
577 615
577 627
577 632
577 635
577 640
577 643
577 647
577 650
577 658
577 659
577 661
577 662
577 670
577 675
577 681
578 414
578 576
578 577
578 582
578 583
578 595
578 599
578 600
578 615
578 627
578 632
578 635
578 640
578 643
578 647
578 650
578 658
578 659
578 661
578 662
578 665
578 670
578 675
578 681
579 414
579 422
579 573
579 574
579 575
579 588
579 589
579 590
579 592
579 597
579 598
579 603
579 605
579 609
579 611
579 612
579 616
579 617
579 619
579 620
579 621
579 622
579 623
579 625
579 626
579 630
579 633
579 636
579 639
579 644
579 653
579 654
579 663
579 664
579 666
579 677
579 680
579 684
579 685
580 107
580 353
580 363
580 366
580 373
580 376
580 378
580 391
580 400
580 412
580 414
580 434
580 436
580 465
580 475
580 483
580 484
580 492
580 496
580 500
580 513
580 514
580 515
580 517
580 538
580 542
580 544
580 559
580 561
580 566
580 567
580 591
580 601
580 606
580 637
580 641
580 656
580 930
580 931
580 936
580 976
580 1025
580 1080
580 1095
580 1113
580 1122
580 1142
580 1155
580 1179
580 1210
580 1237
580 1294
580 1300
580 1313
580 1318
580 1320
580 1332
580 1349
580 1358
580 1374
580 1427
580 1446
580 1514
580 1543
580 1565
580 1574
580 1606
580 1616
580 1645
580 1673
580 1677
580 1679
580 1692
580 1694
580 1740
580 1743
580 1744
580 1790
580 1844
580 1853
580 1870
580 1878
580 1881
580 1882
581 414
581 642
582 414
582 577
582 578
582 583
582 595
582 599
582 600
582 615
582 627
582 632
582 635
582 640
582 643
582 650
582 658
582 659
582 661
582 662
582 670
582 675
582 681
583 414
583 576
583 577
583 578
583 582
583 595
583 599
583 600
583 615
583 627
583 628
583 632
583 635
583 640
583 643
583 647
583 650
583 658
583 659
583 661
583 662
583 665
583 670
583 675
583 681
584 414
584 422
584 574
584 592
584 596
584 616
584 618
584 630
584 631
584 637
584 639
584 660
584 678
584 679
584 682
585 414
586 376
586 414
586 423
586 587
586 634
586 645
586 646
587 373
587 376
587 414
587 423
587 586
587 591
587 634
587 645
587 646
587 651
588 414
588 573
588 579
588 592
588 617
588 618
588 619
588 633
588 644
588 653
588 654
588 678
588 682
588 685
589 414
589 573
589 575
589 579
589 592
589 596
589 597
589 603
589 605
589 609
589 611
589 617
589 620
589 622
589 623
589 625
589 636
589 654
589 664
589 677
589 684
590 373
590 414
590 461
590 524
590 567
590 579
590 591
590 609
590 612
590 617
590 623
590 633
590 644
590 680
591 363
591 370
591 373
591 374
591 376
591 378
591 391
591 395
591 400
591 412
591 414
591 423
591 428
591 434
591 436
591 438
591 461
591 465
591 475
591 483
591 492
591 496
591 500
591 506
591 513
591 515
591 524
591 542
591 553
591 559
591 561
591 566
591 567
591 580
591 587
591 590
591 604
591 606
591 634
591 637
591 641
591 645
591 646
591 651
591 669
591 683
592 414
592 422
592 573
592 575
592 579
592 584
592 588
592 589
592 597
592 598
592 603
592 605
592 609
592 611
592 612
592 616
592 617
592 618
592 619
592 620
592 621
592 622
592 623
592 625
592 626
592 630
592 633
592 636
592 644
592 653
592 654
592 655
592 664
592 666
592 672
592 677
592 678
592 680
592 682
592 684
592 685
593 412
593 414
593 422
593 480
593 566
594 414
594 428
594 563
594 667
594 3980
594 3989
594 4011
594 4031
595 414
595 577
595 578
595 582
595 583
595 600
595 615
595 627
595 635
595 640
595 643
595 650
595 658
595 659
595 661
595 662
595 670
595 675
595 681
596 107
596 414
596 420
596 422
596 438
596 483
596 574
596 584
596 589
596 604
596 609
596 616
596 618
596 620
596 630
596 639
596 653
596 655
596 663
596 677
596 678
596 917
596 1019
596 1022
596 1032
596 1086
596 1103
596 1129
596 1148
596 1215
596 1229
596 1233
596 1235
596 1311
596 1322
596 1345
596 1412
596 1515
596 1576
596 1650
596 1680
596 1688
596 1720
596 1828
596 1859
596 1872
597 414
597 422
597 573
597 579
597 589
597 592
597 603
597 609
597 611
597 618
597 619
597 623
597 625
597 630
597 633
597 636
597 644
597 653
597 654
597 677
597 680
597 684
598 414
598 573
598 579
598 592
598 605
598 609
598 618
598 619
598 625
598 630
598 636
598 653
598 654
598 677
598 680
598 684
599 414
599 577
599 578
599 582
599 583
599 600
599 615
599 627
599 628
599 632
599 635
599 640
599 643
599 647
599 650
599 658
599 659
599 661
599 662
599 665
599 670
599 675
599 681
