600 414
600 576
600 577
600 578
600 582
600 583
600 595
600 599
600 615
600 627
600 628
600 632
600 635
600 640
600 643
600 650
600 658
600 659
600 661
600 662
600 665
600 670
600 675
600 681
601 107
601 353
601 394
601 395
601 400
601 414
601 422
601 428
601 465
601 483
601 500
601 513
601 517
601 580
601 609
601 629
601 630
601 637
601 644
601 976
601 1122
601 1349
601 1512
601 1645
601 1679
602 414
603 414
603 573
603 579
603 589
603 592
603 597
603 605
603 609
603 611
603 612
603 619
603 623
603 625
603 644
603 654
603 677
603 680
603 684
604 370
604 373
604 376
604 378
604 395
604 412
604 414
604 422
604 423
604 428
604 434
604 436
604 438
604 465
604 475
604 483
604 492
604 500
604 506
604 513
604 544
604 558
604 559
604 561
604 563
604 567
604 591
604 596
604 606
604 637
604 645
604 651
604 669
604 671
604 676
605 414
605 573
605 579
605 589
605 592
605 598
605 603
605 609
605 617
605 619
605 626
605 630
605 644
605 653
605 654
605 677
605 678
605 680
606 107
606 353
606 363
606 366
606 373
606 376
606 400
606 414
606 423
606 428
606 431
606 436
606 438
606 461
606 475
606 483
606 484
606 492
606 506
606 513
606 517
606 524
606 526
606 538
606 542
606 559
606 561
606 580
606 591
606 604
606 614
606 641
606 645
606 669
606 905
606 915
606 917
606 936
606 963
606 968
606 1001
606 1012
606 1052
606 1070
606 1086
606 1110
606 1113
606 1122
606 1179
606 1183
606 1210
606 1300
606 1313
606 1314
606 1318
606 1320
606 1334
606 1349
606 1357
606 1358
606 1371
606 1374
606 1436
606 1444
606 1487
606 1490
606 1512
606 1514
606 1536
606 1548
606 1565
606 1574
606 1606
606 1616
606 1620
606 1645
606 1671
606 1673
606 1674
606 1677
606 1692
606 1699
606 1727
606 1738
606 1744
606 1766
606 1767
606 1778
606 1876
606 1882
606 1897
607 414
608 414
609 412
609 414
609 422
609 428
609 553
609 573
609 579
609 589
609 590
609 592
609 596
609 597
609 598
609 601
609 603
609 605
609 612
609 617
609 619
609 620
609 623
609 626
609 630
609 636
609 644
609 653
609 654
609 664
609 666
609 680
610 376
610 414
610 506
610 513
610 567
611 414
611 573
611 579
611 589
611 592
611 597
611 603
611 618
611 625
611 636
611 653
611 654
611 664
611 677
611 680
611 684
612 414
612 575
612 579
612 590
612 592
612 603
612 609
612 617
612 619
612 630
612 636
612 654
612 664
612 678
612 680
613 414
614 373
614 374
614 376
614 378
614 391
614 394
614 395
614 400
614 412
614 414
614 422
614 423
614 428
614 431
614 438
614 465
614 483
614 492
614 500
614 513
614 514
614 515
614 524
614 553
614 556
614 559
614 606
614 637
614 645
614 669
614 676
614 683
615 414
615 576
615 577
615 578
615 582
615 583
615 595
615 599
615 600
615 627
615 628
615 632
615 635
615 640
615 643
615 647
615 658
615 659
615 661
615 662
615 665
615 670
615 675
615 681
616 414
616 574
616 579
616 584
616 592
616 596
616 618
616 621
616 622
616 623
616 625
616 630
616 631
616 639
616 657
616 660
616 663
616 678
616 684
617 414
617 422
617 573
617 575
617 579
617 588
617 589
617 590
617 592
617 605
617 609
617 612
617 619
617 620
617 625
617 626
617 630
617 644
617 648
617 654
617 664
617 666
617 677
617 680
617 685
618 414
618 422
618 573
618 584
618 588
618 592
618 596
618 597
618 598
618 611
618 616
618 619
618 630
618 631
618 633
618 636
618 653
618 666
618 678
618 679
618 680
618 682
618 684
618 685
619 414
619 422
619 573
619 579
619 588
619 592
619 597
619 598
619 603
619 605
619 609
619 612
619 617
619 618
619 623
619 625
619 630
619 633
619 636
619 644
619 653
619 654
619 677
619 678
619 684
619 685
620 394
620 395
620 414
620 422
620 515
620 553
620 579
620 589
620 592
620 596
620 609
620 617
620 630
620 636
620 644
620 653
620 654
620 666
620 672
620 678
621 414
621 574
621 579
621 592
621 616
621 622
621 663
622 414
622 573
622 579
622 589
622 592
622 616
622 621
622 623
622 625
622 639
622 663
622 678
622 684
623 414
623 573
623 579
623 589
623 590
623 592
623 597
623 603
623 609
623 616
623 619
623 622
623 625
623 636
623 654
623 677
623 684
624 414
625 414
625 573
625 579
625 589
625 592
625 597
625 598
625 603
625 611
625 616
625 617
625 619
625 622
625 623
625 630
625 633
625 644
625 653
625 654
625 677
625 684
626 414
626 573
626 579
626 592
626 605
626 609
626 617
626 630
626 644
626 654
626 657
626 664
626 677
626 680
627 414
627 576
627 577
627 578
627 582
627 583
627 595
627 599
627 600
627 615
627 632
627 635
627 640
627 643
627 647
627 650
627 658
627 659
627 661
627 662
627 665
627 670
627 675
627 681
628 414
628 583
628 599
628 600
628 615
628 632
628 643
628 647
628 661
628 662
628 665
628 681
629 107
629 414
629 601
629 630
629 637
629 641
629 1223
629 1400
629 1679
629 1850
629 1893
630 395
630 414
630 422
630 573
630 574
630 575
630 579
630 584
630 592
630 596
630 597
630 598
630 601
630 605
630 609
630 612
630 616
630 617
630 618
630 619
630 620
630 625
630 626
630 629
630 631
630 636
630 641
630 644
630 653
630 655
630 657
630 663
630 664
630 666
630 672
630 678
630 682
630 684
630 685
631 414
631 422
631 574
631 584
631 616
631 618
631 630
631 639
631 678
631 679
631 682
632 414
632 577
632 578
632 582
632 583
632 599
632 600
632 615
632 627
632 628
632 635
632 640
632 643
632 647
632 650
632 658
632 659
632 661
632 662
632 665
632 670
632 675
633 414
633 573
633 579
633 588
633 590
633 592
633 597
633 618
633 619
633 625
633 636
633 644
633 653
633 666
633 680
634 373
634 376
634 414
634 423
634 436
634 438
634 513
634 553
634 563
634 586
634 587
634 591
634 645
634 646
634 647
634 651
635 414
635 436
635 577
635 578
635 582
635 583
635 595
635 599
635 600
635 615
635 627
635 632
635 640
635 643
635 650
635 658
635 659
635 661
635 662
635 670
635 675
635 681
636 414
636 422
636 573
636 579
636 589
636 592
636 597
636 598
636 609
636 611
636 612
636 618
636 619
636 620
636 623
636 630
636 633
636 644
636 653
636 666
636 677
636 678
636 680
636 684
636 685
637 107
637 353
637 363
637 366
637 373
637 376
637 378
637 391
637 395
637 400
637 414
637 423
637 436
637 483
637 484
637 492
637 496
637 500
637 513
637 515
637 517
637 524
637 526
637 538
637 559
637 566
637 580
637 584
637 591
637 601
637 604
637 614
637 629
637 639
637 641
637 645
637 669
637 678
637 679
637 896
637 936
637 957
637 968
637 1001
637 1012
637 1018
637 1025
637 1060
637 1067
637 1080
637 1086
637 1104
637 1113
637 1128
637 1142
637 1143
637 1148
637 1155
637 1179
637 1189
637 1192
637 1204
637 1277
637 1300
637 1313
637 1318
637 1320
637 1324
637 1332
637 1358
637 1374
637 1423
637 1427
637 1429
637 1436
637 1448
637 1464
637 1473
637 1475
637 1479
637 1487
637 1512
637 1526
637 1536
637 1543
637 1545
637 1573
637 1574
637 1578
637 1584
637 1595
637 1606
637 1616
637 1628
637 1645
637 1647
637 1671
637 1673
637 1677
637 1679
637 1692
637 1694
637 1716
637 1720
637 1744
637 1766
637 1778
637 1790
637 1808
637 1830
637 1853
637 1871
637 1882
637 1897
637 1901
638 414
639 414
639 483
639 579
639 584
639 596
639 616
639 622
639 631
639 637
639 678
639 682
640 414
640 576
640 577
640 578
640 582
640 583
640 595
640 599
640 600
640 615
640 627
640 632
640 635
640 643
640 647
640 650
640 658
640 659
640 661
640 662
640 670
640 675
640 681
641 107
641 353
641 373
641 378
641 400
641 414
641 428
641 475
641 483
641 492
641 496
641 513
641 515
641 580
641 591
641 606
641 629
641 630
641 637
641 651
641 915
641 930
641 962
641 1060
641 1070
641 1086
641 1113
641 1114
641 1122
641 1179
641 1210
641 1231
641 1235
641 1237
641 1273
641 1300
641 1313
641 1318
641 1320
641 1332
641 1358
641 1374
641 1400
641 1425
641 1436
641 1446
641 1448
641 1459
641 1475
641 1549
641 1565
641 1573
641 1574
641 1606
641 1616
641 1625
641 1671
641 1744
641 1763
641 1766
641 1767
641 1778
641 1830
641 1844
641 1881
641 1882
642 414
642 581
643 414
643 576
643 577
643 578
643 582
643 583
643 595
643 599
643 600
643 615
643 627
643 628
643 632
643 635
643 640
643 650
643 658
643 659
643 661
643 662
643 665
643 670
643 675
643 681
644 414
644 422
644 553
644 573
644 579
644 588
644 590
644 592
644 597
644 601
644 603
644 605
644 609
644 617
644 619
644 620
644 625
644 626
644 630
644 633
644 636
644 654
644 664
644 666
644 680
645 370
645 373
645 376
645 395
645 412
645 414
645 423
645 438
645 461
645 500
645 506
645 513
645 544
645 553
645 563
645 567
645 586
645 587
645 591
645 604
645 606
645 614
645 634
645 637
645 646
645 651
645 669
645 671
645 683
646 370
646 376
646 414
646 423
646 436
646 513
646 567
646 586
646 587
646 591
646 634
646 645
646 651
647 414
647 577
647 578
647 583
647 599
647 615
647 627
647 628
647 632
647 634
647 640
647 650
647 658
647 659
647 662
647 665
647 670
647 675
647 681
648 414
648 617
649 107
649 173
649 414
649 1023
649 1694
