650 414
650 576
650 577
650 578
650 582
650 583
650 595
650 599
650 600
650 627
650 632
650 635
650 640
650 643
650 647
650 658
650 659
650 661
650 662
650 665
650 670
650 681
651 107
651 353
651 363
651 366
651 373
651 376
651 378
651 400
651 414
651 423
651 428
651 431
651 436
651 438
651 475
651 483
651 484
651 492
651 500
651 513
651 517
651 524
651 526
651 538
651 559
651 561
651 566
651 567
651 587
651 591
651 604
651 634
651 641
651 645
651 646
651 683
651 905
651 936
651 1001
651 1011
651 1012
651 1080
651 1113
651 1122
651 1169
651 1179
651 1223
651 1318
651 1320
651 1357
651 1358
651 1374
651 1408
651 1428
651 1473
651 1487
651 1512
651 1526
651 1536
651 1545
651 1565
651 1574
651 1606
651 1645
651 1673
651 1679
651 1692
651 1709
651 1744
651 1763
651 1767
651 1778
651 1882
652 376
652 414
652 436
652 556
653 414
653 422
653 461
653 573
653 579
653 588
653 592
653 596
653 597
653 598
653 605
653 609
653 611
653 618
653 619
653 620
653 625
653 630
653 633
653 636
653 654
653 664
653 666
653 672
653 677
653 678
653 680
653 685
654 414
654 422
654 515
654 573
654 575
654 579
654 588
654 589
654 592
654 597
654 598
654 603
654 605
654 609
654 611
654 612
654 617
654 619
654 620
654 623
654 625
654 626
654 644
654 653
654 664
654 666
654 672
654 677
654 678
654 680
654 683
654 684
654 685
655 414
655 422
655 592
655 596
655 630
655 657
656 363
656 414
656 580
657 414
657 422
657 616
657 626
657 630
657 655
657 682
658 414
658 576
658 577
658 578
658 582
658 583
658 595
658 599
658 600
658 615
658 627
658 632
658 635
658 640
658 643
658 647
658 650
658 659
658 661
658 662
658 665
658 670
658 675
658 681
659 414
659 576
659 577
659 578
659 582
659 583
659 595
659 599
659 600
659 615
659 627
659 632
659 635
659 640
659 643
659 647
659 650
659 658
659 661
659 662
659 665
659 670
659 675
659 681
660 414
660 584
660 616
661 414
661 576
661 577
661 578
661 582
661 583
661 595
661 599
661 600
661 615
661 627
661 628
661 632
661 635
661 640
661 643
661 650
661 658
661 659
661 662
661 665
661 670
661 675
661 681
662 414
662 577
662 578
662 582
662 583
662 595
662 599
662 600
662 615
662 627
662 628
662 632
662 635
662 640
662 643
662 647
662 650
662 658
662 659
662 661
662 665
662 670
662 675
662 681
663 414
663 422
663 574
663 579
663 596
663 616
663 621
663 622
663 630
664 414
664 573
664 575
664 579
664 589
664 592
664 609
664 611
664 612
664 617
664 626
664 630
664 644
664 653
664 654
664 666
664 685
665 414
665 578
665 583
665 599
665 600
665 615
665 627
665 628
665 632
665 643
665 647
665 650
665 658
665 659
665 661
665 662
665 670
665 675
666 370
666 414
666 553
666 573
666 579
666 592
666 609
666 617
666 618
666 620
666 630
666 633
666 636
666 644
666 653
666 654
666 664
666 680
667 414
667 428
667 594
668 414
669 363
669 370
669 373
669 374
669 376
669 378
669 391
669 395
669 400
669 412
669 414
669 423
669 428
669 431
669 436
669 438
669 461
669 465
669 483
669 492
669 496
669 513
669 514
669 544
669 553
669 559
669 561
669 591
669 604
669 606
669 614
669 637
669 645
669 671
670 414
670 577
670 578
670 582
670 583
670 595
670 599
670 600
670 615
670 627
670 632
670 635
670 640
670 643
670 647
670 650
670 658
670 659
670 661
670 662
670 665
670 675
670 681
671 414
671 483
671 604
671 645
671 669
672 414
672 573
672 592
672 620
672 630
672 653
672 654
672 678
673 376
673 414
673 436
673 556
674 414
675 414
675 576
675 577
675 578
675 582
675 583
675 595
675 599
675 600
675 615
675 627
675 632
675 635
675 640
675 643
675 647
675 658
675 659
675 661
675 662
675 665
675 670
675 681
676 376
676 378
676 394
676 400
676 412
676 414
676 428
676 438
676 465
676 475
676 492
676 544
676 556
676 559
676 566
676 604
676 614
676 683
677 414
677 573
677 579
677 589
677 592
677 596
677 597
677 598
677 603
677 605
677 611
677 617
677 619
677 623
677 625
677 626
677 636
677 653
677 654
677 680
677 682
677 684
678 395
678 414
678 422
678 574
678 584
678 588
678 592
678 596
678 605
678 612
678 616
678 618
678 619
678 620
678 622
678 630
678 631
678 636
678 637
678 639
678 653
678 654
678 672
678 679
678 682
678 685
679 414
679 584
679 618
679 631
679 637
679 678
679 682
680 373
680 414
680 422
680 573
680 575
680 579
680 590
680 592
680 597
680 598
680 603
680 605
680 609
680 611
680 612
680 617
680 618
680 626
680 633
680 636
680 644
680 653
680 654
680 666
680 677
680 684
680 685
681 414
681 576
681 577
681 578
681 582
681 583
681 595
681 599
681 600
681 615
681 627
681 628
681 635
681 640
681 643
681 647
681 650
681 658
681 659
681 661
681 662
681 670
681 675
682 414
682 422
682 584
682 588
682 592
682 618
682 630
682 631
682 639
682 657
682 677
682 678
682 679
683 370
683 373
683 374
683 376
683 394
683 395
683 400
683 412
683 414
683 423
683 428
683 431
683 436
683 438
683 461
683 465
683 500
683 513
683 514
683 524
683 542
683 544
683 553
683 556
683 559
683 561
683 567
683 591
683 614
683 645
683 651
683 654
683 676
684 414
684 573
684 579
684 589
684 592
684 597
684 598
684 603
684 611
684 616
684 618
684 619
684 622
684 623
684 625
684 630
684 636
684 654
684 677
684 680
685 414
685 422
685 573
685 575
685 579
685 588
685 592
685 617
685 618
685 619
685 630
685 636
685 653
685 654
685 664
685 678
685 680
686 687
686 688
686 689
686 690
686 691
686 692
686 693
686 694
686 695
686 696
686 697
686 698
686 699
686 700
686 701
686 702
686 703
686 704
686 705
686 706
686 707
686 708
686 709
686 710
686 711
686 712
686 713
686 714
686 715
686 716
686 717
686 718
686 719
686 720
686 721
686 722
686 723
686 724
686 725
686 726
686 727
686 728
686 729
686 730
686 731
686 732
686 733
686 734
686 735
686 736
686 737
686 738
686 739
686 740
686 741
686 742
686 743
686 744
686 745
686 746
686 747
686 748
686 749
686 750
686 751
686 752
686 753
686 754
686 755
686 756
686 757
686 758
686 759
686 760
686 761
686 762
686 763
686 764
686 765
686 766
686 767
686 768
686 769
686 770
686 771
686 772
686 773
686 774
686 775
686 776
686 777
686 778
686 779
686 780
686 781
686 782
686 783
686 784
686 785
686 786
686 787
686 788
686 789
686 790
686 791
686 792
686 793
686 794
686 795
686 796
686 797
686 798
686 799
686 800
686 801
686 802
686 803
686 804
686 805
686 806
686 807
686 808
686 809
686 810
686 811
686 812
686 813
686 814
686 815
686 816
686 817
686 818
686 819
686 820
686 821
686 822
686 823
686 824
686 825
686 826
686 827
686 828
686 829
686 830
686 831
686 832
686 833
686 834
686 835
686 836
686 837
686 838
686 839
686 840
686 841
686 842
686 843
686 844
686 845
686 846
686 847
686 848
686 849
686 850
686 851
686 852
686 853
686 854
686 855
686 856
687 686
687 688
687 697
687 703
687 718
687 728
687 730
687 739
687 747
687 759
687 764
687 765
687 774
687 777
687 779
687 780
687 783
687 797
687 805
687 807
687 817
687 819
687 820
687 823
687 828
687 830
687 838
687 856
688 686
688 687
688 694
688 695
688 696
688 697
688 701
688 713
688 719
688 723
688 724
688 726
688 727
688 734
688 739
688 740
688 747
688 751
688 752
688 754
688 756
688 766
688 770
688 771
688 772
688 774
688 777
688 780
688 792
688 800
688 805
688 815
688 819
688 821
688 823
688 824
688 828
688 830
688 834
688 840
688 845
688 847
688 849
688 853
688 856
689 686
689 702
689 712
689 714
689 732
689 771
689 789
689 839
690 686
690 694
690 713
690 731
690 773
690 784
690 820
690 831
690 853
691 686
691 746
691 771
691 782
691 822
691 833
692 686
693 686
693 695
693 697
693 705
693 713
693 726
693 734
693 778
693 823
693 824
693 828
693 834
693 837
693 844
694 686
694 688
694 690
694 695
694 696
694 697
694 703
694 705
694 706
694 710
694 711
694 713
694 719
694 722
694 724
694 726
694 727
694 731
694 737
694 738
694 745
694 752
694 754
694 756
694 760
694 766
694 772
694 773
694 774
694 780
694 781
694 784
694 795
694 798
694 800
694 805
694 810
694 812
694 815
694 820
694 821
694 823
694 824
694 827
694 828
694 829
694 830
694 831
694 834
694 842
694 845
694 847
694 848
694 853
695 686
695 688
695 693
695 694
695 696
695 697
695 700
695 701
695 706
695 711
695 713
695 718
695 719
695 724
695 726
695 734
695 738
695 745
695 751
695 752
695 754
695 760
695 766
695 777
695 778
695 780
695 781
695 784
695 794
695 805
695 810
695 815
695 824
695 829
695 830
695 834
695 840
695 842
695 844
695 847
695 853
696 686
696 688
696 694
696 695
696 697
696 711
696 713
696 719
696 724
696 727
696 738
696 739
696 745
696 747
696 773
696 774
696 778
696 780
696 784
696 795
696 805
696 823
696 824
696 828
696 829
696 830
696 834
696 840
696 842
696 845
696 853
697 686
697 687
697 688
697 693
697 694
697 695
697 696
697 698
697 701
697 705
697 708
697 709
697 713
697 719
697 721
697 724
697 726
697 727
697 731
697 745
697 747
697 748
697 753
697 754
697 760
697 765
697 766
697 769
697 772
697 777
697 780
697 781
697 800
697 805
697 815
697 818
697 819
697 820
697 823
697 824
697 827
697 828
697 830
697 834
697 835
697 840
697 842
697 844
697 848
697 849
697 856
697 890
698 686
698 697
698 703
698 708
698 713
698 719
698 729
698 745
698 747
698 753
698 769
698 772
698 774
698 776
698 798
698 800
698 803
698 804
698 805
698 810
698 811
698 819
698 823
698 825
698 828
698 830
698 840
698 856
698 857
698 858
698 859
698 860
698 861
698 862
698 863
698 864
698 865
698 866
698 867
698 868
698 869
698 870
698 871
698 872
698 873
698 874
698 875
698 876
698 877
698 878
698 879
698 880
698 881
698 882
698 883
698 884
698 885
698 886
698 887
698 888
698 889
698 890
698 891
698 892
698 893
698 894
698 895
698 3437
699 686
699 833
