700 686
700 695
700 745
700 784
700 794
700 795
700 815
701 686
701 688
701 695
701 697
701 713
701 724
701 726
701 747
701 754
701 760
701 774
701 777
701 778
701 780
701 781
701 794
701 821
701 830
701 834
701 842
701 845
702 686
702 689
702 714
702 725
702 732
702 789
702 822
702 839
703 686
703 687
703 694
703 698
703 705
703 709
703 718
703 719
703 728
703 730
703 739
703 741
703 747
703 748
703 754
703 758
703 759
703 764
703 765
703 779
703 781
703 787
703 792
703 793
703 797
703 805
703 807
703 809
703 815
703 817
703 819
703 820
703 823
703 824
703 827
703 828
703 831
703 835
703 838
703 843
703 845
703 856
703 880
704 686
704 770
704 777
704 799
704 848
705 686
705 693
705 694
705 697
705 703
705 706
705 713
705 715
705 718
705 719
705 720
705 722
705 724
705 726
705 728
705 731
705 737
705 738
705 739
705 741
705 745
705 747
705 748
705 752
705 754
705 755
705 758
705 759
705 760
705 761
705 762
705 763
705 764
705 770
705 772
705 773
705 778
705 780
705 781
705 784
705 787
705 799
705 800
705 803
705 805
705 807
705 808
705 809
705 810
705 814
705 819
705 820
705 823
705 824
705 827
705 828
705 829
705 830
705 831
705 834
705 835
705 836
705 842
705 843
705 844
705 845
705 847
705 849
705 853
706 686
706 694
706 695
706 705
706 713
706 719
706 731
706 745
706 752
706 773
706 784
706 805
706 810
706 815
706 828
706 834
706 847
706 853
707 686
707 712
707 714
707 736
707 742
707 746
707 767
707 768
707 816
707 833
708 686
708 697
708 698
708 713
708 719
708 724
708 730
708 747
708 753
708 755
708 760
708 769
708 774
708 781
708 797
708 800
708 811
708 814
708 819
708 823
708 824
708 827
708 828
708 830
708 840
708 849
708 856
708 869
708 890
709 686
709 697
709 703
709 739
709 754
709 777
709 805
709 819
709 823
709 824
709 828
709 830
709 835
709 838
709 840
709 843
709 848
710 686
710 694
710 711
710 803
710 805
710 810
710 847
710 853
711 686
711 694
711 695
711 696
711 710
711 722
711 724
711 727
711 738
711 745
711 752
711 766
711 784
711 795
711 810
711 828
711 829
711 842
711 847
711 853
712 686
712 689
712 707
712 714
712 736
712 742
712 767
712 768
712 782
712 789
712 816
712 822
712 839
713 686
713 688
713 690
713 693
713 694
713 695
713 696
713 697
713 698
713 701
713 705
713 706
713 708
713 719
713 721
713 722
713 724
713 726
713 731
713 734
713 736
713 738
713 742
713 745
713 746
713 747
713 748
713 751
713 752
713 760
713 762
713 766
713 772
713 773
713 774
713 777
713 778
713 780
713 781
713 782
713 784
713 787
713 794
713 800
713 805
713 810
713 813
713 814
713 815
713 816
713 817
713 818
713 819
713 823
713 824
713 827
713 828
713 829
713 830
713 831
713 833
713 834
713 840
713 842
713 844
713 845
713 847
713 848
713 850
713 851
713 853
714 686
714 689
714 702
714 707
714 712
714 725
714 732
714 767
714 771
714 789
714 806
714 818
714 822
714 839
715 686
715 705
715 738
715 745
715 781
715 805
715 814
715 827
715 834
715 842
716 686
716 718
716 728
716 741
716 747
716 763
716 770
716 795
716 797
716 799
716 820
716 849
717 686
717 798
717 852
717 855
718 686
718 687
718 695
718 703
718 705
718 716
718 719
718 720
718 730
718 745
718 747
718 748
718 758
718 762
718 764
718 770
718 781
718 787
718 793
718 797
718 803
718 805
718 809
718 814
718 815
718 817
718 823
718 827
718 828
718 834
719 686
719 688
719 694
719 695
719 696
719 697
719 698
719 703
719 705
719 706
719 708
719 713
719 718
719 720
719 722
719 724
719 726
719 727
719 728
719 731
719 733
719 734
719 737
719 745
719 747
719 752
719 755
719 756
719 759
719 760
719 762
719 764
719 766
719 768
719 772
719 773
719 774
719 781
719 784
719 787
719 794
719 799
719 800
719 805
719 810
719 814
719 815
719 817
719 819
719 820
719 823
719 824
719 827
719 828
719 829
719 830
719 834
719 840
719 842
719 845
719 847
719 848
719 849
719 853
720 686
720 705
720 718
720 719
720 730
720 739
720 745
720 755
720 764
720 774
720 781
720 787
720 790
720 793
720 803
720 808
720 809
720 832
721 686
721 697
721 713
721 736
721 848
722 686
722 694
722 705
722 711
722 713
722 719
722 737
722 738
722 745
722 768
722 784
722 820
722 829
722 853
723 686
723 688
723 727
723 734
723 745
723 766
723 770
723 824
723 826
723 828
723 830
723 849
724 686
724 688
724 694
724 695
724 696
724 697
724 701
724 705
724 708
724 711
724 713
724 719
724 726
724 731
724 734
724 736
724 738
724 742
724 745
724 752
724 754
724 760
724 766
724 773
724 777
724 778
724 781
724 784
724 786
724 794
724 795
724 805
724 814
724 819
724 820
724 821
724 823
724 824
724 826
724 827
724 828
724 829
724 830
724 834
724 842
724 848
724 853
725 686
725 702
725 714
725 732
725 771
725 806
725 818
725 839
726 686
726 688
726 693
726 694
726 695
726 697
726 701
726 705
726 713
726 719
726 724
726 731
726 745
726 751
726 752
726 754
726 760
726 766
726 773
726 778
726 780
726 781
726 784
726 805
726 812
726 815
726 820
726 821
726 823
726 824
726 828
726 830
726 834
726 844
726 845
726 853
727 686
727 688
727 694
727 696
727 697
727 711
727 719
727 723
727 752
727 756
727 766
727 770
727 784
727 800
727 805
727 824
727 828
727 830
727 842
727 845
727 846
727 847
727 848
727 849
727 853
727 854
728 686
728 687
728 703
728 705
728 716
728 719
728 730
728 737
728 739
728 741
728 747
728 754
728 759
728 764
728 765
728 773
728 774
728 779
728 780
728 781
728 783
728 787
728 792
728 797
728 803
728 805
728 807
728 809
728 817
728 819
728 820
728 823
728 824
728 828
728 835
728 838
728 843
728 856
729 686
729 698
729 753
729 804
729 856
729 861
729 863
729 876
729 878
729 882
729 886
729 888
729 889
730 686
730 687
730 703
730 708
730 718
730 720
730 728
730 747
730 763
730 764
730 783
730 787
730 797
730 803
730 849
731 686
731 690
731 694
731 697
731 705
731 706
731 713
731 719
731 724
731 726
731 745
731 752
731 766
731 773
731 774
731 781
731 784
731 805
731 810
731 815
731 827
731 828
731 830
731 834
731 847
731 853
732 686
732 689
732 702
732 714
732 725
732 771
732 788
732 789
732 791
732 802
732 806
732 818
732 822
732 839
733 686
733 719
733 768
733 782
733 786
733 795
733 829
733 839
734 686
734 688
734 693
734 695
734 713
734 719
734 723
734 724
734 756
734 760
734 766
734 770
734 778
734 784
734 785
734 803
734 805
734 829
734 842
734 846
734 847
734 849
734 853
735 686
735 769
735 800
735 819
735 856
736 686
736 707
736 712
736 713
736 721
736 724
736 742
736 746
736 782
736 788
736 816
736 818
736 833
736 850
737 686
737 694
737 705
737 719
737 722
737 728
737 745
737 773
737 805
737 815
737 820
737 824
737 828
737 830
737 837
737 843
738 686
738 694
738 695
738 696
738 705
738 711
738 713
738 715
738 722
738 724
738 745
738 751
738 752
738 760
738 774
738 781
738 784
738 794
738 795
738 805
738 813
738 826
738 829
738 842
738 853
739 686
739 687
739 688
739 696
739 703
739 705
739 709
739 720
739 728
739 740
739 747
739 754
739 757
739 758
739 764
739 774
739 777
739 780
739 787
739 792
739 793
739 797
739 805
739 807
739 819
739 823
739 824
739 828
739 840
740 686
740 688
740 739
740 748
740 770
740 817
740 831
740 841
741 686
741 703
741 705
741 716
741 728
741 747
741 763
741 770
741 781
741 800
741 807
741 820
741 823
741 827
741 828
741 835
741 836
742 686
742 707
742 712
742 713
742 724
742 736
742 746
742 759
742 768
742 786
742 789
742 829
743 686
743 782
743 833
744 686
744 848
745 686
745 694
745 695
745 696
745 697
745 698
745 700
745 705
745 706
745 711
745 713
745 715
745 718
745 719
745 720
745 722
745 723
745 724
745 726
745 731
745 737
745 738
745 747
745 751
745 752
745 755
745 758
745 760
745 762
745 773
745 774
745 781
745 784
745 787
745 790
745 794
745 795
745 799
745 800
745 805
745 810
745 813
745 814
745 815
745 817
745 820
745 823
745 824
745 827
745 828
745 829
745 830
745 834
745 842
745 845
745 847
745 853
746 686
746 691
746 707
746 713
746 736
746 742
746 782
746 816
746 833
747 686
747 687
747 688
747 696
747 697
747 698
747 701
747 703
747 705
747 708
747 713
747 716
747 718
747 719
747 728
747 730
747 739
747 741
747 745
747 748
747 752
747 753
747 754
747 758
747 763
747 764
747 765
747 769
747 770
747 773
747 774
747 780
747 783
747 792
747 793
747 797
747 800
747 803
747 804
747 805
747 807
747 809
747 810
747 815
747 819
747 820
747 823
747 828
747 830
747 831
747 837
747 838
747 840
747 848
747 849
747 856
747 880
748 686
748 697
748 703
748 705
748 713
748 718
748 740
748 747
748 758
748 764
748 770
748 779
748 787
748 793
748 797
748 817
748 830
748 831
748 849
749 686
749 757
