750 686
750 770
751 686
751 688
751 695
751 713
751 726
751 738
751 745
751 784
751 795
751 828
751 830
751 842
752 686
752 688
752 694
752 695
752 705
752 706
752 711
752 713
752 719
752 724
752 726
752 727
752 731
752 738
752 745
752 747
752 759
752 766
752 773
752 774
752 781
752 784
752 800
752 805
752 810
752 815
752 820
752 823
752 824
752 827
752 828
752 829
752 830
752 831
752 834
752 842
752 847
752 853
753 686
753 697
753 698
753 708
753 729
753 747
753 769
753 819
753 823
753 856
753 861
753 889
753 890
754 686
754 688
754 694
754 695
754 697
754 701
754 703
754 705
754 709
754 724
754 726
754 728
754 739
754 747
754 773
754 777
754 779
754 780
754 792
754 805
754 815
754 821
754 823
754 824
754 828
754 830
754 835
754 838
754 840
754 848
755 686
755 705
755 708
755 719
755 720
755 745
755 758
755 781
755 783
755 787
755 793
755 797
755 808
755 809
755 814
755 827
755 836
755 845
755 849
756 686
756 688
756 694
756 719
756 727
756 734
756 805
756 826
756 827
756 847
757 686
757 739
757 749
757 775
758 686
758 703
758 705
758 718
758 739
758 745
758 747
758 748
758 755
758 781
758 783
758 787
758 793
758 808
758 809
758 814
758 817
758 827
758 836
758 849
759 686
759 687
759 703
759 705
759 719
759 728
759 742
759 752
759 766
759 828
760 686
760 694
760 695
760 697
760 701
760 705
760 708
760 713
760 719
760 724
760 726
760 734
760 738
760 745
760 766
760 781
760 784
760 794
760 800
760 805
760 814
760 820
760 823
760 824
760 827
760 828
760 829
760 830
760 834
760 842
761 686
761 705
761 772
761 800
761 805
761 827
761 842
761 848
762 686
762 705
762 713
762 718
762 719
762 745
762 781
762 799
762 805
762 810
762 814
762 827
762 842
763 686
763 705
763 716
763 730
763 741
763 747
763 770
763 787
763 797
763 803
763 804
763 820
763 836
763 849
764 686
764 687
764 703
764 705
764 718
764 719
764 720
764 728
764 730
764 739
764 747
764 748
764 779
764 781
764 783
764 787
764 793
764 797
764 805
764 807
764 809
764 817
764 823
764 824
764 827
764 828
764 838
764 843
765 686
765 687
765 697
765 703
765 728
765 747
765 779
765 780
765 792
765 807
765 823
765 835
765 843
765 856
766 686
766 688
766 694
766 695
766 697
766 711
766 713
766 719
766 723
766 724
766 726
766 727
766 731
766 734
766 752
766 759
766 760
766 771
766 780
766 784
766 800
766 805
766 810
766 815
766 820
766 823
766 824
766 826
766 827
766 828
766 830
766 834
766 847
766 849
766 853
767 686
767 707
767 712
767 714
767 768
767 796
767 822
767 839
768 686
768 707
768 712
768 719
768 722
768 733
768 742
768 767
768 786
768 789
768 816
768 822
768 833
768 839
769 686
769 697
769 698
769 708
769 735
769 747
769 753
769 774
769 798
769 800
769 811
769 828
769 856
769 869
769 890
770 686
770 688
770 704
770 705
770 716
770 718
770 723
770 727
770 734
770 740
770 741
770 747
770 748
770 750
770 763
770 772
770 777
770 781
770 783
770 797
770 799
770 803
770 820
770 824
770 828
770 845
770 849
771 686
771 688
771 689
771 691
771 714
771 725
771 732
771 766
771 789
771 791
771 802
771 806
771 818
771 839
771 850
772 686
772 688
772 694
772 697
772 698
772 705
772 713
772 719
772 761
772 770
772 781
772 800
772 805
772 814
772 827
772 828
772 845
772 856
773 686
773 690
773 694
773 696
773 705
773 706
773 713
773 719
773 724
773 726
773 728
773 731
773 737
773 745
773 747
773 752
773 754
773 774
773 780
773 781
773 784
773 810
773 815
773 820
773 821
773 823
773 824
773 827
773 828
773 829
773 831
773 834
773 836
773 842
773 847
773 853
774 686
774 687
774 688
774 694
774 696
774 698
774 701
774 708
774 713
774 719
774 720
774 728
774 731
774 738
774 739
774 745
774 747
774 752
774 769
774 773
774 784
774 800
774 805
774 807
774 810
774 811
774 819
774 820
774 823
774 824
774 828
774 830
774 840
774 843
774 853
774 856
774 869
775 686
775 757
776 686
776 698
776 867
776 872
776 873
776 874
776 877
776 885
776 887
777 686
777 687
777 688
777 695
777 697
777 701
777 704
777 709
777 713
777 724
777 739
777 754
777 770
777 779
777 780
777 824
777 829
777 830
778 686
778 693
778 695
778 696
778 701
778 705
778 713
778 724
778 726
778 734
778 812
778 819
778 828
778 830
778 834
778 844
779 686
779 687
779 703
779 728
779 748
779 754
779 764
779 765
779 777
779 780
779 792
779 807
779 823
779 824
779 828
779 835
779 838
779 840
780 686
780 687
780 688
780 694
780 695
780 696
780 697
780 701
780 705
780 713
780 726
780 728
780 739
780 747
780 754
780 765
780 766
780 773
780 777
780 779
780 792
780 803
780 805
780 815
780 819
780 823
780 824
780 828
780 830
780 834
780 835
780 838
780 840
780 845
781 686
781 694
781 695
781 697
781 701
781 703
781 705
781 708
781 713
781 715
781 718
781 719
781 720
781 724
781 726
781 728
781 731
781 738
781 741
781 745
781 752
781 755
781 758
781 760
781 762
781 764
781 770
781 772
781 773
781 783
781 784
781 787
781 793
781 794
781 800
781 805
781 809
781 810
781 814
781 815
781 817
781 823
781 824
781 827
781 828
781 829
781 830
781 834
781 836
781 842
781 849
781 853
782 686
782 691
782 712
782 713
782 733
782 736
782 743
782 746
782 786
782 804
782 813
782 829
782 833
783 686
783 687
783 728
783 730
783 747
783 755
783 758
783 764
783 770
783 781
783 787
783 793
783 797
783 809
783 817
783 820
783 827
783 849
784 686
784 690
784 694
784 695
784 696
784 700
784 705
784 706
784 711
784 713
784 719
784 722
784 724
784 726
784 727
784 731
784 734
784 738
784 745
784 751
784 752
784 760
784 766
784 773
784 774
784 781
784 794
784 795
784 800
784 810
784 813
784 824
784 826
784 827
784 828
784 829
784 834
784 842
784 853
784 854
785 686
785 734
785 846
786 686
786 724
786 733
786 742
786 768
786 782
786 813
786 829
786 833
787 686
787 703
787 705
787 713
787 718
787 719
787 720
787 728
787 730
787 739
787 745
787 748
787 755
787 758
787 763
787 764
787 781
787 783
787 793
787 797
787 803
787 808
787 809
787 814
787 817
787 823
787 827
787 836
787 849
788 686
788 732
788 736
788 806
789 686
789 689
789 702
789 712
789 714
789 732
789 742
789 768
789 771
789 806
789 818
789 833
789 839
790 686
790 720
790 745
790 832
791 686
791 732
791 771
791 796
791 806
791 818
791 822
792 686
792 688
792 703
792 728
792 739
792 747
792 754
792 765
792 779
792 780
792 803
792 805
792 807
792 815
792 819
792 823
792 824
792 828
792 830
792 835
792 837
792 838
792 850
793 686
793 703
793 718
793 720
793 739
793 747
793 748
793 755
793 758
793 764
793 781
793 783
793 787
793 797
793 808
793 809
793 817
793 836
793 849
793 850
794 686
794 695
794 700
794 701
794 713
794 719
794 724
794 738
794 745
794 760
794 781
794 784
794 795
794 842
795 686
795 694
795 696
795 700
795 711
795 716
795 724
795 733
795 738
795 745
795 751
795 784
795 794
795 813
795 820
795 829
795 842
795 853
796 686
796 767
796 791
796 806
796 818
796 822
796 829
797 686
797 687
797 703
797 708
797 716
797 718
797 728
797 730
797 739
797 747
797 748
797 755
797 763
797 764
797 770
797 783
797 787
797 793
797 808
797 809
797 817
797 820
797 827
797 828
797 831
797 849
798 686
798 694
798 698
798 717
798 769
798 852
798 855
799 686
799 704
799 705
799 716
799 719
799 745
799 762
799 770
799 813
799 814
799 835
799 845
