800 686
800 688
800 694
800 697
800 698
800 705
800 708
800 713
800 719
800 727
800 735
800 741
800 745
800 747
800 752
800 760
800 761
800 766
800 769
800 772
800 774
800 781
800 784
800 805
800 810
800 811
800 814
800 823
800 827
800 828
800 830
800 834
800 842
800 845
800 851
800 853
800 856
801 686
802 686
802 732
802 771
802 806
802 818
803 686
803 698
803 705
803 710
803 718
803 720
803 728
803 730
803 734
803 747
803 763
803 770
803 780
803 787
803 792
803 820
803 832
803 837
803 840
803 880
804 686
804 698
804 729
804 747
804 763
804 782
804 849
804 856
804 861
804 863
804 876
804 878
804 882
804 886
804 888
804 889
805 686
805 687
805 688
805 694
805 695
805 696
805 697
805 698
805 703
805 705
805 706
805 709
805 710
805 713
805 715
805 718
805 719
805 724
805 726
805 727
805 728
805 731
805 734
805 737
805 738
805 739
805 745
805 747
805 752
805 754
805 756
805 760
805 761
805 762
805 764
805 766
805 772
805 774
805 780
805 781
805 792
805 800
805 807
805 810
805 814
805 815
805 817
805 818
805 819
805 823
805 824
805 827
805 828
805 829
805 830
805 831
805 834
805 837
805 838
805 840
805 842
805 843
805 844
805 847
805 853
805 880
806 686
806 714
806 725
806 732
806 771
806 788
806 789
806 791
806 796
806 802
806 818
806 822
806 833
806 839
806 850
807 686
807 687
807 703
807 705
807 728
807 739
807 741
807 747
807 764
807 765
807 774
807 779
807 792
807 805
807 819
807 823
807 828
807 838
807 843
807 856
808 686
808 705
808 720
808 755
808 758
808 787
808 793
808 797
808 809
809 686
809 703
809 705
809 718
809 720
809 728
809 747
809 755
809 758
809 764
809 781
809 783
809 787
809 793
809 797
809 808
809 817
809 827
810 686
810 694
810 695
810 698
810 705
810 706
810 710
810 711
810 713
810 719
810 731
810 745
810 747
810 752
810 762
810 766
810 773
810 774
810 781
810 784
810 800
810 805
810 814
810 815
810 823
810 827
810 828
810 834
810 842
810 847
810 853
810 856
811 686
811 698
811 708
811 769
811 774
811 800
811 856
811 869
811 890
812 686
812 694
812 726
812 778
812 815
812 824
812 828
812 837
813 686
813 713
813 738
813 745
813 782
813 784
813 786
813 795
813 799
813 833
814 686
814 705
814 708
814 713
814 715
814 718
814 719
814 724
814 745
814 755
814 758
814 760
814 762
814 772
814 781
814 787
814 799
814 800
814 805
814 810
814 827
814 828
814 829
814 834
814 842
814 853
815 686
815 688
815 694
815 695
815 697
815 700
815 703
815 706
815 713
815 718
815 719
815 726
815 731
815 737
815 745
815 747
815 752
815 754
815 766
815 773
815 780
815 781
815 792
815 805
815 810
815 812
815 819
815 823
815 824
815 828
815 830
815 834
815 835
815 837
815 838
815 845
815 847
815 853
815 856
816 686
816 707
816 712
816 713
816 736
816 746
816 768
816 833
816 850
817 686
817 687
817 703
817 713
817 718
817 719
817 728
817 740
817 745
817 748
817 758
817 764
817 781
817 783
817 787
817 793
817 797
817 805
817 809
817 819
817 827
817 828
817 830
817 850
818 686
818 697
818 713
818 714
818 725
818 732
818 736
818 771
818 789
818 791
818 796
818 802
818 805
818 806
818 822
818 839
819 686
819 687
819 688
819 697
819 698
819 703
819 705
819 708
819 709
819 713
819 719
819 724
819 728
819 735
819 739
819 747
819 753
819 774
819 778
819 780
819 792
819 805
819 807
819 815
819 817
819 823
819 824
819 827
819 828
819 830
819 834
819 835
819 838
819 840
819 848
819 856
819 880
820 686
820 687
820 690
820 694
820 697
820 703
820 705
820 716
820 719
820 722
820 724
820 726
820 728
820 737
820 741
820 745
820 747
820 752
820 760
820 763
820 766
820 770
820 773
820 774
820 783
820 795
820 797
820 803
820 823
820 824
820 828
820 830
820 831
820 834
820 845
820 848
820 849
820 853
821 686
821 688
821 694
821 701
821 724
821 726
821 754
821 773
821 836
822 686
822 691
822 702
822 712
822 714
822 732
822 767
822 768
822 791
822 796
822 806
822 818
822 829
822 839
822 850
823 686
823 687
823 688
823 693
823 694
823 696
823 697
823 698
823 703
823 705
823 708
823 709
823 713
823 718
823 719
823 724
823 726
823 728
823 739
823 741
823 745
823 747
823 752
823 753
823 754
823 760
823 764
823 765
823 766
823 773
823 774
823 779
823 780
823 781
823 787
823 792
823 800
823 805
823 807
823 810
823 815
823 819
823 820
823 824
823 827
823 828
823 830
823 834
823 835
823 838
823 840
823 843
823 848
823 853
823 856
823 880
824 686
824 688
824 693
824 694
824 695
824 696
824 697
824 703
824 705
824 708
824 709
824 713
824 719
824 723
824 724
824 726
824 727
824 728
824 737
824 739
824 745
824 752
824 754
824 760
824 764
824 766
824 770
824 773
824 774
824 777
824 779
824 780
824 781
824 784
824 792
824 805
824 812
824 815
824 819
824 820
824 823
824 826
824 827
824 828
824 829
824 830
824 834
824 835
824 837
824 838
824 840
824 842
824 843
824 844
824 847
824 848
824 849
824 853
825 686
825 698
825 856
825 864
825 884
825 889
826 686
826 723
826 724
826 738
826 756
826 766
826 784
826 824
826 828
826 830
826 842
827 686
827 694
827 697
827 703
827 705
827 708
827 713
827 715
827 718
827 719
827 724
827 731
827 741
827 745
827 752
827 755
827 756
827 758
827 760
827 761
827 762
827 764
827 766
827 772
827 773
827 781
827 783
827 784
827 787
827 797
827 800
827 805
827 809
827 810
827 814
827 817
827 819
827 823
827 824
827 828
827 830
827 834
827 842
827 849
827 853
828 686
828 687
828 688
828 693
828 694
828 696
828 697
828 698
828 703
828 705
828 706
828 708
828 709
828 711
828 713
828 718
828 719
828 723
828 724
828 726
828 727
828 728
828 731
828 737
828 739
828 741
828 745
828 747
828 751
828 752
828 754
828 759
828 760
828 764
828 766
828 769
828 770
828 772
828 773
828 774
828 778
828 779
828 780
828 781
828 784
828 792
828 797
828 800
828 805
828 807
828 810
828 812
828 814
828 815
828 817
828 819
828 820
828 823
828 824
828 826
828 827
828 829
828 830
828 834
828 835
828 837
828 838
828 840
828 842
828 844
828 845
828 846
828 847
828 848
828 849
828 851
828 853
828 856
828 880
829 686
829 694
829 695
829 696
829 705
829 711
829 713
829 719
829 722
829 724
829 733
829 734
829 738
829 742
829 745
829 752
829 760
829 773
829 777
829 781
829 782
829 784
829 786
829 795
829 796
829 805
829 814
829 822
829 824
829 828
829 834
829 842
829 847
829 853
830 686
830 687
830 688
830 694
830 695
830 696
830 697
830 698
830 701
830 705
830 708
830 709
830 713
830 719
830 723
830 724
830 726
830 727
830 731
830 737
830 745
830 747
830 748
830 751
830 752
830 754
830 760
830 766
830 774
830 777
830 778
830 780
830 781
830 792
830 800
830 805
830 815
830 817
830 819
830 820
830 823
830 824
830 826
830 827
830 828
830 834
830 838
830 840
830 844
830 845
830 846
830 847
830 849
830 853
830 856
831 686
831 690
831 694
831 703
831 705
831 713
831 740
831 747
831 748
831 752
831 773
831 797
831 805
831 820
831 853
832 686
832 720
832 790
832 803
833 686
833 691
833 699
833 707
833 713
833 736
833 743
833 746
833 768
833 782
833 786
833 789
833 806
833 813
833 816
834 686
834 688
834 693
834 694
834 695
834 696
834 697
834 701
834 705
834 706
834 713
834 715
834 718
834 719
834 724
834 726
834 731
834 745
834 752
834 760
834 766
834 773
834 778
834 780
834 781
834 784
834 800
834 805
834 810
834 814
834 815
834 819
834 820
834 823
834 824
834 827
834 828
834 829
834 830
834 842
834 844
834 847
834 853
835 686
835 697
835 703
835 705
835 709
835 728
835 741
835 754
835 765
835 779
835 780
835 792
835 799
835 815
835 819
835 823
835 824
835 828
835 837
835 838
836 686
836 705
836 741
836 755
836 758
836 763
836 773
836 781
836 787
836 793
836 821
836 853
837 686
837 693
837 737
837 747
837 792
837 803
837 805
837 812
837 815
837 824
837 828
837 835
837 840
838 686
838 687
838 703
838 709
838 728
838 747
838 754
838 764
838 779
838 780
838 792
838 805
838 807
838 815
838 819
838 823
838 824
838 828
838 830
838 835
838 840
838 856
839 686
839 689
839 702
839 712
839 714
839 725
839 732
839 733
839 767
839 768
839 771
839 789
839 806
839 818
839 822
840 686
840 688
840 695
840 696
840 697
840 698
840 708
840 709
840 713
840 719
840 739
840 747
840 754
840 774
840 779
840 780
840 803
840 805
840 819
840 823
840 824
840 828
840 830
840 837
840 838
840 848
840 856
841 686
841 740
842 686
842 694
842 695
842 696
842 697
842 701
842 705
842 711
842 713
842 715
842 719
842 724
842 727
842 734
842 738
842 745
842 751
842 752
842 760
842 761
842 762
842 773
842 781
842 784
842 794
842 795
842 800
842 805
842 810
842 814
842 824
842 826
842 827
842 828
842 829
842 834
842 853
843 686
843 703
843 705
843 709
843 728
843 737
843 764
843 765
843 774
843 805
843 807
843 823
843 824
844 686
844 693
844 695
844 697
844 705
844 713
844 726
844 778
844 805
844 824
844 828
844 830
844 834
844 848
845 686
845 688
845 694
845 696
845 701
845 703
845 705
845 713
845 719
845 726
845 727
845 745
845 755
845 770
845 772
845 780
845 799
845 800
845 815
845 820
845 828
845 830
845 849
846 686
846 727
846 734
846 785
846 828
846 830
847 686
847 688
847 694
847 695
847 705
847 706
847 710
847 711
847 713
847 719
847 727
847 731
847 734
847 745
847 752
847 756
847 766
847 773
847 805
847 810
847 815
847 824
847 828
847 829
847 830
847 834
847 853
848 686
848 694
848 697
848 704
848 709
848 713
848 719
848 721
848 724
848 727
848 744
848 747
848 754
848 761
848 819
848 820
848 823
848 824
848 828
848 840
848 844
849 686
849 688
849 697
849 705
849 708
849 716
849 719
849 723
849 727
849 730
849 734
849 747
849 748
849 755
849 758
849 763
849 766
849 770
849 781
849 783
849 787
849 793
849 797
849 804
849 820
849 824
849 827
849 828
849 830
849 845
