850 686
850 713
850 736
850 771
850 792
850 793
850 806
850 816
850 817
850 822
851 686
851 713
851 800
851 828
852 686
852 717
852 798
852 855
853 686
853 688
853 690
853 694
853 695
853 696
853 705
853 706
853 710
853 711
853 713
853 719
853 722
853 724
853 726
853 727
853 731
853 734
853 738
853 745
853 752
853 766
853 773
853 774
853 781
853 784
853 795
853 800
853 805
853 810
853 814
853 815
853 820
853 823
853 824
853 827
853 828
853 829
853 830
853 831
853 834
853 836
853 842
853 847
854 686
854 727
854 784
855 686
855 717
855 798
855 852
856 686
856 687
856 688
856 697
856 698
856 703
856 708
856 728
856 729
856 735
856 747
856 753
856 765
856 769
856 772
856 774
856 800
856 804
856 807
856 810
856 811
856 815
856 819
856 823
856 825
856 828
856 830
856 838
856 840
856 861
856 863
856 864
856 869
856 876
856 878
856 882
856 888
856 889
856 893
857 698
857 862
857 865
857 868
857 871
857 3437
857 3456
857 3495
857 3586
857 3621
857 3626
857 3797
858 698
858 870
858 871
858 881
858 895
859 698
859 885
860 698
860 1684
861 698
861 729
861 753
861 804
861 856
861 863
861 876
861 878
861 888
861 889
862 698
862 857
862 865
862 868
862 1085
862 3437
862 3456
862 3495
862 3501
862 3517
862 3550
862 3577
862 3586
862 3592
862 3609
862 3621
862 3633
862 3677
862 3684
862 3721
862 3779
862 3797
862 3872
862 3948
863 698
863 729
863 804
863 856
863 861
863 876
863 878
863 882
863 886
863 888
863 889
864 698
864 825
864 856
864 884
864 893
865 698
865 857
865 862
865 868
866 698
866 879
866 881
866 894
866 895
867 698
867 776
867 872
867 873
867 874
867 877
867 885
867 887
868 698
868 857
868 862
868 865
869 698
869 708
869 769
869 774
869 811
869 856
869 890
870 698
870 858
870 871
870 879
870 881
870 894
870 895
871 698
871 857
871 858
871 870
871 879
871 881
871 895
872 698
872 776
872 867
872 873
872 874
872 885
872 887
873 698
873 776
873 867
873 872
873 874
873 885
874 698
874 776
874 867
874 872
874 873
874 885
874 887
875 698
876 698
876 729
876 804
876 856
876 861
876 863
876 878
876 882
876 886
876 888
876 889
877 698
877 776
877 867
877 885
878 698
878 729
878 804
878 856
878 861
878 863
878 876
878 886
878 888
878 889
879 698
879 866
879 870
879 871
879 881
879 894
880 698
880 703
880 747
880 803
880 805
880 819
880 823
880 828
881 698
881 858
881 866
881 870
881 871
881 879
881 895
882 698
882 729
882 804
882 856
882 863
882 876
882 886
882 889
883 698
884 698
884 825
884 864
884 893
885 698
885 776
885 859
885 867
885 872
885 873
885 874
885 877
885 887
886 698
886 729
886 804
886 863
886 876
886 878
886 882
886 889
887 698
887 776
887 867
887 872
887 874
887 885
888 698
888 729
888 804
888 856
888 861
888 863
888 876
888 878
888 889
889 698
889 729
889 753
889 804
889 825
889 856
889 861
889 863
889 876
889 878
889 882
889 886
889 888
890 697
890 698
890 708
890 753
890 769
890 811
890 869
891 698
892 698
893 698
893 856
893 864
893 884
894 698
894 866
894 870
894 879
895 698
895 858
895 866
895 870
895 871
895 881
896 107
896 483
896 637
896 902
896 954
896 957
896 975
896 981
896 984
896 988
896 989
896 994
896 1007
896 1009
896 1014
896 1015
896 1018
896 1019
896 1021
896 1032
896 1036
896 1044
896 1060
896 1067
896 1081
896 1082
896 1100
896 1102
896 1104
896 1108
896 1115
896 1120
896 1129
896 1148
896 1158
896 1170
896 1190
896 1192
896 1204
896 1215
896 1221
896 1227
896 1229
896 1231
896 1235
896 1257
896 1261
896 1273
896 1277
896 1282
896 1284
896 1286
896 1292
896 1298
896 1303
896 1315
896 1322
896 1324
896 1345
896 1347
896 1350
896 1373
896 1379
896 1381
896 1392
896 1396
896 1404
896 1413
896 1417
896 1423
896 1426
896 1432
896 1438
896 1448
896 1454
896 1459
896 1462
896 1475
896 1479
896 1495
896 1502
896 1515
896 1550
896 1573
896 1576
896 1578
896 1583
896 1587
896 1591
896 1595
896 1596
896 1611
896 1628
896 1635
896 1636
896 1638
896 1647
896 1661
896 1680
896 1691
896 1706
896 1715
896 1716
896 1720
896 1728
896 1732
896 1742
896 1751
896 1764
896 1783
896 1786
896 1790
896 1812
896 1824
896 1841
896 1850
896 1857
896 1859
896 1862
896 1871
896 1872
896 1873
896 1875
896 1893
896 1899
896 1903
897 107
897 922
897 927
897 947
897 953
897 967
897 991
897 995
897 1029
897 1058
897 1074
897 1083
897 1084
897 1123
897 1160
897 1173
897 1191
897 1205
897 1214
897 1219
897 1256
897 1280
897 1305
897 1312
897 1323
897 1329
897 1331
897 1361
897 1376
897 1388
897 1398
897 1409
897 1420
897 1447
897 1449
897 1458
897 1460
897 1467
897 1470
897 1480
897 1483
897 1513
897 1519
897 1522
897 1530
897 1535
897 1553
897 1570
897 1590
897 1612
897 1620
897 1639
897 1741
897 1765
897 1768
897 1769
897 1782
897 1791
897 1799
897 1805
897 1835
897 1842
897 1846
897 1861
897 1863
897 1888
898 107
898 917
898 919
898 942
898 969
898 971
898 1014
898 1020
898 1066
898 1081
898 1099
898 1102
898 1108
898 1166
898 1261
898 1273
898 1277
898 1282
898 1309
898 1316
898 1373
898 1382
898 1396
898 1406
898 1454
898 1515
898 1595
898 1729
898 1732
898 1742
898 1751
898 1783
898 1786
898 1820
898 1824
898 1848
898 1871
898 1875
899 107
899 1133
899 1442
