900 107
900 908
900 919
900 1014
900 1136
900 1261
900 1307
900 1494
900 1553
900 1615
900 1687
900 1698
900 1825
901 107
901 903
901 938
901 958
901 963
901 992
901 1097
901 1118
901 1137
901 1186
901 1216
901 1232
901 1314
901 1319
901 1333
901 1363
901 1371
901 1378
901 1452
901 1468
901 1493
901 1533
901 1548
901 1568
901 1601
901 1629
901 1648
901 1733
901 1787
901 1798
901 1837
901 1880
901 1892
901 1895
902 107
902 896
902 957
902 975
902 981
902 1019
902 1036
902 1067
902 1082
902 1100
902 1104
902 1129
902 1148
902 1158
902 1190
902 1192
902 1204
902 1227
902 1235
902 1257
902 1277
902 1279
902 1298
902 1322
902 1345
902 1347
902 1379
902 1426
902 1438
902 1448
902 1459
902 1462
902 1479
902 1573
902 1576
902 1591
902 1596
902 1611
902 1628
902 1636
902 1680
902 1691
902 1857
902 1872
902 1873
902 1899
903 107
903 901
903 917
903 963
903 992
903 1097
903 1118
903 1137
903 1186
903 1216
903 1232
903 1314
903 1319
903 1333
903 1363
903 1371
903 1378
903 1452
903 1468
903 1493
903 1533
903 1548
903 1568
903 1601
903 1629
903 1648
903 1733
903 1747
903 1787
903 1798
903 1837
903 1880
903 1892
903 1895
904 107
904 171
904 1224
905 107
905 517
905 606
905 651
905 1001
905 1095
905 1114
905 1217
905 1226
905 1237
905 1263
905 1408
905 1422
905 1487
905 1536
905 1658
905 1692
906 107
906 526
906 925
906 966
906 1003
906 1048
906 1049
906 1054
906 1059
906 1075
906 1078
906 1110
906 1116
906 1126
906 1128
906 1175
906 1184
906 1199
906 1205
906 1209
906 1222
906 1242
906 1243
906 1250
906 1256
906 1269
906 1278
906 1323
906 1344
906 1352
906 1367
906 1375
906 1376
906 1377
906 1390
906 1407
906 1431
906 1471
906 1480
906 1520
906 1528
906 1547
906 1551
906 1554
906 1557
906 1570
906 1572
906 1600
906 1609
906 1620
906 1622
906 1623
906 1644
906 1652
906 1653
906 1659
906 1663
906 1688
906 1689
906 1724
906 1730
906 1737
906 1746
906 1757
906 1768
906 1771
906 1795
906 1796
906 1800
906 1804
906 1811
906 1816
906 1827
906 1861
906 1867
906 1877
906 1888
906 1891
907 107
907 948
907 980
907 1047
907 1155
907 1172
907 1420
907 1464
907 1677
907 1685
907 1730
907 1734
907 1845
908 107
908 900
908 950
908 1033
908 1077
908 1136
908 1144
908 1187
908 1203
908 1274
908 1307
908 1325
908 1327
908 1337
908 1360
908 1421
908 1433
908 1465
908 1511
908 1518
908 1537
908 1555
908 1567
908 1588
908 1593
908 1615
908 1687
908 1698
908 1719
908 1806
908 1825
908 1866
909 107
909 955
909 1030
909 1043
909 1045
909 1111
909 1197
909 1368
909 1384
909 1436
909 1788
909 1889
910 107
910 912
910 1657
910 1776
910 1808
911 107
912 107
912 910
912 1122
912 1357
912 1422
912 1536
912 1657
912 1776
912 1808
913 107
913 484
913 914
913 968
913 1052
913 1068
913 1093
913 1135
913 1173
913 1183
913 1217
913 1222
913 1238
913 1247
913 1357
913 1366
913 1377
913 1408
913 1436
913 1444
913 1453
913 1487
913 1497
913 1561
913 1575
913 1620
913 1630
913 1646
913 1658
913 1675
913 1688
913 1699
913 1703
913 1709
913 1727
913 1738
913 1807
913 1813
913 1818
913 1867
913 1881
913 1885
913 1897
913 1910
914 107
914 913
914 915
914 1052
914 1217
914 1247
914 1408
914 1453
914 1574
914 1575
914 1673
914 1807
914 1818
914 1882
914 1885
914 1897
915 107
915 428
915 606
915 641
915 914
915 930
915 948
915 962
915 1110
915 1142
915 1155
915 1192
915 1294
915 1408
915 1425
915 1427
915 1446
915 1487
915 1545
915 1549
915 1565
915 1574
915 1602
915 1625
915 1636
915 1671
915 1673
915 1763
915 1766
915 1778
915 1790
915 1801
915 1844
915 1881
915 1897
916 107
916 925
916 946
916 947
916 952
916 960
916 966
916 967
916 972
916 978
916 982
916 983
916 993
916 999
916 1004
916 1006
916 1017
916 1026
916 1028
916 1040
916 1047
916 1063
916 1069
916 1076
916 1078
916 1079
916 1086
916 1092
916 1125
916 1149
916 1153
916 1156
916 1163
916 1172
916 1175
916 1182
916 1184
916 1191
916 1199
916 1207
916 1211
916 1214
916 1222
916 1230
916 1238
916 1250
916 1255
916 1256
916 1267
916 1269
916 1271
916 1280
916 1285
916 1287
916 1288
916 1289
916 1290
916 1293
916 1294
916 1302
916 1305
916 1312
916 1329
916 1330
916 1331
916 1335
916 1361
916 1365
916 1370
916 1376
916 1380
916 1390
916 1399
916 1402
916 1409
916 1431
916 1456
916 1471
916 1483
916 1509
916 1516
916 1522
916 1523
916 1524
916 1530
916 1547
916 1551
916 1554
916 1557
916 1559
916 1563
916 1571
916 1580
916 1584
916 1589
916 1597
916 1598
916 1605
916 1610
916 1612
916 1613
916 1614
916 1617
916 1619
916 1621
916 1622
916 1623
916 1632
916 1637
916 1643
916 1662
916 1663
916 1665
916 1668
916 1685
916 1707
916 1712
916 1717
916 1718
916 1730
916 1735
916 1736
916 1746
916 1750
916 1752
916 1753
916 1754
916 1768
916 1791
916 1793
916 1796
916 1799
916 1800
916 1804
916 1809
916 1823
916 1827
916 1835
916 1839
916 1849
916 1861
916 1864
916 1868
916 1879
916 1888
916 1900
916 1902
917 107
917 483
917 596
917 606
917 898
917 903
917 919
917 933
917 938
917 942
917 944
917 954
917 957
917 964
917 965
917 969
917 984
917 992
917 1007
917 1014
917 1018
917 1020
917 1032
917 1037
917 1042
917 1051
917 1052
917 1057
917 1060
917 1066
917 1070
917 1081
917 1086
917 1099
917 1102
917 1108
917 1121
917 1158
917 1159
917 1166
917 1167
917 1183
917 1204
917 1216
917 1217
917 1221
917 1225
917 1235
917 1241
917 1245
917 1246
917 1260
917 1261
917 1273
917 1275
917 1277
917 1281
917 1282
917 1296
917 1299
917 1303
917 1309
917 1314
917 1316
917 1324
917 1338
917 1366
917 1371
917 1373
917 1382
917 1396
917 1406
917 1412
917 1418
917 1429
917 1436
917 1444
917 1451
917 1454
917 1469
917 1472
917 1481
917 1502
917 1503
917 1504
917 1507
917 1515
917 1525
917 1531
917 1533
917 1536
917 1541
917 1569
917 1582
917 1595
917 1630
917 1661
917 1681
917 1686
917 1699
917 1703
917 1706
917 1709
917 1725
917 1727
917 1729
917 1732
917 1733
917 1738
917 1739
917 1742
917 1751
917 1770
917 1783
917 1785
917 1786
917 1787
917 1807
917 1812
917 1820
917 1824
917 1828
917 1848
917 1871
917 1876
917 1893
917 1894
917 1899
917 1906
917 1907
918 107
919 107
919 483
919 898
919 900
919 917
919 942
919 1020
919 1032
919 1066
919 1099
919 1102
919 1245
919 1261
919 1277
919 1303
919 1373
919 1396
919 1495
919 1582
919 1661
919 1729
919 1732
919 1742
919 1751
919 1783
919 1786
919 1820
919 1824
919 1871
920 107
920 921
920 1182
920 1334
920 1369
920 1376
920 1447
920 1477
920 1484
920 1584
920 1782
920 1792
920 1860
921 107
921 920
921 925
921 927
921 934
921 952
921 967
921 980
921 993
921 995
921 1026
921 1048
921 1049
921 1059
921 1078
921 1124
921 1126
921 1128
921 1135
921 1146
921 1164
921 1182
921 1185
921 1195
921 1199
921 1222
921 1230
921 1243
921 1255
921 1269
921 1272
921 1290
921 1291
921 1312
921 1323
921 1329
921 1334
921 1341
921 1352
921 1361
921 1367
921 1369
921 1375
921 1376
921 1377
921 1389
921 1390
921 1391
921 1393
921 1399
921 1404
921 1407
921 1420
921 1431
921 1467
921 1471
921 1509
921 1516
921 1520
921 1522
921 1535
921 1540
921 1551
921 1554
921 1557
921 1563
921 1570
921 1584
921 1589
921 1603
921 1608
921 1612
921 1613
921 1621
921 1622
921 1639
921 1643
921 1663
921 1669
921 1675
921 1683
921 1685
921 1689
921 1714
921 1718
921 1730
921 1734
921 1735
921 1750
921 1753
921 1757
921 1761
921 1765
921 1768
921 1793
921 1813
921 1823
921 1826
921 1827
921 1833
921 1835
921 1842
921 1845
921 1864
921 1888
921 1891
922 107
922 897
922 946
922 991
922 1123
922 1130
922 1199
922 1305
922 1312
922 1341
922 1398
922 1399
922 1449
922 1458
922 1467
922 1480
922 1590
922 1614
922 1626
922 1662
922 1702
922 1780
922 1800
922 1805
922 1817
922 1839
922 1846
922 1858
922 1863
922 1909
923 107
923 961
923 1178
923 1193
923 1317
923 1369
923 1505
923 1758
924 107
924 940
924 954
924 974
924 1000
924 1010
924 1035
924 1037
924 1051
924 1070
924 1109
924 1120
924 1127
924 1141
924 1159
924 1170
924 1188
924 1228
924 1236
924 1258
924 1260
924 1275
924 1304
924 1308
924 1310
924 1338
924 1355
924 1366
924 1412
924 1469
924 1472
924 1482
924 1496
924 1500
924 1525
924 1536
924 1549
924 1703
924 1709
924 1725
924 1745
924 1781
924 1830
924 1876
924 1906
925 107
925 906
925 916
925 921
925 927
925 946
925 967
925 978
925 980
925 993
925 999
925 1003
925 1004
925 1017
925 1047
925 1048
925 1049
925 1054
925 1059
925 1075
925 1076
925 1079
925 1086
925 1092
925 1110
925 1112
925 1124
925 1125
925 1126
925 1132
925 1146
925 1149
925 1172
925 1175
925 1180
925 1181
925 1184
925 1185
925 1196
925 1198
925 1199
925 1209
925 1211
925 1214
925 1222
925 1242
925 1243
925 1250
925 1265
925 1267
925 1269
925 1290
925 1291
925 1302
925 1312
925 1323
925 1334
925 1335
925 1339
925 1340
925 1344
925 1352
925 1365
925 1367
925 1375
925 1376
925 1377
925 1390
925 1399
925 1416
925 1420
925 1431
925 1449
925 1456
925 1460
925 1471
925 1485
925 1491
925 1509
925 1516
925 1520
925 1523
925 1524
925 1530
925 1538
925 1539
925 1547
925 1551
925 1554
925 1557
925 1559
925 1563
925 1570
925 1572
925 1584
925 1589
925 1590
925 1597
925 1598
925 1600
925 1608
925 1610
925 1612
925 1613
925 1614
925 1617
925 1618
925 1620
925 1621
925 1622
925 1623
925 1632
925 1637
925 1639
925 1643
925 1644
925 1653
925 1659
925 1663
925 1668
925 1669
925 1675
925 1683
925 1688
925 1689
925 1710
925 1714
925 1717
925 1718
925 1721
925 1724
925 1730
925 1734
925 1735
925 1736
925 1737
925 1746
925 1750
925 1752
925 1753
925 1757
925 1768
925 1769
925 1771
925 1774
925 1793
925 1795
925 1796
925 1799
925 1800
925 1804
925 1811
925 1813
925 1819
925 1827
925 1833
925 1835
925 1836
925 1842
925 1861
925 1867
925 1877
925 1879
925 1886
925 1888
925 1891
925 1909
926 107
926 946
926 960
926 997
926 1026
926 1056
926 1151
926 1191
926 1255
926 1256
926 1280
926 1409
926 1509
926 1604
926 1605
926 1608
926 1663
926 1722
926 1782
926 1810
926 1835
927 107
927 897
927 921
927 925
927 946
927 947
927 967
927 980
927 993
927 1026
927 1048
927 1124
927 1146
927 1153
927 1175
927 1182
927 1185
927 1195
927 1214
927 1243
927 1255
927 1265
927 1269
927 1290
927 1312
927 1329
927 1334
927 1352
927 1367
927 1369
927 1376
927 1377
927 1405
927 1420
927 1460
927 1467
927 1513
927 1520
927 1528
927 1530
927 1551
927 1554
927 1563
927 1570
927 1584
927 1589
927 1590
927 1603
927 1608
927 1609
927 1611
927 1612
927 1613
927 1621
927 1639
927 1663
927 1669
927 1675
927 1724
927 1730
927 1736
927 1750
927 1765
927 1768
927 1782
927 1791
927 1799
927 1811
927 1819
927 1827
927 1831
927 1835
927 1846
927 1851
927 1888
928 107
928 1061
928 1144
928 1174
928 1328
928 1494
928 1676
928 1705
928 1825
929 107
929 1317
929 1505
929 1701
929 1838
930 107
930 353
930 366
930 428
930 475
930 483
930 580
930 641
930 915
930 948
930 962
930 976
930 1080
930 1113
930 1122
930 1142
930 1155
930 1210
930 1294
930 1318
930 1332
930 1349
930 1358
930 1374
930 1400
930 1408
930 1425
930 1427
930 1446
930 1464
930 1514
930 1526
930 1549
930 1565
930 1574
930 1616
930 1625
930 1645
930 1660
930 1671
930 1679
930 1694
930 1695
930 1763
930 1766
930 1773
930 1801
930 1844
930 1870
930 1878
930 1881
930 1882
931 107
931 580
931 939
931 1064
931 1212
931 1343
931 1453
931 1566
931 1645
931 1671
931 1694
931 1743
931 1829
931 1831
931 1910
932 107
932 953
932 980
932 982
932 995
932 997
932 1026
932 1029
932 1056
932 1074
932 1107
932 1156
932 1172
932 1173
932 1191
932 1205
932 1211
932 1238
932 1256
932 1269
932 1302
932 1329
932 1330
932 1331
932 1370
932 1388
932 1399
932 1409
932 1420
932 1440
932 1447
932 1483
932 1488
932 1509
932 1517
932 1535
932 1571
932 1580
932 1589
932 1594
932 1604
932 1605
932 1620
932 1622
932 1659
932 1663
932 1665
932 1669
932 1675
932 1685
932 1722
932 1730
932 1734
932 1741
932 1754
932 1775
932 1813
932 1827
932 1843
932 1845
932 1864
932 1898
932 1902
933 107
933 483
933 917
933 941
933 942
933 971
933 1014
933 1103
933 1215
933 1241
933 1261
933 1273
933 1502
933 1503
933 1573
933 1649
933 1661
933 1704
933 1706
933 1729
933 1742
933 1794
933 1820
933 1850
933 1871
934 107
934 921
934 952
934 980
934 993
934 1026
934 1048
934 1076
934 1079
934 1086
934 1126
934 1128
934 1146
934 1155
934 1175
934 1185
934 1199
934 1211
934 1243
934 1267
934 1269
934 1291
934 1302
934 1305
934 1329
934 1334
934 1352
934 1367
934 1376
934 1377
934 1390
934 1391
934 1399
934 1420
934 1431
934 1456
934 1467
934 1471
934 1491
934 1508
934 1509
934 1516
934 1522
934 1538
934 1551
934 1559
934 1584
934 1589
934 1597
934 1603
934 1608
934 1610
934 1612
934 1613
934 1621
934 1637
934 1643
934 1663
934 1668
934 1675
934 1707
934 1714
934 1721
934 1730
934 1746
934 1750
934 1753
934 1757
934 1761
934 1768
934 1791
934 1793
934 1795
934 1799
934 1800
934 1804
934 1823
934 1827
934 1833
934 1835
934 1888
934 1902
935 107
935 1007
935 1393
935 1531
935 1680
935 1781
935 1807
936 107
936 353
936 363
936 366
936 420
936 483
936 484
936 517
936 566
936 580
936 606
936 637
936 651
936 1001
936 1012
936 1114
936 1122
936 1155
936 1179
936 1223
936 1237
936 1300
936 1320
936 1358
936 1374
936 1506
936 1512
936 1574
936 1606
936 1616
936 1645
936 1673
936 1677
936 1740
936 1767
936 1870
936 1882
937 107
937 1106
937 1248
937 1264
937 1725
937 1749
937 1785
938 107
938 901
938 917
938 992
938 1097
938 1118
938 1216
938 1232
938 1314
938 1319
938 1333
938 1363
938 1378
938 1424
938 1452
938 1468
938 1493
938 1533
938 1548
938 1568
938 1601
938 1648
938 1733
938 1747
938 1787
938 1798
938 1837
938 1880
938 1895
939 107
939 931
939 1064
939 1154
939 1212
939 1295
939 1342
939 1356
939 1425
939 1453
939 1478
939 1497
939 1545
939 1566
939 1829
939 1831
939 1910
940 107
940 924
940 1109
940 1139
940 1221
940 1236
940 1259
940 1338
940 1418
940 1425
940 1469
940 1472
940 1504
940 1541
940 1650
940 1904
940 1906
941 107
941 933
941 942
941 945
941 954
941 969
941 971
941 984
941 1020
941 1032
941 1081
941 1104
941 1227
941 1235
941 1257
941 1273
941 1277
941 1281
941 1282
941 1303
941 1379
941 1404
941 1406
941 1412
941 1429
941 1454
941 1462
941 1502
941 1573
941 1582
941 1596
941 1611
941 1628
941 1635
941 1638
941 1680
941 1691
941 1704
941 1706
941 1729
941 1742
941 1764
941 1783
941 1786
941 1794
941 1820
941 1824
941 1828
941 1850
941 1857
941 1871
941 1893
941 1894
941 1907
942 107
942 483
942 898
942 917
942 919
942 933
942 941
942 954
942 969
942 971
942 984
942 1014
942 1018
942 1020
942 1032
942 1066
942 1081
942 1099
942 1102
942 1108
942 1148
942 1166
942 1204
942 1215
942 1245
942 1261
942 1282
942 1284
942 1303
942 1309
942 1316
942 1324
942 1347
942 1373
942 1396
942 1404
942 1406
942 1451
942 1454
942 1495
942 1502
942 1503
942 1508
942 1515
942 1582
942 1595
942 1638
942 1661
942 1706
942 1729
942 1732
942 1742
942 1751
942 1783
942 1786
942 1812
942 1820
942 1824
942 1828
942 1848
942 1871
942 1893
942 1894
942 1899
942 1907
943 107
943 1042
943 1051
943 1167
943 1168
943 1189
943 1225
943 1236
943 1244
943 1304
943 1308
943 1536
944 107
944 917
944 965
944 977
944 1011
944 1041
944 1051
944 1070
944 1072
944 1131
944 1159
944 1169
944 1249
944 1258
944 1260
944 1275
944 1306
944 1338
944 1366
944 1428
944 1469
944 1472
944 1504
944 1525
944 1536
944 1630
944 1634
944 1686
944 1703
944 1709
944 1725
944 1738
944 1748
944 1756
944 1770
944 1815
944 1876
945 107
945 941
945 1406
945 1704
946 107
946 916
946 922
946 925
946 926
946 927
946 947
946 952
946 960
946 966
946 967
946 968
946 991
946 993
946 1003
946 1004
946 1006
946 1024
946 1026
946 1028
946 1048
946 1059
946 1076
946 1078
946 1079
946 1083
946 1086
946 1092
946 1112
946 1123
946 1125
946 1126
946 1132
946 1146
946 1149
946 1153
946 1163
946 1172
946 1181
946 1182
946 1184
946 1185
946 1196
946 1199
946 1207
946 1209
946 1211
946 1238
946 1242
946 1243
946 1250
946 1255
946 1267
946 1272
946 1287
946 1289
946 1302
946 1305
946 1312
946 1330
946 1331
946 1339
946 1344
946 1352
946 1361
946 1365
946 1367
946 1369
946 1370
946 1375
946 1376
946 1377
946 1390
946 1391
946 1398
946 1399
946 1402
946 1405
946 1416
946 1420
946 1431
946 1449
946 1456
946 1467
946 1480
946 1485
946 1488
946 1491
946 1509
946 1516
946 1522
946 1530
946 1532
946 1538
946 1539
946 1547
946 1554
946 1557
946 1559
946 1563
946 1570
946 1580
946 1584
946 1589
946 1590
946 1597
946 1598
946 1603
946 1608
946 1610
946 1612
946 1614
946 1617
946 1619
946 1621
946 1623
946 1632
946 1637
946 1653
946 1662
946 1663
946 1668
946 1683
946 1689
946 1700
946 1707
946 1712
946 1714
946 1717
946 1721
946 1730
946 1735
946 1736
946 1737
946 1741
946 1746
946 1750
946 1752
946 1753
946 1757
946 1761
946 1768
946 1782
946 1791
946 1793
946 1799
946 1800
946 1804
946 1810
946 1816
946 1819
946 1823
946 1826
946 1827
946 1833
946 1835
946 1836
946 1839
946 1846
946 1849
946 1867
946 1868
946 1879
946 1886
946 1888
946 1902
947 107
947 897
947 916
947 927
947 946
947 978
947 993
947 999
947 1017
947 1028
947 1049
947 1059
947 1078
947 1079
947 1086
947 1101
947 1126
947 1128
947 1132
947 1135
947 1156
947 1184
947 1185
947 1199
947 1211
947 1230
947 1242
947 1243
947 1250
947 1267
947 1269
947 1272
947 1287
947 1291
947 1302
947 1305
947 1329
947 1341
947 1352
947 1365
947 1367
947 1376
947 1377
947 1390
947 1391
947 1399
947 1416
947 1420
947 1431
947 1449
947 1467
947 1471
947 1491
947 1509
947 1516
947 1522
947 1528
947 1539
947 1551
947 1559
947 1562
947 1563
947 1584
947 1589
947 1590
947 1597
947 1598
947 1603
947 1604
947 1608
947 1610
947 1612
947 1613
947 1614
947 1617
947 1621
947 1622
947 1637
947 1639
947 1653
947 1663
947 1668
947 1669
947 1683
947 1714
947 1717
947 1721
947 1730
947 1735
947 1746
947 1750
947 1752
947 1754
947 1757
947 1761
947 1765
947 1768
947 1782
947 1795
947 1799
947 1800
947 1804
947 1808
947 1813
947 1816
947 1823
947 1827
947 1832
947 1833
947 1835
947 1845
947 1864
947 1867
947 1886
947 1888
948 107
948 483
948 538
948 907
948 915
948 930
948 1012
948 1025
948 1080
948 1113
948 1142
948 1237
948 1313
948 1318
948 1320
948 1332
948 1358
948 1427
948 1446
948 1464
948 1487
948 1526
948 1543
948 1549
948 1565
948 1574
948 1625
948 1660
948 1677
948 1695
948 1763
948 1766
948 1773
948 1801
948 1844
948 1870
948 1878
948 1881
949 107
949 389
949 1041
949 1052
949 1072
949 1106
949 1109
949 1121
949 1189
949 1226
949 1259
949 1348
949 1415
949 1428
949 1472
949 1507
949 1529
949 1536
949 1541
949 1630
949 1681
949 1770
949 1831
