950 107
950 908
950 1136
950 1337
950 1410
950 1445
950 1494
950 1537
950 1555
950 1687
951 107
951 973
951 1033
951 1161
951 1274
951 1325
951 1327
951 1337
951 1445
951 1511
951 1523
951 1540
951 1618
951 1641
951 1656
951 1687
951 1702
951 1718
951 1806
951 1852
952 107
952 916
952 921
952 934
952 946
952 967
952 993
952 1004
952 1017
952 1028
952 1054
952 1059
952 1076
952 1078
952 1086
952 1126
952 1128
952 1149
952 1156
952 1184
952 1185
952 1199
952 1211
952 1230
952 1250
952 1267
952 1269
952 1290
952 1291
952 1302
952 1341
952 1352
952 1365
952 1367
952 1376
952 1377
952 1390
952 1391
952 1399
952 1420
952 1431
952 1467
952 1491
952 1516
952 1522
952 1530
952 1539
952 1554
952 1557
952 1572
952 1584
952 1589
952 1597
952 1603
952 1608
952 1612
952 1617
952 1621
952 1622
952 1662
952 1663
952 1689
952 1707
952 1714
952 1717
952 1730
952 1735
952 1736
952 1746
952 1750
952 1752
952 1757
952 1761
952 1791
952 1793
952 1799
952 1800
952 1810
952 1823
952 1827
952 1833
952 1849
952 1886
952 1888
953 107
953 484
953 897
953 932
953 978
953 993
953 995
953 997
953 1029
953 1040
953 1047
953 1056
953 1059
953 1078
953 1083
953 1086
953 1107
953 1117
953 1124
953 1135
953 1156
953 1160
953 1163
953 1172
953 1173
953 1191
953 1199
953 1201
953 1205
953 1214
953 1222
953 1230
953 1238
953 1243
953 1256
953 1271
953 1280
953 1289
953 1323
953 1330
953 1331
953 1336
953 1359
953 1361
953 1370
953 1377
953 1389
953 1390
953 1391
953 1409
953 1431
953 1447
953 1456
953 1470
953 1471
953 1483
953 1487
953 1488
953 1509
953 1517
953 1520
953 1530
953 1551
953 1553
953 1559
953 1563
953 1571
953 1580
953 1589
953 1590
953 1604
953 1605
953 1609
953 1610
953 1613
953 1619
953 1620
953 1621
953 1622
953 1637
953 1662
953 1663
953 1665
953 1670
953 1675
953 1685
953 1688
953 1707
953 1714
953 1717
953 1722
953 1730
953 1736
953 1741
953 1768
953 1791
953 1793
953 1800
953 1804
953 1809
953 1813
953 1826
953 1842
953 1849
953 1861
953 1868
953 1888
953 1898
953 1902
954 107
954 483
954 896
954 917
954 924
954 941
954 942
954 969
954 971
954 984
954 1014
954 1018
954 1020
954 1032
954 1066
954 1102
954 1104
954 1108
954 1120
954 1166
954 1227
954 1235
954 1245
954 1273
954 1277
954 1281
954 1282
954 1303
954 1324
954 1373
954 1382
954 1396
954 1479
954 1495
954 1502
954 1515
954 1591
954 1595
954 1649
954 1661
954 1706
954 1729
954 1732
954 1742
954 1751
954 1781
954 1783
954 1786
954 1794
954 1812
954 1820
954 1824
954 1830
954 1871
954 1893
955 107
955 909
955 1030
955 1043
955 1045
955 1111
955 1197
955 1254
955 1368
955 1788
956 107
956 979
956 1016
956 1138
956 1177
956 1218
956 1403
956 1499
956 1548
956 1889
957 107
957 637
957 896
957 902
957 917
957 975
957 981
957 1036
957 1060
957 1066
957 1067
957 1082
957 1104
957 1120
957 1148
957 1158
957 1170
957 1190
957 1192
957 1204
957 1227
957 1231
957 1235
957 1257
957 1277
957 1284
957 1286
957 1292
957 1298
957 1315
957 1322
957 1345
957 1347
957 1379
957 1381
957 1392
957 1404
957 1413
957 1423
957 1432
957 1438
957 1459
957 1462
957 1475
957 1479
957 1550
957 1573
957 1576
957 1578
957 1583
957 1591
957 1596
957 1611
957 1628
957 1636
957 1655
957 1691
957 1715
957 1716
957 1732
957 1764
957 1857
957 1859
957 1873
957 1899
958 107
958 901
958 1097
958 1118
958 1137
958 1186
958 1216
958 1232
958 1319
958 1333
958 1371
958 1452
958 1468
958 1493
958 1533
958 1548
958 1601
958 1648
958 1733
958 1787
958 1798
958 1837
958 1880
958 1895
959 107
959 960
959 972
959 983
959 1006
959 1029
959 1039
959 1040
959 1063
959 1069
959 1078
959 1107
959 1132
959 1153
959 1160
959 1163
959 1199
959 1201
959 1205
959 1207
959 1238
959 1256
959 1271
959 1285
959 1288
959 1330
959 1359
959 1370
959 1380
959 1391
959 1402
959 1409
959 1447
959 1456
959 1457
959 1483
959 1519
959 1551
959 1598
959 1604
959 1619
959 1663
959 1809
959 1832
959 1868
959 1898
960 107
960 916
960 926
960 946
960 959
960 966
960 972
960 982
960 997
960 998
960 1006
960 1017
960 1024
960 1040
960 1059
960 1068
960 1069
960 1078
960 1083
960 1086
960 1091
960 1101
960 1107
960 1123
960 1125
960 1126
960 1130
960 1132
960 1153
960 1156
960 1163
960 1175
960 1199
960 1207
960 1211
960 1214
960 1238
960 1256
960 1271
960 1272
960 1285
960 1287
960 1288
960 1289
960 1291
960 1302
960 1305
960 1331
960 1336
960 1370
960 1388
960 1390
960 1398
960 1399
960 1409
960 1431
960 1447
960 1449
960 1456
960 1471
960 1480
960 1488
960 1519
960 1527
960 1542
960 1547
960 1551
960 1559
960 1571
960 1584
960 1598
960 1603
960 1604
960 1610
960 1612
960 1613
960 1617
960 1619
960 1622
960 1652
960 1663
960 1665
960 1668
960 1707
960 1712
960 1714
960 1736
960 1789
960 1793
960 1799
960 1800
960 1804
960 1809
960 1816
960 1823
960 1827
960 1832
960 1833
960 1839
960 1863
960 1879
960 1888
960 1898
961 107
961 923
961 1038
961 1087
961 1088
961 1197
961 1283
961 1301
961 1327
961 1505
961 1688
961 1780
961 1852
962 107
962 428
962 483
962 641
962 915
962 930
962 1064
962 1095
962 1142
962 1210
962 1212
962 1234
962 1235
962 1294
962 1425
962 1453
962 1487
962 1545
962 1549
962 1574
962 1671
962 1677
962 1743
962 1778
962 1831
962 1844
962 1910
963 107
963 606
963 901
963 903
963 992
963 1097
963 1118
963 1137
963 1216
963 1232
963 1314
963 1319
963 1333
963 1363
963 1371
963 1378
963 1452
963 1468
963 1493
963 1533
963 1548
963 1568
963 1601
963 1629
963 1648
963 1733
963 1747
963 1787
963 1798
963 1802
963 1837
963 1880
963 1895
964 107
964 917
964 1005
964 1041
964 1062
964 1089
964 1109
964 1213
964 1259
964 1278
964 1311
964 1373
964 1415
964 1428
964 1469
964 1482
964 1507
964 1624
964 1664
964 1667
964 1672
964 1725
964 1739
964 1783
964 1876
964 1904
965 107
965 917
965 944
965 986
965 1052
965 1070
965 1188
965 1225
965 1275
965 1299
965 1304
965 1500
965 1536
965 1634
965 1686
965 1703
966 107
966 906
966 916
966 946
966 960
966 978
966 982
966 983
966 999
966 1006
966 1017
966 1024
966 1040
966 1078
966 1083
966 1086
966 1101
966 1107
966 1117
966 1125
966 1126
966 1130
966 1132
966 1153
966 1163
966 1172
966 1181
966 1184
966 1185
966 1191
966 1199
966 1211
966 1219
966 1222
966 1230
966 1238
966 1256
966 1271
966 1285
966 1288
966 1289
966 1291
966 1302
966 1305
966 1330
966 1331
966 1335
966 1336
966 1341
966 1351
966 1352
966 1361
966 1367
966 1370
966 1380
966 1390
966 1399
966 1416
966 1431
966 1449
966 1456
966 1457
966 1471
966 1488
966 1491
966 1516
966 1522
966 1547
966 1556
966 1559
966 1572
966 1584
966 1589
966 1605
966 1610
966 1619
966 1621
966 1652
966 1662
966 1663
966 1665
966 1668
966 1707
966 1714
966 1717
966 1721
966 1730
966 1736
966 1737
966 1746
966 1757
966 1789
966 1793
966 1799
966 1800
966 1804
966 1809
966 1810
966 1813
966 1816
966 1821
966 1823
966 1826
966 1827
966 1832
966 1833
966 1839
966 1849
966 1864
966 1868
966 1879
966 1886
966 1888
966 1898
966 1902
967 107
967 897
967 916
967 921
967 925
967 927
967 946
967 952
967 980
967 993
967 1003
967 1026
967 1047
967 1048
967 1049
967 1054
967 1076
967 1092
967 1110
967 1112
967 1124
967 1126
967 1146
967 1149
967 1175
967 1182
967 1195
967 1230
967 1238
967 1243
967 1250
967 1255
967 1265
967 1272
967 1290
967 1293
967 1305
967 1312
967 1329
967 1334
967 1352
967 1361
967 1365
967 1367
967 1369
967 1376
967 1377
967 1390
967 1402
967 1405
967 1420
967 1431
967 1441
967 1467
967 1480
967 1484
967 1485
967 1509
967 1516
967 1520
967 1522
967 1523
967 1524
967 1528
967 1554
967 1557
967 1559
967 1563
967 1570
967 1584
967 1589
967 1590
967 1603
967 1604
967 1614
967 1621
967 1622
967 1626
967 1637
967 1659
967 1663
967 1675
967 1685
967 1688
967 1689
967 1717
967 1721
967 1730
967 1734
967 1752
967 1753
967 1768
967 1772
967 1774
967 1782
967 1791
967 1796
967 1800
967 1813
967 1827
967 1833
967 1835
967 1843
967 1845
967 1867
967 1888
967 1891
968 107
968 484
968 526
968 566
968 606
968 637
968 913
968 946
968 999
968 1052
968 1054
968 1062
968 1110
968 1172
968 1183
968 1217
968 1334
968 1343
968 1364
968 1429
968 1435
968 1436
968 1444
968 1487
968 1523
968 1536
968 1540
968 1584
968 1630
968 1658
968 1696
968 1699
968 1711
968 1738
968 1794
968 1807
968 1814
968 1818
968 1827
968 1897
969 107
969 898
969 917
969 941
969 942
969 954
969 1014
969 1032
969 1081
969 1099
969 1108
969 1170
969 1261
969 1282
969 1303
969 1396
969 1406
969 1451
969 1502
969 1573
969 1704
969 1729
969 1732
969 1742
969 1751
969 1783
969 1786
969 1794
969 1820
969 1824
969 1871
969 1894
970 107
970 1033
970 1073
970 1307
970 1360
970 1433
970 1511
970 1555
970 1567
970 1615
970 1687
970 1806
970 1825
970 1847
970 1866
971 107
971 898
971 933
971 941
971 942
971 954
971 984
971 1014
971 1020
971 1032
971 1158
971 1204
971 1215
971 1241
971 1247
971 1273
971 1282
971 1347
971 1429
971 1489
971 1495
971 1502
971 1503
971 1591
971 1649
971 1704
971 1706
971 1729
971 1732
971 1783
971 1786
971 1794
971 1850
971 1871
972 107
972 916
972 959
972 960
972 983
972 1006
972 1040
972 1069
972 1101
972 1117
972 1238
972 1256
972 1285
972 1288
972 1359
972 1431
972 1488
972 1736
972 1809
972 1868
972 1900
973 107
973 951
973 990
973 1150
973 1178
973 1272
973 1321
973 1327
973 1369
973 1461
973 1505
973 1561
973 1597
973 1626
973 1656
973 1702
973 1863
973 1883
974 107
974 924
974 1000
974 1010
974 1127
974 1134
974 1228
974 1236
974 1366
974 1640
974 1703
975 107
975 896
975 902
975 957
975 981
975 988
975 1060
975 1104
975 1129
975 1192
975 1204
975 1227
975 1231
975 1235
975 1277
975 1279
975 1292
975 1298
975 1322
975 1345
975 1347
975 1379
975 1404
975 1423
975 1426
975 1438
975 1448
975 1459
975 1462
975 1473
975 1475
975 1479
975 1502
975 1573
975 1576
975 1583
975 1587
975 1591
975 1596
975 1611
975 1628
975 1636
975 1655
975 1680
975 1682
975 1716
975 1786
975 1841
975 1857
975 1862
975 1872
975 1873
975 1899
975 1903
976 107
976 353
976 363
976 366
976 483
976 517
976 580
976 601
976 930
976 1122
976 1349
976 1358
976 1374
976 1514
976 1574
976 1616
976 1645
976 1677
976 1679
976 1692
976 1743
976 1801
976 1878
976 1882
977 107
977 944
977 986
977 1011
977 1041
977 1072
977 1131
977 1169
977 1189
977 1225
977 1249
977 1258
977 1260
977 1304
977 1306
977 1338
977 1348
977 1428
977 1482
977 1624
977 1703
977 1709
977 1748
977 1756
977 1815
977 1831
978 107
978 916
978 925
978 947
978 953
978 966
978 980
978 993
978 1017
978 1047
978 1076
978 1086
978 1117
978 1124
978 1126
978 1132
978 1146
978 1184
978 1185
978 1191
978 1198
978 1199
978 1205
978 1209
978 1222
978 1243
978 1255
978 1269
978 1272
978 1274
978 1305
978 1323
978 1329
978 1330
978 1331
978 1351
978 1352
978 1367
978 1376
978 1377
978 1389
978 1391
978 1399
978 1431
978 1435
978 1439
978 1440
978 1471
978 1484
978 1488
978 1491
978 1509
978 1516
978 1520
978 1522
978 1535
978 1537
978 1547
978 1551
978 1554
978 1557
978 1559
978 1589
978 1603
978 1609
978 1610
978 1612
978 1613
978 1621
978 1622
978 1623
978 1626
978 1643
978 1662
978 1663
978 1669
978 1685
978 1707
978 1717
978 1721
978 1730
978 1734
978 1746
978 1750
978 1757
978 1768
978 1791
978 1793
978 1800
978 1804
978 1811
978 1813
978 1819
978 1827
978 1833
978 1835
978 1839
978 1842
978 1849
978 1874
978 1888
978 1891
978 1902
978 1909
979 107
979 956
979 1016
979 1138
979 1177
979 1218
979 1403
979 1499
979 1562
979 1889
980 107
980 907
980 921
980 925
980 927
980 932
980 934
980 967
980 978
980 993
980 995
980 1017
980 1026
980 1047
980 1048
980 1049
980 1074
980 1078
980 1079
980 1086
980 1116
980 1124
980 1126
980 1128
980 1146
980 1164
980 1175
980 1182
980 1185
980 1191
980 1195
980 1199
980 1209
980 1211
980 1222
980 1230
980 1239
980 1242
980 1243
980 1267
980 1269
980 1272
980 1290
980 1305
980 1312
980 1323
980 1329
980 1331
980 1334
980 1344
980 1351
980 1352
980 1361
980 1367
980 1376
980 1377
980 1393
980 1399
980 1422
980 1431
980 1449
980 1460
980 1467
980 1484
980 1491
980 1516
980 1520
980 1547
980 1551
980 1554
980 1557
980 1559
980 1563
980 1570
980 1584
980 1589
980 1603
980 1608
980 1610
980 1612
980 1613
980 1621
980 1622
980 1632
980 1637
980 1643
980 1644
980 1659
980 1662
980 1663
980 1669
980 1675
980 1683
980 1685
980 1689
980 1707
980 1714
980 1717
980 1721
980 1730
980 1734
980 1746
980 1750
980 1753
980 1761
980 1765
980 1768
980 1774
980 1775
980 1782
980 1793
980 1795
980 1800
980 1804
980 1813
980 1823
980 1827
980 1833
980 1835
980 1839
980 1842
980 1845
980 1861
980 1874
980 1879
980 1888
980 1891
980 1902
981 107
981 896
981 902
981 957
981 975
981 988
981 1036
981 1044
981 1060
981 1067
981 1100
981 1104
981 1120
981 1129
981 1192
981 1204
981 1227
981 1231
981 1235
981 1257
981 1279
981 1292
981 1298
981 1322
981 1347
981 1379
981 1404
981 1426
981 1438
981 1448
981 1459
981 1462
981 1475
981 1479
981 1502
981 1573
981 1583
981 1587
981 1596
981 1611
981 1636
981 1691
981 1786
981 1857
981 1862
981 1872
981 1899
982 107
982 916
982 932
982 960
982 966
982 983
982 998
982 1006
982 1017
982 1029
982 1040
982 1056
982 1078
982 1083
982 1101
982 1125
982 1126
982 1132
982 1153
982 1163
982 1199
982 1207
982 1211
982 1256
982 1269
982 1271
982 1288
982 1291
982 1302
982 1331
982 1336
982 1346
982 1370
982 1380
982 1390
982 1391
982 1399
982 1409
982 1456
982 1457
982 1488
982 1491
982 1516
982 1522
982 1537
982 1547
982 1589
982 1598
982 1604
982 1610
982 1619
982 1663
982 1668
982 1712
982 1714
982 1730
982 1736
982 1754
982 1800
982 1809
982 1821
982 1833
982 1839
982 1845
982 1856
982 1864
982 1888
982 1898
983 107
983 916
983 959
983 966
983 972
983 982
983 1006
983 1040
983 1063
983 1069
983 1078
983 1083
983 1086
983 1101
983 1107
983 1125
983 1153
983 1156
983 1163
983 1199
983 1211
983 1238
983 1256
983 1271
983 1285
983 1288
983 1289
983 1331
983 1336
983 1341
983 1370
983 1380
983 1390
983 1399
983 1402
983 1409
983 1456
983 1457
983 1488
983 1542
983 1547
983 1619
983 1662
983 1665
983 1668
983 1707
983 1712
983 1736
983 1791
983 1793
983 1809
983 1810
983 1832
983 1833
983 1839
983 1845
983 1849
983 1864
983 1868
983 1879
983 1888
983 1898
984 107
984 483
984 896
984 917
984 941
984 942
984 954
984 971
984 1014
984 1020
984 1032
984 1066
984 1099
984 1102
984 1166
984 1192
984 1204
984 1215
984 1245
984 1261
984 1273
984 1282
984 1373
984 1382
984 1396
984 1459
984 1495
984 1502
984 1582
984 1591
984 1649
984 1661
984 1706
984 1729
984 1742
984 1783
984 1786
984 1820
984 1828
984 1871
984 1893
984 1894
985 107
985 1000
985 1090
985 1127
985 1304
985 1634
985 1840
986 107
986 965
986 977
986 1225
986 1236
986 1299
986 1304
986 1308
986 1355
986 1536
986 1634
987 107
987 1177
987 1240
987 1371
987 1758
987 1794
988 107
988 896
988 975
988 981
988 1019
988 1100
988 1104
988 1190
988 1192
988 1204
988 1221
988 1227
988 1231
988 1235
988 1277
988 1279
988 1298
988 1303
988 1322
988 1345
988 1347
988 1426
988 1438
988 1448
988 1459
988 1462
988 1479
988 1515
988 1573
988 1576
988 1583
988 1591
988 1596
988 1628
988 1636
988 1655
988 1715
988 1720
988 1873
988 1893
988 1899
989 107
989 896
989 1009
989 1014
989 1019
989 1044
989 1067
989 1082
989 1104
989 1158
989 1227
989 1231
989 1235
989 1277
989 1322
989 1345
989 1413
989 1432
989 1462
989 1573
989 1583
989 1628
989 1647
989 1655
989 1661
989 1680
989 1716
989 1720
989 1728
989 1729
989 1751
989 1824
989 1857
989 1875
989 1899
990 107
990 973
990 1419
990 1450
990 1505
990 1534
990 1656
990 1666
990 1674
990 1678
990 1684
990 1726
990 2678
990 2760
990 2822
990 2883
990 2941
990 2968
990 3005
990 3057
990 3136
990 3164
990 3222
990 3245
990 3248
990 3263
990 3278
990 3328
990 3361
991 107
991 897
991 922
991 946
991 1034
991 1165
991 1177
991 1283
991 1312
991 1317
991 1467
991 1505
991 1561
991 1590
991 1641
991 1701
991 1726
991 1750
991 1846
992 107
992 901
992 903
992 917
992 938
992 963
992 1097
992 1118
992 1216
992 1314
992 1333
992 1363
992 1371
992 1378
992 1424
992 1452
992 1468
992 1533
992 1548
992 1568
992 1601
992 1629
992 1648
992 1733
992 1747
992 1784
992 1787
992 1798
992 1837
992 1880
992 1895
993 107
993 526
993 916
993 921
993 925
993 927
993 934
993 946
993 947
993 952
993 953
993 967
993 978
993 980
993 1006
993 1026
993 1028
993 1048
993 1059
993 1076
993 1079
993 1086
993 1101
993 1110
993 1117
993 1122
993 1126
993 1128
993 1135
993 1146
993 1149
993 1172
993 1175
993 1182
993 1184
993 1185
993 1191
993 1195
993 1199
993 1205
993 1209
993 1211
993 1214
993 1243
993 1255
993 1256
993 1267
993 1269
993 1287
993 1289
993 1290
993 1291
993 1302
993 1312
993 1329
993 1330
993 1335
993 1341
993 1352
993 1359
993 1361
993 1376
993 1377
993 1389
993 1390
993 1391
993 1399
993 1407
993 1409
993 1420
993 1431
993 1447
993 1460
993 1467
993 1470
993 1471
993 1484
993 1491
993 1509
993 1513
993 1516
993 1522
993 1530
993 1535
993 1539
993 1551
993 1554
993 1557
993 1559
993 1580
993 1584
993 1589
993 1590
993 1597
993 1598
993 1600
993 1603
993 1604
993 1608
993 1609
993 1612
993 1613
993 1617
993 1620
993 1621
993 1622
993 1632
993 1637
993 1639
993 1643
993 1659
993 1662
993 1663
993 1669
993 1675
993 1683
993 1685
993 1688
993 1689
993 1714
993 1717
993 1721
993 1730
993 1734
993 1735
993 1746
993 1750
993 1753
993 1757
993 1761
993 1768
993 1772
993 1791
993 1793
993 1796
993 1799
993 1800
993 1804
993 1813
993 1823
993 1827
993 1833
993 1835
993 1839
993 1842
993 1849
993 1851
993 1864
993 1867
993 1877
993 1886
993 1888
993 1891
993 1902
994 107
994 896
994 1009
994 1021
994 1067
994 1159
994 1192
994 1217
994 1235
994 1258
994 1366
994 1426
994 1427
994 1435
994 1448
994 1459
994 1473
994 1479
994 1492
994 1525
994 1569
994 1573
994 1584
994 1630
994 1658
994 1807
994 1818
995 107
995 897
995 921
995 932
995 953
995 980
995 997
995 1029
995 1074
995 1083
995 1084
995 1160
995 1171
995 1173
995 1180
995 1201
995 1205
995 1214
995 1219
995 1238
995 1239
995 1243
995 1265
995 1271
995 1274
995 1280
995 1323
995 1330
995 1331
995 1334
995 1352
995 1361
995 1377
995 1388
995 1409
995 1419
995 1431
995 1447
995 1458
995 1460
995 1461
995 1470
995 1483
995 1488
995 1517
995 1519
995 1535
995 1540
995 1551
995 1553
995 1554
995 1559
995 1570
995 1580
995 1620
995 1651
995 1665
995 1722
995 1730
995 1741
995 1768
995 1809
995 1813
995 1826
995 1861
995 1868
996 107
996 1087
996 1505
996 1860
997 107
997 926
997 932
997 953
997 960
997 995
997 1006
997 1024
997 1029
997 1056
997 1083
997 1101
997 1117
997 1124
997 1125
997 1132
997 1146
997 1153
997 1160
997 1163
997 1172
997 1173
997 1180
997 1191
997 1199
997 1201
997 1205
997 1214
997 1222
997 1238
997 1243
997 1255
997 1256
997 1267
997 1280
997 1323
997 1330
997 1331
997 1336
997 1359
997 1361
997 1377
997 1388
997 1389
997 1391
997 1402
997 1409
997 1447
997 1456
997 1470
997 1471
997 1480
997 1483
997 1509
997 1517
997 1520
997 1535
997 1551
997 1559
997 1563
997 1570
997 1571
997 1580
997 1604
997 1605
997 1608
997 1609
997 1610
997 1613
997 1620
997 1622
997 1637
997 1663
997 1665
997 1668
997 1669
997 1675
997 1712
997 1722
997 1730
997 1741
997 1768
997 1772
997 1791
997 1793
997 1804
997 1809
997 1811
997 1813
997 1835
997 1842
997 1861
997 1868
997 1888
997 1898
997 1902
998 107
998 960
998 982
998 1029
998 1173
998 1330
998 1346
998 1537
998 1722
999 107
999 916
999 925
999 947
999 966
999 968
999 1006
999 1017
999 1059
999 1068
999 1076
999 1078
999 1079
999 1092
999 1124
999 1125
999 1126
999 1132
999 1172
999 1181
999 1184
999 1185
999 1199
999 1211
999 1222
999 1230
999 1291
999 1335
999 1351
999 1352
999 1361
999 1367
999 1376
999 1399
999 1416
999 1431
999 1437
999 1439
999 1471
999 1491
999 1516
999 1530
999 1532
999 1538
999 1547
999 1551
999 1554
999 1584
999 1589
999 1603
999 1612
999 1617
999 1621
999 1652
999 1653
999 1669
999 1707
999 1714
999 1721
999 1737
999 1746
999 1750
999 1752
999 1757
999 1799
999 1800
999 1804
999 1810
999 1821
999 1823
999 1827
999 1833
999 1839
999 1842
999 1864
999 1879
999 1888
