100 0
100 64
100 119
100 150
100 163
100 189
100 217
100 269
100 323
101 0
101 24
101 53
101 80
101 92
101 94
101 180
101 187
101 194
101 204
101 242
101 249
101 254
101 266
101 299
101 302
101 317
101 330
101 346
102 0
102 99
102 175
102 227
102 263
102 296
103 0
103 7
103 25
103 56
103 98
103 136
103 169
103 172
103 185
103 200
103 211
103 252
103 271
103 285
103 323
103 339
104 0
104 21
104 25
104 26
104 45
104 55
104 56
104 67
104 98
104 109
104 113
104 122
104 123
104 128
104 142
104 169
104 186
104 188
104 200
104 203
104 212
104 239
104 252
104 271
104 277
104 295
104 303
104 318
104 322
104 325
104 332
104 344
105 0
105 9
105 21
105 25
105 39
105 69
105 119
105 148
105 236
105 257
105 272
105 277
105 280
105 315
106 0
106 29
106 88
106 169
106 231
106 238
106 329
106 332
107 0
107 58
107 171
107 348
107 353
107 363
107 366
107 376
107 389
107 414
107 420
107 428
107 475
107 483
107 484
107 517
107 526
107 538
107 563
107 566
107 580
107 596
107 601
107 606
107 629
107 637
107 641
107 649
107 651
107 896
107 897
107 898
107 899
107 900
107 901
107 902
107 903
107 904
107 905
107 906
107 907
107 908
107 909
107 910
107 911
107 912
107 913
107 914
107 915
107 916
107 917
107 918
107 919
107 920
107 921
107 922
107 923
107 924
107 925
107 926
107 927
107 928
107 929
107 930
107 931
107 932
107 933
107 934
107 935
107 936
107 937
107 938
107 939
107 940
107 941
107 942
107 943
107 944
107 945
107 946
107 947
107 948
107 949
107 950
107 951
107 952
107 953
107 954
107 955
107 956
107 957
107 958
107 959
107 960
107 961
107 962
107 963
107 964
107 965
107 966
107 967
107 968
107 969
107 970
107 971
107 972
107 973
107 974
107 975
107 976
107 977
107 978
107 979
107 980
107 981
107 982
107 983
107 984
107 985
107 986
107 987
107 988
107 989
107 990
107 991
107 992
107 993
107 994
107 995
107 996
107 997
107 998
107 999
107 1000
107 1001
107 1002
107 1003
107 1004
107 1005
107 1006
107 1007
107 1008
107 1009
107 1010
107 1011
107 1012
107 1013
107 1014
107 1015
107 1016
107 1017
107 1018
107 1019
107 1020
107 1021
107 1022
107 1023
107 1024
107 1025
107 1026
107 1027
107 1028
107 1029
107 1030
107 1031
107 1032
107 1033
107 1034
107 1035
107 1036
107 1037
107 1038
107 1039
107 1040
107 1041
107 1042
107 1043
107 1044
107 1045
107 1046
107 1047
107 1048
107 1049
107 1050
107 1051
107 1052
107 1053
107 1054
107 1055
107 1056
107 1057
107 1058
107 1059
107 1060
107 1061
107 1062
107 1063
107 1064
107 1065
107 1066
107 1067
107 1068
107 1069
107 1070
107 1071
107 1072
107 1073
107 1074
107 1075
107 1076
107 1077
107 1078
107 1079
107 1080
107 1081
107 1082
107 1083
107 1084
107 1085
107 1086
107 1087
107 1088
107 1089
107 1090
107 1091
107 1092
107 1093
107 1094
107 1095
107 1096
107 1097
107 1098
107 1099
107 1100
107 1101
107 1102
107 1103
107 1104
107 1105
107 1106
107 1107
107 1108
107 1109
107 1110
107 1111
107 1112
107 1113
107 1114
107 1115
107 1116
107 1117
107 1118
107 1119
107 1120
107 1121
107 1122
107 1123
107 1124
107 1125
107 1126
107 1127
107 1128
107 1129
107 1130
107 1131
107 1132
107 1133
107 1134
107 1135
107 1136
107 1137
107 1138
107 1139
107 1140
107 1141
107 1142
107 1143
107 1144
107 1145
107 1146
107 1147
107 1148
107 1149
107 1150
107 1151
107 1152
107 1153
107 1154
107 1155
107 1156
107 1157
107 1158
107 1159
107 1160
107 1161
107 1162
107 1163
107 1164
107 1165
107 1166
107 1167
107 1168
107 1169
107 1170
107 1171
107 1172
107 1173
107 1174
107 1175
107 1176
107 1177
107 1178
107 1179
107 1180
107 1181
107 1182
107 1183
107 1184
107 1185
107 1186
107 1187
107 1188
107 1189
107 1190
107 1191
107 1192
107 1193
107 1194
107 1195
107 1196
107 1197
107 1198
107 1199
107 1200
107 1201
107 1202
107 1203
107 1204
107 1205
107 1206
107 1207
107 1208
107 1209
107 1210
107 1211
107 1212
107 1213
107 1214
107 1215
107 1216
107 1217
107 1218
107 1219
107 1220
107 1221
107 1222
107 1223
107 1224
107 1225
107 1226
107 1227
107 1228
107 1229
107 1230
107 1231
107 1232
107 1233
107 1234
107 1235
107 1236
107 1237
107 1238
107 1239
107 1240
107 1241
107 1242
107 1243
107 1244
107 1245
107 1246
107 1247
107 1248
107 1249
107 1250
107 1251
107 1252
107 1253
107 1254
107 1255
107 1256
107 1257
107 1258
107 1259
107 1260
107 1261
107 1262
107 1263
107 1264
107 1265
107 1266
107 1267
107 1268
107 1269
107 1270
107 1271
107 1272
107 1273
107 1274
107 1275
107 1276
107 1277
107 1278
107 1279
107 1280
107 1281
107 1282
107 1283
107 1284
107 1285
107 1286
107 1287
107 1288
107 1289
107 1290
107 1291
107 1292
107 1293
107 1294
107 1295
107 1296
107 1297
107 1298
107 1299
107 1300
107 1301
107 1302
107 1303
107 1304
107 1305
107 1306
107 1307
107 1308
107 1309
107 1310
107 1311
107 1312
107 1313
107 1314
107 1315
107 1316
107 1317
107 1318
107 1319
107 1320
107 1321
107 1322
107 1323
107 1324
107 1325
107 1326
107 1327
107 1328
107 1329
107 1330
107 1331
107 1332
107 1333
107 1334
107 1335
107 1336
107 1337
107 1338
107 1339
107 1340
107 1341
107 1342
107 1343
107 1344
107 1345
107 1346
107 1347
107 1348
107 1349
107 1350
107 1351
107 1352
107 1353
107 1354
107 1355
107 1356
107 1357
107 1358
107 1359
107 1360
107 1361
107 1362
107 1363
107 1364
107 1365
107 1366
107 1367
107 1368
107 1369
107 1370
107 1371
107 1372
107 1373
107 1374
107 1375
107 1376
107 1377
107 1378
107 1379
107 1380
107 1381
107 1382
107 1383
107 1384
107 1385
107 1386
107 1387
107 1388
107 1389
107 1390
107 1391
107 1392
107 1393
107 1394
107 1395
107 1396
107 1397
107 1398
107 1399
107 1400
107 1401
107 1402
107 1403
107 1404
107 1405
107 1406
107 1407
107 1408
107 1409
107 1410
107 1411
107 1412
107 1413
107 1414
107 1415
107 1416
107 1417
107 1418
107 1419
107 1420
107 1421
107 1422
107 1423
107 1424
107 1425
107 1426
107 1427
107 1428
107 1429
107 1430
107 1431
107 1432
107 1433
107 1434
107 1435
107 1436
107 1437
107 1438
107 1439
107 1440
107 1441
107 1442
107 1443
107 1444
107 1445
107 1446
107 1447
107 1448
107 1449
107 1450
107 1451
107 1452
107 1453
107 1454
107 1455
107 1456
107 1457
107 1458
107 1459
107 1460
107 1461
107 1462
107 1463
107 1464
107 1465
107 1466
107 1467
107 1468
107 1469
107 1470
107 1471
107 1472
107 1473
107 1474
107 1475
107 1476
107 1477
107 1478
107 1479
107 1480
107 1481
107 1482
107 1483
107 1484
107 1485
107 1486
107 1487
107 1488
107 1489
107 1490
107 1491
107 1492
107 1493
107 1494
107 1495
107 1496
107 1497
107 1498
107 1499
107 1500
107 1501
107 1502
107 1503
107 1504
107 1505
107 1506
107 1507
107 1508
107 1509
107 1510
107 1511
107 1512
107 1513
107 1514
107 1515
107 1516
107 1517
107 1518
107 1519
107 1520
107 1521
107 1522
107 1523
107 1524
107 1525
107 1526
107 1527
107 1528
107 1529
107 1530
107 1531
107 1532
107 1533
107 1534
107 1535
107 1536
107 1537
107 1538
107 1539
107 1540
107 1541
107 1542
107 1543
107 1544
107 1545
107 1546
107 1547
107 1548
107 1549
107 1550
107 1551
107 1552
107 1553
107 1554
107 1555
107 1556
107 1557
107 1558
107 1559
107 1560
107 1561
107 1562
107 1563
107 1564
107 1565
107 1566
107 1567
107 1568
107 1569
107 1570
107 1571
107 1572
107 1573
107 1574
107 1575
107 1576
107 1577
107 1578
107 1579
107 1580
107 1581
107 1582
107 1583
107 1584
107 1585
107 1586
107 1587
107 1588
107 1589
107 1590
107 1591
107 1592
107 1593
107 1594
107 1595
107 1596
107 1597
107 1598
107 1599
107 1600
107 1601
107 1602
107 1603
107 1604
107 1605
107 1606
107 1607
107 1608
107 1609
107 1610
107 1611
107 1612
107 1613
107 1614
107 1615
107 1616
107 1617
107 1618
107 1619
107 1620
107 1621
107 1622
107 1623
107 1624
107 1625
107 1626
107 1627
107 1628
107 1629
107 1630
107 1631
107 1632
107 1633
107 1634
107 1635
107 1636
107 1637
107 1638
107 1639
107 1640
107 1641
107 1642
107 1643
107 1644
107 1645
107 1646
107 1647
107 1648
107 1649
107 1650
107 1651
107 1652
107 1653
107 1654
107 1655
107 1656
107 1657
107 1658
107 1659
107 1660
107 1661
107 1662
107 1663
107 1664
107 1665
107 1666
107 1667
107 1668
107 1669
107 1670
107 1671
107 1672
107 1673
107 1674
107 1675
107 1676
107 1677
107 1678
107 1679
107 1680
107 1681
107 1682
107 1683
107 1684
107 1685
107 1686
107 1687
107 1688
107 1689
107 1690
107 1691
107 1692
107 1693
107 1694
107 1695
107 1696
107 1697
107 1698
107 1699
107 1700
107 1701
107 1702
107 1703
107 1704
107 1705
107 1706
107 1707
107 1708
107 1709
107 1710
107 1711
107 1712
107 1713
107 1714
107 1715
107 1716
107 1717
107 1718
107 1719
107 1720
107 1721
107 1722
107 1723
107 1724
107 1725
107 1726
107 1727
107 1728
107 1729
107 1730
107 1731
107 1732
107 1733
107 1734
107 1735
107 1736
107 1737
107 1738
107 1739
107 1740
107 1741
107 1742
107 1743
107 1744
107 1745
107 1746
107 1747
107 1748
107 1749
107 1750
107 1751
107 1752
107 1753
107 1754
107 1755
107 1756
107 1757
107 1758
107 1759
107 1760
107 1761
107 1762
107 1763
107 1764
107 1765
107 1766
107 1767
107 1768
107 1769
107 1770
107 1771
107 1772
107 1773
107 1774
107 1775
107 1776
107 1777
107 1778
107 1779
107 1780
107 1781
107 1782
107 1783
107 1784
107 1785
107 1786
107 1787
107 1788
107 1789
107 1790
107 1791
107 1792
107 1793
107 1794
107 1795
107 1796
107 1797
107 1798
107 1799
107 1800
107 1801
107 1802
107 1803
107 1804
107 1805
107 1806
107 1807
107 1808
107 1809
107 1810
107 1811
107 1812
107 1813
107 1814
107 1815
107 1816
107 1817
107 1818
107 1819
107 1820
107 1821
107 1822
107 1823
107 1824
107 1825
107 1826
107 1827
107 1828
107 1829
107 1830
107 1831
107 1832
107 1833
107 1834
107 1835
107 1836
107 1837
107 1838
107 1839
107 1840
107 1841
107 1842
107 1843
107 1844
107 1845
107 1846
107 1847
107 1848
107 1849
107 1850
107 1851
107 1852
107 1853
107 1854
107 1855
107 1856
107 1857
107 1858
107 1859
107 1860
107 1861
107 1862
107 1863
107 1864
107 1865
107 1866
107 1867
107 1868
107 1869
107 1870
107 1871
107 1872
107 1873
107 1874
107 1875
107 1876
107 1877
107 1878
107 1879
107 1880
107 1881
107 1882
107 1883
107 1884
107 1885
107 1886
107 1887
107 1888
107 1889
107 1890
107 1891
107 1892
107 1893
107 1894
107 1895
107 1896
107 1897
107 1898
107 1899
107 1900
107 1901
107 1902
107 1903
107 1904
107 1905
107 1906
107 1907
107 1908
107 1909
107 1910
107 1911
108 0
108 21
108 36
108 57
108 127
108 159
108 184
108 197
108 251
108 272
108 281
108 284
108 320
109 0
109 13
109 21
109 26
109 31
109 50
109 56
109 67
109 98
109 104
109 118
109 119
109 122
109 142
109 148
109 158
109 169
109 186
109 200
109 203
109 229
109 239
109 252
109 271
109 277
109 285
109 295
109 297
109 303
109 304
109 314
109 322
109 323
109 324
109 325
109 331
109 332
110 0
110 8
110 91
110 259
110 264
111 0
111 17
111 20
111 41
111 44
111 93
111 137
111 214
111 279
111 310
111 312
111 326
111 337
111 343
112 0
112 19
112 174
113 0
113 9
113 25
113 26
113 40
113 50
113 56
113 66
113 67
113 72
113 98
113 104
113 119
113 121
113 122
113 132
113 134
113 142
113 148
113 158
113 165
113 169
113 172
113 186
113 188
113 199
113 200
113 203
113 239
113 252
113 261
113 271
113 277
113 285
113 291
113 304
113 313
113 325
113 334
113 342
114 0
115 0
115 2
115 14
115 17
115 19
115 20
115 28
115 41
115 116
115 137
115 140
115 144
115 149
115 192
115 214
115 220
115 226
115 262
115 312
115 326
115 343
116 0
116 2
116 14
116 17
116 23
116 28
116 41
116 115
116 140
116 144
116 149
116 162
116 214
116 226
116 312
116 326
116 343
117 0
117 38
117 77
117 231
117 280
117 285
118 0
118 13
118 16
118 26
118 29
118 56
118 59
118 65
118 67
118 82
118 98
118 109
118 134
118 161
118 172
118 199
118 200
118 203
118 211
118 222
118 238
118 239
118 252
118 261
118 265
118 268
118 271
118 277
118 283
118 304
118 313
118 322
118 324
118 325
118 331
118 342
119 0
119 1
119 9
119 13
119 21
119 25
119 26
119 27
119 39
119 48
119 50
119 54
119 56
119 64
119 67
119 79
119 82
119 98
119 100
119 105
119 109
119 113
119 122
119 125
119 128
119 132
119 146
119 148
119 150
119 163
119 170
119 171
119 176
119 185
119 188
119 189
119 199
119 200
119 203
119 208
119 217
119 229
119 239
119 248
119 252
119 261
119 269
119 271
119 277
119 280
119 285
119 297
119 313
119 318
119 323
119 324
119 325
119 329
119 331
119 332
119 339
119 342
120 0
120 136
120 247
120 277
121 0
121 21
121 39
121 69
121 82
121 113
121 165
121 169
121 206
121 236
121 280
121 315
122 0
122 3
122 5
122 9
122 21
122 25
122 26
122 31
122 45
122 55
122 56
122 62
122 66
122 67
122 98
122 104
122 109
122 113
122 119
122 123
122 128
122 136
122 141
122 142
122 156
122 161
122 169
122 170
122 176
122 186
122 188
122 200
122 203
122 213
122 224
122 232
122 235
122 236
122 239
122 248
122 251
122 252
122 261
122 271
122 272
122 274
122 276
122 277
122 280
122 281
122 284
122 285
122 297
122 303
122 304
122 315
122 322
122 323
122 325
122 332
122 342
122 344
122 345
123 0
123 21
123 26
123 55
123 67
123 82
123 98
123 104
123 122
123 142
123 186
123 200
123 239
123 252
123 261
123 318
123 334
123 342
124 0
124 23
124 157
124 170
125 0
125 119
125 136
125 169
126 0
126 1
126 48
126 73
126 88
126 260
126 322
127 0
127 21
127 36
127 108
127 135
127 139
127 159
127 184
127 197
127 251
127 272
127 281
127 284
127 309
127 320
127 346
128 0
128 9
128 26
128 56
128 67
128 98
128 104
128 119
128 122
128 150
128 169
128 170
128 172
128 176
128 186
128 199
128 203
128 211
128 213
128 223
128 248
128 252
128 265
128 271
128 313
128 315
128 322
128 334
129 0
129 7
129 31
129 168
129 291
129 339
129 347
130 0
130 25
130 48
130 53
130 62
130 73
130 88
130 191
130 204
130 213
130 257
130 277
130 300
130 322
130 329
130 346
131 0
131 99
131 143
131 177
131 225
131 227
131 278
132 0
132 40
132 45
132 56
132 72
132 113
132 119
132 134
132 158
132 242
132 277
132 303
132 311
132 315
132 317
132 334
133 0
133 1
133 9
133 26
133 40
133 62
133 96
133 141
133 183
133 188
133 224
133 232
133 236
133 271
133 276
133 280
133 315
133 322
134 0
134 9
134 21
134 26
134 56
134 66
134 67
134 113
134 118
134 132
134 142
134 199
134 203
134 238
134 248
134 252
134 277
134 304
134 334
135 0
135 36
135 127
135 184
135 197
135 251
135 281
135 284
135 309
135 320
136 0
136 7
136 21
136 56
136 67
136 87
136 103
136 120
136 122
136 125
136 146
136 156
136 169
136 213
136 246
136 285
136 304
136 308
136 315
136 322
136 324
136 339
136 1718
136 1912
136 1926
136 1932
136 1939
136 1945
136 1951
136 1955
136 1972
136 1973
136 1976
136 1991
136 1995
136 1998
136 2001
136 2004
136 2007
136 2009
136 2018
136 2024
136 2027
136 2032
136 2038
136 2039
136 2042
136 2054
136 2068
136 2071
136 2072
136 2081
136 2102
136 2111
136 2116
136 2117
136 2127
136 2128
136 2133
136 2135
136 2138
136 2143
136 2153
136 2157
136 2171
136 2174
136 2180
136 2183
136 2187
136 2189
136 2199
136 2203
136 2223
136 2224
136 2225
136 2247
136 2250
136 2254
136 2264
136 2267
136 2268
136 2279
136 2283
136 2284
136 2289
136 2292
136 2302
136 2319
136 2327
136 2336
136 2337
136 2364
136 2378
136 2384
136 2398
136 2417
136 2436
136 2445
136 2447
136 2451
136 2458
136 2459
136 2461
136 2463
136 2471
136 2472
136 2475
136 2491
136 2494
136 2498
136 2502
136 2508
136 2510
136 2511
136 2529
136 2533
136 2538
136 2543
136 2547
136 2571
136 2583
136 2589
136 2598
136 2617
136 2629
136 2635
136 2636
136 2640
136 2643
136 2647
136 2649
136 2653
136 2660
137 0
137 17
137 32
137 41
137 93
137 111
137 115
137 140
137 167
137 214
137 243
137 289
137 310
137 312
137 326
137 337
138 0
138 19
139 0
139 127
139 159
139 184
139 197
139 251
139 281
139 284
139 320
140 0
140 17
140 28
140 41
140 115
140 116
140 137
140 144
140 214
140 312
140 326
141 0
141 9
141 25
141 26
141 38
141 39
141 40
141 56
141 62
141 67
141 72
141 98
141 122
141 133
141 172
141 199
141 224
141 236
141 239
141 257
141 258
141 271
141 272
141 276
141 280
141 291
141 304
141 323
142 0
142 3
142 9
142 10
142 21
142 26
142 31
142 40
142 45
142 56
142 62
142 66
142 67
142 104
142 109
142 113
142 122
142 123
142 134
142 158
142 161
142 169
142 170
142 186
142 188
142 200
142 203
142 236
142 239
142 252
142 271
142 277
142 280
142 285
142 297
142 303
142 308
142 315
142 322
142 323
142 332
142 334
142 345
143 0
143 35
143 46
143 68
143 99
143 131
143 175
143 177
143 225
143 227
143 278
143 321
144 0
144 14
144 17
144 23
144 28
144 41
144 115
144 116
144 140
144 149
144 151
144 226
144 312
144 326
144 343
145 0
145 179
146 0
146 50
146 53
146 119
146 136
146 148
146 285
146 313
146 317
146 339
147 0
147 6
147 89
147 95
147 219
147 319
148 0
148 9
148 13
148 25
148 50
148 82
148 98
148 105
148 109
148 113
148 119
148 146
148 176
148 185
148 224
148 229
148 261
148 271
148 272
148 339
149 0
149 2
149 14
149 20
149 28
149 115
149 116
149 144
149 162
149 226
149 312
149 326
149 333
149 343
