1050 107
1050 1055
1050 1266
1050 1328
1050 1441
1050 1544
1050 1564
1050 1585
1050 1779
1050 1822
1050 1905
1051 107
1051 917
1051 924
1051 943
1051 944
1051 1010
1051 1042
1051 1064
1051 1070
1051 1152
1051 1159
1051 1166
1051 1183
1051 1188
1051 1225
1051 1228
1051 1236
1051 1258
1051 1260
1051 1275
1051 1306
1051 1310
1051 1338
1051 1355
1051 1366
1051 1444
1051 1472
1051 1473
1051 1481
1051 1496
1051 1500
1051 1525
1051 1536
1051 1569
1051 1584
1051 1630
1051 1686
1051 1699
1051 1703
1051 1709
1051 1727
1051 1738
1051 1767
1051 1783
1051 1807
1051 1876
1052 107
1052 606
1052 913
1052 914
1052 917
1052 949
1052 965
1052 968
1052 1011
1052 1037
1052 1041
1052 1042
1052 1070
1052 1106
1052 1109
1052 1121
1052 1159
1052 1188
1052 1217
1052 1225
1052 1226
1052 1247
1052 1259
1052 1260
1052 1299
1052 1304
1052 1310
1052 1338
1052 1343
1052 1348
1052 1355
1052 1366
1052 1408
1052 1428
1052 1436
1052 1444
1052 1453
1052 1472
1052 1482
1052 1496
1052 1504
1052 1507
1052 1525
1052 1529
1052 1536
1052 1541
1052 1620
1052 1630
1052 1634
1052 1681
1052 1686
1052 1699
1052 1725
1052 1727
1052 1738
1052 1770
1052 1807
1052 1818
1052 1876
1052 1881
1052 1885
1052 1895
1052 1897
1053 107
1053 1062
1053 1138
1053 1171
1053 1183
1053 1607
1053 1808
1053 1896
1054 107
1054 526
1054 906
1054 925
1054 952
1054 967
1054 968
1054 1003
1054 1049
1054 1059
1054 1075
1054 1086
1054 1092
1054 1110
1054 1128
1054 1209
1054 1242
1054 1250
1054 1278
1054 1293
1054 1344
1054 1367
1054 1375
1054 1376
1054 1390
1054 1416
1054 1435
1054 1529
1054 1540
1054 1554
1054 1557
1054 1572
1054 1600
1054 1608
1054 1612
1054 1613
1054 1644
1054 1659
1054 1688
1054 1689
1054 1707
1054 1717
1054 1721
1054 1724
1054 1737
1054 1746
1054 1752
1054 1761
1054 1768
1054 1795
1054 1800
1054 1819
1054 1827
1054 1861
1055 107
1055 1050
1055 1266
1055 1431
1055 1434
1055 1441
1055 1513
1055 1544
1055 1564
1055 1585
1055 1666
1055 1779
1055 1822
1055 1905
1056 107
1056 926
1056 932
1056 953
1056 982
1056 997
1056 1029
1056 1048
1056 1078
1056 1110
1056 1124
1056 1135
1056 1160
1056 1173
1056 1191
1056 1201
1056 1205
1056 1222
1056 1238
1056 1280
1056 1290
1056 1323
1056 1329
1056 1330
1056 1359
1056 1377
1056 1391
1056 1409
1056 1447
1056 1457
1056 1483
1056 1519
1056 1527
1056 1528
1056 1551
1056 1559
1056 1570
1056 1580
1056 1584
1056 1598
1056 1604
1056 1609
1056 1620
1056 1637
1056 1663
1056 1669
1056 1675
1056 1685
1056 1688
1056 1712
1056 1722
1056 1754
1056 1768
1056 1772
1056 1791
1056 1793
1056 1800
1056 1805
1056 1811
1056 1813
1056 1842
1056 1861
1056 1864
1056 1898
1056 1902
1057 107
1057 917
1057 1138
1057 1607
1057 1664
1058 107
1058 897
1058 1077
1058 1171
1058 1470
1058 1552
1058 1642
1059 107
1059 906
1059 921
1059 925
1059 946
1059 947
1059 952
1059 953
1059 960
1059 993
1059 999
1059 1003
1059 1004
1059 1006
1059 1017
1059 1029
1059 1049
1059 1054
1059 1075
1059 1076
1059 1078
1059 1079
1059 1086
1059 1107
1059 1110
1059 1112
1059 1126
1059 1128
1059 1132
1059 1146
1059 1149
1059 1172
1059 1175
1059 1180
1059 1184
1059 1185
1059 1191
1059 1198
1059 1199
1059 1211
1059 1214
1059 1238
1059 1242
1059 1243
1059 1250
1059 1255
1059 1269
1059 1278
1059 1290
1059 1291
1059 1293
1059 1302
1059 1312
1059 1329
1059 1334
1059 1335
1059 1339
1059 1340
1059 1341
1059 1344
1059 1352
1059 1367
1059 1370
1059 1375
1059 1376
1059 1377
1059 1380
1059 1390
1059 1391
1059 1399
1059 1416
1059 1420
1059 1431
1059 1435
1059 1467
1059 1471
1059 1488
1059 1491
1059 1509
1059 1516
1059 1520
1059 1522
1059 1523
1059 1524
1059 1530
1059 1532
1059 1539
1059 1540
1059 1544
1059 1547
1059 1551
1059 1554
1059 1557
1059 1559
1059 1563
1059 1570
1059 1572
1059 1584
1059 1589
1059 1598
1059 1600
1059 1603
1059 1610
1059 1612
1059 1613
1059 1617
1059 1620
1059 1621
1059 1622
1059 1623
1059 1632
1059 1643
1059 1644
1059 1652
1059 1653
1059 1659
1059 1662
1059 1663
1059 1665
1059 1669
1059 1683
1059 1685
1059 1688
1059 1689
1059 1707
1059 1712
1059 1714
1059 1717
1059 1721
1059 1724
1059 1730
1059 1735
1059 1736
1059 1737
1059 1746
1059 1750
1059 1752
1059 1754
1059 1757
1059 1761
1059 1765
1059 1768
1059 1789
1059 1793
1059 1795
1059 1796
1059 1799
1059 1800
1059 1804
1059 1810
1059 1816
1059 1819
1059 1823
1059 1827
1059 1833
1059 1835
1059 1839
1059 1849
1059 1851
1059 1867
1059 1877
1059 1879
1059 1886
1059 1888
1059 1891
1060 107
1060 637
1060 641
1060 896
1060 917
1060 957
1060 975
1060 981
1060 1009
1060 1019
1060 1021
1060 1067
1060 1086
1060 1100
1060 1104
1060 1148
1060 1152
1060 1158
1060 1204
1060 1227
1060 1229
1060 1235
1060 1257
1060 1277
1060 1298
1060 1322
1060 1347
1060 1373
1060 1423
1060 1426
1060 1432
1060 1459
1060 1475
1060 1479
1060 1515
1060 1573
1060 1576
1060 1578
1060 1591
1060 1596
1060 1628
1060 1636
1060 1661
1060 1715
1060 1716
1060 1728
1060 1742
1060 1859
1060 1893
1060 1899
1060 1903
1061 107
1061 928
1061 1136
1061 1144
1061 1174
1061 1325
1061 1328
1061 1494
1061 1676
1061 1687
1062 107
1062 964
1062 968
1062 1053
1062 1183
1062 1223
1062 1226
1062 1343
1062 1357
1062 1435
1062 1436
1062 1444
1062 1469
1062 1540
1062 1630
1062 1696
1062 1699
1062 1739
1062 1783
1062 1794
1062 1876
1062 1896
1063 107
1063 916
1063 959
1063 983
1063 1006
1063 1040
1063 1069
1063 1083
1063 1101
1063 1238
1063 1256
1063 1285
1063 1288
1063 1359
1063 1370
1063 1431
1063 1488
1063 1736
1063 1768
1063 1809
1063 1868
1063 1900
1064 107
1064 931
1064 939
1064 962
1064 1051
1064 1094
1064 1202
1064 1212
1064 1234
1064 1342
1064 1343
1064 1356
1064 1372
1064 1443
1064 1453
1064 1473
1064 1478
1064 1497
1064 1566
1064 1596
1064 1671
1064 1694
1064 1743
1064 1829
1064 1831
1064 1901
1064 1910
1065 107
1065 1739
1066 107
1066 483
1066 898
1066 917
1066 919
1066 942
1066 954
1066 957
1066 984
1066 1009
1066 1014
1066 1018
1066 1020
1066 1032
1066 1080
1066 1082
1066 1099
1066 1102
1066 1108
1066 1148
1066 1158
1066 1166
1066 1192
1066 1204
1066 1245
1066 1261
1066 1277
1066 1281
1066 1282
1066 1303
1066 1306
1066 1309
1066 1316
1066 1324
1066 1347
1066 1373
1066 1382
1066 1392
1066 1396
1066 1406
1066 1451
1066 1454
1066 1459
1066 1473
1066 1495
1066 1504
1066 1508
1066 1515
1066 1582
1066 1595
1066 1638
1066 1661
1066 1716
1066 1729
1066 1732
1066 1742
1066 1783
1066 1786
1066 1812
1066 1820
1066 1824
1066 1828
1066 1848
1066 1871
1066 1875
1066 1893
1066 1894
1066 1907
1067 107
1067 637
1067 896
1067 902
1067 957
1067 981
1067 989
1067 994
1067 1007
1067 1009
1067 1014
1067 1019
1067 1021
1067 1032
1067 1036
1067 1060
1067 1081
1067 1082
1067 1100
1067 1104
1067 1115
1067 1148
1067 1192
1067 1204
1067 1227
1067 1229
1067 1231
1067 1235
1067 1257
1067 1277
1067 1279
1067 1284
1067 1292
1067 1298
1067 1322
1067 1345
1067 1347
1067 1379
1067 1404
1067 1413
1067 1423
1067 1426
1067 1432
1067 1438
1067 1448
1067 1459
1067 1462
1067 1475
1067 1479
1067 1515
1067 1550
1067 1573
1067 1576
1067 1583
1067 1587
1067 1591
1067 1592
1067 1596
1067 1611
1067 1628
1067 1636
1067 1647
1067 1655
1067 1661
1067 1680
1067 1682
1067 1691
1067 1715
1067 1716
1067 1824
1067 1841
1067 1857
1067 1859
1067 1871
1067 1873
1067 1893
1068 107
1068 913
1068 960
1068 999
1068 1086
1068 1153
1068 1156
1068 1160
1068 1163
1068 1181
1068 1207
1068 1211
1068 1238
1068 1256
1068 1271
1068 1280
1068 1331
1068 1365
1068 1370
1068 1390
1068 1436
1068 1456
1068 1457
1068 1488
1068 1571
1068 1580
1068 1598
1068 1604
1068 1613
1068 1619
1068 1620
1068 1622
1068 1644
1068 1660
1068 1662
1068 1665
1068 1707
1068 1712
1068 1736
1068 1768
1068 1793
1068 1809
1068 1823
1068 1832
1068 1839
1068 1849
1068 1881
1068 1888
1068 1898
1069 107
1069 916
1069 959
1069 960
1069 972
1069 983
1069 1006
1069 1040
1069 1063
1069 1101
1069 1238
1069 1285
1069 1288
1069 1302
1069 1431
1069 1488
1069 1621
1069 1736
1069 1809
1069 1868
1069 1900
1070 107
1070 389
1070 563
1070 606
1070 641
1070 917
1070 924
1070 944
1070 965
1070 1007
1070 1010
1070 1011
1070 1035
1070 1037
1070 1041
1070 1051
1070 1052
1070 1109
1070 1110
1070 1152
1070 1159
1070 1170
1070 1183
1070 1188
1070 1213
1070 1225
1070 1228
1070 1236
1070 1258
1070 1259
1070 1260
1070 1275
1070 1296
1070 1303
1070 1306
1070 1310
1070 1338
1070 1348
1070 1355
1070 1366
1070 1412
1070 1427
1070 1429
1070 1446
1070 1448
1070 1469
1070 1472
1070 1473
1070 1482
1070 1496
1070 1500
1070 1504
1070 1507
1070 1525
1070 1529
1070 1531
1070 1536
1070 1549
1070 1624
1070 1630
1070 1633
1070 1634
1070 1672
1070 1686
1070 1699
1070 1703
1070 1709
1070 1738
1070 1745
1070 1760
1070 1770
1070 1781
1070 1815
1070 1828
1070 1869
1070 1876
1070 1897
1070 1904
1071 107
1071 1202
1071 1253
1072 107
1072 944
1072 949
1072 977
1072 1011
1072 1037
1072 1041
1072 1121
1072 1169
1072 1189
1072 1226
1072 1259
1072 1348
1072 1428
1072 1472
1072 1482
1072 1504
1072 1507
1072 1541
1072 1624
1072 1681
1072 1709
1072 1756
1072 1815
1072 1847
1072 1904
1073 107
1073 970
1073 1008
1073 1023
1073 1307
1073 1325
1073 1528
1073 1806
1073 1861
1073 1908
1074 107
1074 526
1074 897
1074 932
1074 980
1074 995
1074 1012
1074 1017
1074 1029
1074 1048
1074 1078
1074 1084
1074 1107
1074 1116
1074 1171
1074 1173
1074 1185
1074 1191
1074 1199
1074 1211
1074 1219
1074 1222
1074 1230
1074 1269
1074 1329
1074 1331
1074 1341
1074 1376
1074 1393
1074 1399
1074 1407
1074 1409
1074 1437
1074 1460
1074 1465
1074 1470
1074 1483
1074 1519
1074 1522
1074 1551
1074 1553
1074 1554
1074 1570
1074 1577
1074 1617
1074 1620
1074 1662
1074 1685
1074 1707
1074 1730
1074 1736
1074 1754
1074 1768
1074 1793
1074 1813
1074 1839
1074 1842
1074 1845
1074 1849
1074 1861
1074 1864
1074 1888
1074 1902
1075 107
1075 353
1075 526
1075 906
1075 925
1075 1003
1075 1012
1075 1026
1075 1048
1075 1049
1075 1054
1075 1059
1075 1076
1075 1086
1075 1110
1075 1112
1075 1123
1075 1128
1075 1146
1075 1175
1075 1184
1075 1209
1075 1222
1075 1242
1075 1243
1075 1250
1075 1278
1075 1290
1075 1340
1075 1344
1075 1352
1075 1367
1075 1376
1075 1377
1075 1390
1075 1407
1075 1416
1075 1460
1075 1513
1075 1520
1075 1522
1075 1523
1075 1528
1075 1539
1075 1554
1075 1557
1075 1572
1075 1597
1075 1600
1075 1609
1075 1614
1075 1620
1075 1621
1075 1637
1075 1644
1075 1659
1075 1688
1075 1717
1075 1724
1075 1730
1075 1737
1075 1746
1075 1752
1075 1754
1075 1765
1075 1768
1075 1791
1075 1795
1075 1800
1075 1813
1075 1816
1075 1819
1075 1827
1075 1845
1075 1861
1075 1864
1075 1867
1075 1870
1075 1877
1075 1888
1076 107
1076 916
1076 925
1076 934
1076 946
1076 952
1076 967
1076 978
1076 993
1076 999
1076 1003
1076 1004
1076 1017
1076 1047
1076 1059
1076 1075
1076 1078
1076 1079
1076 1083
1076 1086
1076 1092
1076 1124
1076 1126
1076 1132
1076 1146
1076 1149
1076 1156
1076 1163
1076 1175
1076 1181
1076 1184
1076 1185
1076 1198
1076 1199
1076 1211
1076 1222
1076 1242
1076 1243
1076 1250
1076 1256
1076 1267
1076 1290
1076 1323
1076 1329
1076 1330
1076 1331
1076 1335
1076 1339
1076 1340
1076 1341
1076 1344
1076 1352
1076 1361
1076 1367
1076 1375
1076 1376
1076 1377
1076 1390
1076 1391
1076 1399
1076 1416
1076 1420
1076 1431
1076 1447
1076 1451
1076 1467
1076 1480
1076 1485
1076 1491
1076 1509
1076 1516
1076 1520
1076 1522
1076 1523
1076 1530
1076 1532
1076 1539
1076 1551
1076 1554
1076 1557
1076 1559
1076 1563
1076 1584
1076 1589
1076 1597
1076 1600
1076 1605
1076 1610
1076 1612
1076 1613
1076 1617
1076 1621
1076 1622
1076 1623
1076 1632
1076 1637
1076 1643
1076 1644
1076 1652
1076 1653
1076 1659
1076 1662
1076 1663
1076 1669
1076 1675
1076 1683
1076 1689
1076 1700
1076 1714
1076 1717
1076 1721
1076 1735
1076 1736
1076 1737
1076 1741
1076 1746
1076 1750
1076 1752
1076 1753
1076 1761
1076 1768
1076 1795
1076 1796
1076 1799
1076 1800
1076 1804
1076 1810
1076 1811
1076 1813
1076 1816
1076 1819
1076 1827
1076 1833
1076 1835
1076 1839
1076 1842
1076 1849
1076 1861
1076 1867
1076 1877
1076 1879
1076 1888
1077 107
1077 908
1077 1058
1077 1165
1077 1171
1077 1202
1077 1337
1077 1465
1077 1577
1077 1642
1077 1702
1077 1858
1077 1863
1077 1866
1077 1911
1078 107
1078 526
1078 906
1078 916
1078 921
1078 946
1078 947
1078 952
1078 953
1078 959
1078 960
1078 966
1078 980
1078 982
1078 983
1078 999
1078 1004
1078 1006
1078 1017
1078 1024
1078 1028
1078 1029
1078 1040
1078 1056
1078 1059
1078 1074
1078 1076
1078 1079
1078 1083
1078 1086
1078 1092
1078 1101
1078 1107
1078 1117
1078 1124
1078 1125
1078 1126
1078 1132
1078 1146
1078 1149
1078 1153
1078 1156
1078 1160
1078 1163
1078 1172
1078 1173
1078 1175
1078 1181
1078 1184
1078 1185
1078 1191
1078 1198
1078 1199
1078 1211
1078 1214
1078 1219
1078 1222
1078 1230
1078 1238
1078 1243
1078 1250
1078 1255
1078 1256
1078 1267
1078 1271
1078 1272
1078 1285
1078 1287
1078 1288
1078 1289
1078 1291
1078 1302
1078 1323
1078 1329
1078 1330
1078 1331
1078 1335
1078 1336
1078 1339
1078 1341
1078 1351
1078 1352
1078 1359
1078 1361
1078 1367
1078 1370
1078 1376
1078 1377
1078 1380
1078 1390
1078 1391
1078 1393
1078 1399
1078 1409
1078 1416
1078 1420
1078 1431
1078 1437
1078 1447
1078 1456
1078 1457
1078 1467
1078 1471
1078 1488
1078 1491
1078 1516
1078 1520
1078 1522
1078 1530
1078 1538
1078 1542
1078 1547
1078 1551
1078 1554
1078 1559
1078 1580
1078 1584
1078 1589
1078 1597
1078 1598
1078 1600
1078 1603
1078 1604
1078 1608
1078 1612
1078 1617
1078 1619
1078 1620
1078 1621
1078 1643
1078 1653
1078 1662
1078 1663
1078 1665
1078 1668
1078 1669
1078 1675
1078 1683
1078 1707
1078 1714
1078 1717
1078 1721
1078 1730
1078 1735
1078 1736
1078 1741
1078 1746
1078 1750
1078 1752
1078 1753
1078 1757
1078 1761
1078 1768
1078 1789
1078 1791
1078 1793
1078 1799
1078 1800
1078 1804
1078 1809
1078 1810
1078 1813
1078 1816
1078 1821
1078 1823
1078 1826
1078 1832
1078 1833
1078 1835
1078 1839
1078 1842
1078 1843
1078 1845
1078 1849
1078 1861
1078 1864
1078 1867
1078 1868
1078 1879
1078 1886
1078 1888
1078 1898
1078 1902
1079 107
1079 916
1079 925
1079 934
1079 946
1079 947
1079 980
1079 993
1079 999
1079 1003
1079 1004
1079 1059
1079 1076
1079 1078
1079 1086
1079 1101
1079 1107
1079 1117
1079 1126
1079 1128
1079 1132
1079 1146
1079 1181
1079 1184
1079 1185
1079 1198
1079 1199
1079 1209
1079 1211
1079 1214
1079 1242
1079 1243
1079 1250
1079 1267
1079 1278
1079 1290
1079 1329
1079 1331
1079 1335
1079 1339
1079 1340
1079 1344
1079 1351
1079 1352
1079 1365
1079 1367
1079 1375
1079 1377
1079 1390
1079 1391
1079 1399
1079 1416
1079 1431
1079 1447
1079 1471
1079 1491
1079 1516
1079 1522
1079 1523
1079 1524
1079 1530
1079 1532
1079 1539
1079 1540
1079 1547
1079 1551
1079 1557
1079 1584
1079 1589
1079 1597
1079 1600
1079 1608
1079 1610
1079 1612
1079 1613
1079 1621
1079 1622
1079 1623
1079 1643
1079 1644
1079 1652
1079 1653
1079 1659
1079 1662
1079 1663
1079 1683
1079 1685
1079 1688
1079 1689
1079 1707
1079 1714
1079 1717
1079 1721
1079 1724
1079 1730
1079 1734
1079 1736
1079 1737
1079 1741
1079 1746
1079 1750
1079 1752
1079 1757
1079 1761
1079 1768
1079 1791
1079 1793
1079 1795
1079 1796
1079 1800
1079 1804
1079 1810
1079 1813
1079 1816
1079 1819
1079 1827
1079 1833
1079 1835
1079 1839
1079 1849
1079 1867
1079 1879
1079 1888
1080 107
1080 353
1080 363
1080 366
1080 483
1080 484
1080 538
1080 580
1080 637
1080 651
1080 930
1080 948
1080 1001
1080 1025
1080 1066
1080 1086
1080 1095
1080 1106
1080 1113
1080 1122
1080 1142
1080 1155
1080 1210
1080 1237
1080 1294
1080 1318
1080 1332
1080 1349
1080 1358
1080 1427
1080 1437
1080 1446
1080 1464
1080 1473
1080 1487
1080 1514
1080 1526
1080 1543
1080 1545
1080 1565
1080 1616
1080 1645
1080 1660
1080 1673
1080 1677
1080 1695
1080 1729
1080 1763
1080 1766
1080 1767
1080 1785
1080 1790
1080 1801
1080 1844
1080 1853
1080 1870
1080 1878
1080 1881
1080 1882
1080 1902
1081 107
1081 896
1081 898
1081 917
1081 941
1081 942
1081 969
1081 1020
1081 1032
1081 1067
1081 1099
1081 1261
1081 1277
1081 1282
1081 1396
1081 1495
1081 1515
1081 1573
1081 1704
1081 1729
1081 1732
1081 1742
1081 1751
1081 1783
1081 1786
1081 1794
1081 1820
1081 1824
1081 1871
1081 1894
1082 107
1082 896
1082 902
1082 957
1082 989
1082 1009
1082 1066
1082 1067
1082 1104
1082 1120
1082 1129
1082 1148
1082 1158
1082 1190
1082 1192
1082 1204
1082 1227
1082 1231
1082 1235
1082 1257
1082 1277
1082 1279
1082 1284
1082 1292
1082 1298
1082 1322
1082 1345
1082 1347
1082 1379
1082 1381
1082 1392
1082 1404
1082 1413
1082 1423
1082 1432
1082 1438
1082 1459
1082 1462
1082 1475
1082 1550
1082 1573
1082 1576
1082 1583
1082 1587
1082 1591
1082 1596
1082 1611
1082 1628
1082 1647
1082 1680
1082 1716
1082 1764
1082 1857
1082 1859
1082 1873
1082 1899
1082 1903
1083 107
1083 897
1083 946
1083 953
1083 960
1083 966
1083 982
1083 983
1083 995
1083 997
1083 1006
1083 1024
1083 1040
1083 1063
1083 1076
1083 1078
1083 1086
1083 1091
1083 1101
1083 1107
1083 1125
1083 1126
1083 1130
1083 1132
1083 1153
1083 1160
1083 1163
1083 1172
1083 1180
1083 1184
1083 1185
1083 1199
1083 1205
1083 1207
1083 1211
1083 1238
1083 1256
1083 1271
1083 1280
1083 1285
1083 1288
1083 1302
1083 1330
1083 1331
1083 1336
1083 1352
1083 1370
1083 1380
1083 1390
1083 1391
1083 1398
1083 1399
1083 1402
1083 1431
1083 1447
1083 1449
1083 1456
1083 1457
1083 1460
1083 1470
1083 1471
1083 1480
1083 1483
1083 1488
1083 1513
1083 1547
1083 1551
1083 1559
1083 1589
1083 1598
1083 1604
1083 1605
1083 1610
1083 1612
1083 1619
1083 1621
1083 1639
1083 1652
1083 1662
1083 1663
1083 1665
1083 1668
1083 1707
1083 1712
1083 1714
1083 1722
1083 1736
1083 1741
1083 1746
1083 1752
1083 1757
1083 1789
1083 1799
1083 1800
1083 1804
1083 1809
1083 1816
1083 1826
1083 1832
1083 1833
1083 1839
1083 1851
1083 1868
1083 1888
1083 1898
1083 1902
1084 107
1084 897
1084 995
1084 1029
1084 1074
1084 1173
1084 1458
1084 1470
1084 1519
1084 1570
1084 1571
1084 1605
1084 1620
1084 1722
1084 1768
1085 107
1085 862
1085 1088
1085 1098
1085 1136
1085 1165
1085 1178
1085 1187
1085 1193
1085 1274
1085 1307
1085 1317
1085 1328
1085 1360
1085 1410
1085 1420
1085 1421
1085 1494
1085 1511
1085 1518
1085 1537
1085 1553
1085 1555
1085 1567
1085 1588
1085 1593
1085 1687
1085 1705
1085 1719
1085 1803
1085 1806
1085 1825
1085 1847
1085 1866
1085 3437
1085 3440
1085 3456
1085 3495
1085 3501
1085 3525
1085 3540
1085 3550
1085 3556
1085 3561
1085 3577
1085 3592
1085 3609
1085 3633
1085 3651
1085 3674
1085 3677
1085 3684
1085 3692
1085 3721
1085 3741
1085 3750
1085 3756
1085 3797
1085 3830
1085 3851
1085 3872
1085 3877
1085 3886
1085 3943
1085 3948
1085 3962
1086 107
1086 483
1086 596
1086 606
1086 637
1086 641
1086 916
1086 917
1086 925
1086 934
1086 946
1086 947
1086 952
1086 953
1086 960
1086 966
1086 978
1086 980
1086 983
1086 993
1086 1003
1086 1006
1086 1022
1086 1024
1086 1029
1086 1032
1086 1049
1086 1054
1086 1059
1086 1060
1086 1068
1086 1075
1086 1076
1086 1078
1086 1079
1086 1080
1086 1083
1086 1091
1086 1101
1086 1112
1086 1117
1086 1123
1086 1125
1086 1126
1086 1128
1086 1130
1086 1132
1086 1135
1086 1143
1086 1146
1086 1149
1086 1153
1086 1156
1086 1163
1086 1164
1086 1172
1086 1175
1086 1180
1086 1184
1086 1185
1086 1192
1086 1198
1086 1199
1086 1201
1086 1207
1086 1211
1086 1214
1086 1222
1086 1235
1086 1238
1086 1243
1086 1250
1086 1255
1086 1256
1086 1267
1086 1271
1086 1273
1086 1285
1086 1288
1086 1289
1086 1291
1086 1298
1086 1302
1086 1312
1086 1318
1086 1329
1086 1330
1086 1335
1086 1339
1086 1344
1086 1351
1086 1352
1086 1358
1086 1367
1086 1370
1086 1375
1086 1376
1086 1377
1086 1390
1086 1391
1086 1399
1086 1402
1086 1416
1086 1418
1086 1423
1086 1427
1086 1429
1086 1431
1086 1436
1086 1447
1086 1449
1086 1456
1086 1457
1086 1463
1086 1467
1086 1471
1086 1480
1086 1483
1086 1488
1086 1509
1086 1516
1086 1517
1086 1522
1086 1539
1086 1547
1086 1556
1086 1557
1086 1563
1086 1565
1086 1570
1086 1571
1086 1589
1086 1598
1086 1600
1086 1603
1086 1604
1086 1605
1086 1608
1086 1610
1086 1613
1086 1617
1086 1619
1086 1620
1086 1621
1086 1622
1086 1632
1086 1643
1086 1652
1086 1659
1086 1660
1086 1662
1086 1663
1086 1665
1086 1668
1086 1674
1086 1675
1086 1679
1086 1680
1086 1688
1086 1689
1086 1707
1086 1714
1086 1715
1086 1717
1086 1721
1086 1722
1086 1727
1086 1730
1086 1735
1086 1736
1086 1737
1086 1741
1086 1746
1086 1750
1086 1753
1086 1754
1086 1757
1086 1761
1086 1768
1086 1789
1086 1799
1086 1800
1086 1804
1086 1809
1086 1810
1086 1813
1086 1823
1086 1827
1086 1830
1086 1832
1086 1833
1086 1835
1086 1842
1086 1844
1086 1849
1086 1861
1086 1867
1086 1868
1086 1877
1086 1879
1086 1886
1086 1888
1086 1898
1086 1902
1086 1907
1087 107
1087 961
1087 996
1087 1283
1087 1317
1087 1505
1087 1838
1088 107
1088 961
1088 1085
1088 1098
1088 1165
1088 1178
1088 1193
1088 1301
1088 1421
1088 1540
1088 1641
1088 1719
1088 1803
1088 1866
1089 107
1089 964
1089 1005
1089 1168
1089 1213
1089 1259
1089 1354
1089 1415
1089 1507
1089 1624
1089 1667
1089 1672
1089 1725
1089 1783
1090 107
1090 985
1090 1127
1090 1131
1090 1141
1090 1228
1090 1236
1090 1244
1090 1304
1090 1634
1090 1703
1090 1725
1090 1749
1091 107
1091 960
1091 1004
1091 1006
1091 1083
1091 1086
1091 1207
1091 1271
1091 1456
1091 1457
1091 1471
1091 1472
1091 1598
1091 1619
1091 1668
1091 1752
1091 1804
1091 1839
1091 1888
1091 1890
1092 107
1092 916
1092 925
1092 946
1092 967
1092 999
1092 1004
1092 1017
1092 1028
1092 1054
1092 1076
1092 1078
1092 1124
1092 1126
1092 1149
1092 1199
1092 1214
1092 1230
1092 1250
1092 1289
1092 1291
1092 1361
1092 1367
1092 1390
1092 1398
1092 1437
1092 1447
1092 1485
1092 1551
1092 1559
1092 1589
1092 1603
1092 1605
1092 1609
1092 1617
1092 1622
1092 1669
1092 1714
1092 1741
1092 1753
1092 1754
1092 1761
1092 1768
1092 1795
1092 1827
1092 1846
1092 1860
1092 1864
1092 1886
1092 1909
1093 107
1093 913
1093 1168
1093 1366
1093 1529
1093 1569
1093 1646
1093 1667
1093 1783
1094 107
1094 1064
1094 1154
1094 1343
1094 1349
1094 1356
1094 1531
1094 1543
1094 1545
1094 1831
1094 1910
1095 107
1095 376
1095 483
1095 484
1095 517
1095 580
1095 905
1095 962
1095 1001
1095 1080
1095 1113
1095 1210
1095 1294
1095 1300
1095 1320
1095 1357
1095 1393
1095 1397
1095 1422
1095 1487
1095 1604
1095 1692
1095 1794
1095 1897
1096 107
1097 107
1097 901
1097 903
1097 938
1097 958
1097 963
1097 992
1097 1118
1097 1137
1097 1186
1097 1216
1097 1232
1097 1314
1097 1319
1097 1333
1097 1363
1097 1371
1097 1378
1097 1424
1097 1452
1097 1468
1097 1493
1097 1533
1097 1548
1097 1568
1097 1601
1097 1648
1097 1733
1097 1747
1097 1787
1097 1798
1097 1802
1097 1837
1097 1880
1097 1892
1097 1895
1098 107
1098 1031
1098 1085
1098 1088
1098 1140
1098 1165
1098 1187
1098 1251
1098 1317
1098 1328
1098 1360
1098 1505
1098 1511
1098 1534
1098 1553
1098 1567
1098 1579
1098 1593
1098 1666
1098 1705
1098 1719
1098 1803
1098 1806
1099 107
1099 483
1099 898
1099 917
1099 919
1099 942
1099 969
1099 984
1099 1014
1099 1018
1099 1020
1099 1032
1099 1066
1099 1081
1099 1102
1099 1108
1099 1166
1099 1204
1099 1245
1099 1261
1099 1273
1099 1277
1099 1282
1099 1303
1099 1309
1099 1316
1099 1324
1099 1373
1099 1382
1099 1396
1099 1406
1099 1451
1099 1454
1099 1495
1099 1508
1099 1515
1099 1582
1099 1583
1099 1595
1099 1638
1099 1661
1099 1729
1099 1732
1099 1742
1099 1751
1099 1783
1099 1786
1099 1812
1099 1820
1099 1824
1099 1828
1099 1848
1099 1871
1099 1893
1099 1894
1099 1907
