1100 107
1100 896
1100 902
1100 981
1100 988
1100 1009
1100 1014
1100 1015
1100 1019
1100 1021
1100 1036
1100 1044
1100 1060
1100 1067
1100 1104
1100 1129
1100 1158
1100 1192
1100 1204
1100 1221
1100 1227
1100 1229
1100 1231
1100 1235
1100 1257
1100 1277
1100 1279
1100 1292
1100 1315
1100 1322
1100 1345
1100 1350
1100 1413
1100 1423
1100 1432
1100 1459
1100 1462
1100 1475
1100 1479
1100 1550
1100 1573
1100 1576
1100 1578
1100 1583
1100 1591
1100 1592
1100 1596
1100 1628
1100 1635
1100 1636
1100 1647
1100 1655
1100 1680
1100 1715
1100 1728
1100 1783
1100 1812
1100 1841
1100 1857
1100 1859
1100 1862
1100 1873
1100 1884
1100 1899
1101 107
1101 947
1101 960
1101 966
1101 972
1101 982
1101 983
1101 993
1101 997
1101 1004
1101 1006
1101 1017
1101 1024
1101 1063
1101 1069
1101 1078
1101 1079
1101 1083
1101 1086
1101 1107
1101 1125
1101 1126
1101 1132
1101 1153
1101 1163
1101 1172
1101 1175
1101 1185
1101 1191
1101 1199
1101 1205
1101 1207
1101 1211
1101 1214
1101 1219
1101 1230
1101 1256
1101 1271
1101 1278
1101 1287
1101 1288
1101 1289
1101 1302
1101 1329
1101 1330
1101 1335
1101 1336
1101 1341
1101 1351
1101 1361
1101 1370
1101 1376
1101 1390
1101 1391
1101 1393
1101 1398
1101 1399
1101 1402
1101 1416
1101 1420
1101 1431
1101 1449
1101 1456
1101 1471
1101 1480
1101 1488
1101 1516
1101 1522
1101 1535
1101 1547
1101 1551
1101 1554
1101 1556
1101 1559
1101 1584
1101 1589
1101 1597
1101 1598
1101 1604
1101 1610
1101 1612
1101 1613
1101 1619
1101 1621
1101 1637
1101 1652
1101 1662
1101 1663
1101 1665
1101 1668
1101 1707
1101 1712
1101 1714
1101 1736
1101 1741
1101 1746
1101 1752
1101 1757
1101 1761
1101 1768
1101 1789
1101 1791
1101 1793
1101 1799
1101 1800
1101 1804
1101 1809
1101 1813
1101 1827
1101 1833
1101 1835
1101 1839
1101 1842
1101 1845
1101 1849
1101 1864
1101 1868
1101 1874
1101 1879
1101 1888
1101 1898
1101 1900
1101 1902
1102 107
1102 483
1102 896
1102 898
1102 917
1102 919
1102 942
1102 954
1102 984
1102 1014
1102 1018
1102 1020
1102 1032
1102 1066
1102 1099
1102 1108
1102 1166
1102 1245
1102 1261
1102 1273
1102 1282
1102 1286
1102 1303
1102 1309
1102 1316
1102 1324
1102 1373
1102 1382
1102 1396
1102 1451
1102 1454
1102 1459
1102 1475
1102 1495
1102 1502
1102 1508
1102 1582
1102 1591
1102 1661
1102 1729
1102 1732
1102 1742
1102 1751
1102 1783
1102 1786
1102 1812
1102 1820
1102 1848
1102 1871
1102 1893
1102 1894
1103 107
1103 596
1103 933
1103 1215
1103 1706
1103 1725
1103 1794
1103 1850
1104 107
1104 483
1104 637
1104 896
1104 902
1104 941
1104 954
1104 957
1104 975
1104 981
1104 988
1104 989
1104 1007
1104 1009
1104 1014
1104 1015
1104 1019
1104 1020
1104 1021
1104 1032
1104 1036
1104 1044
1104 1060
1104 1067
1104 1082
1104 1100
1104 1115
1104 1120
1104 1129
1104 1148
1104 1158
1104 1166
1104 1190
1104 1192
1104 1204
1104 1221
1104 1227
1104 1229
1104 1231
1104 1235
1104 1257
1104 1277
1104 1279
1104 1292
1104 1298
1104 1303
1104 1315
1104 1322
1104 1345
1104 1347
1104 1350
1104 1373
1104 1379
1104 1381
1104 1392
1104 1404
1104 1413
1104 1423
1104 1426
1104 1429
1104 1432
1104 1436
1104 1448
1104 1462
1104 1473
1104 1475
1104 1479
1104 1495
1104 1550
1104 1573
1104 1575
1104 1576
1104 1578
1104 1583
1104 1587
1104 1596
1104 1611
1104 1628
1104 1635
1104 1636
1104 1638
1104 1647
1104 1655
1104 1680
1104 1682
1104 1691
1104 1706
1104 1715
1104 1716
1104 1720
1104 1728
1104 1729
1104 1742
1104 1764
1104 1786
1104 1794
1104 1812
1104 1824
1104 1841
1104 1857
1104 1859
1104 1862
1104 1871
1104 1873
1104 1884
1104 1893
1104 1894
1104 1899
1104 1903
1105 107
1105 1002
1105 1208
1105 1890
1106 107
1106 937
1106 949
1106 1052
1106 1080
1106 1121
1106 1131
1106 1147
1106 1189
1106 1226
1106 1248
1106 1273
1106 1304
1106 1311
1106 1348
1106 1418
1106 1496
1106 1507
1106 1569
1106 1591
1106 1630
1106 1681
1106 1725
1106 1727
1106 1749
1106 1770
1106 1785
1107 107
1107 932
1107 953
1107 959
1107 960
1107 966
1107 983
1107 1006
1107 1039
1107 1040
1107 1059
1107 1074
1107 1078
1107 1079
1107 1083
1107 1101
1107 1123
1107 1124
1107 1125
1107 1126
1107 1130
1107 1132
1107 1149
1107 1153
1107 1156
1107 1163
1107 1172
1107 1184
1107 1191
1107 1199
1107 1211
1107 1219
1107 1222
1107 1230
1107 1238
1107 1256
1107 1267
1107 1269
1107 1271
1107 1288
1107 1289
1107 1291
1107 1302
1107 1330
1107 1331
1107 1335
1107 1341
1107 1351
1107 1352
1107 1361
1107 1367
1107 1370
1107 1375
1107 1380
1107 1388
1107 1390
1107 1391
1107 1399
1107 1407
1107 1409
1107 1431
1107 1437
1107 1447
1107 1449
1107 1456
1107 1457
1107 1458
1107 1460
1107 1467
1107 1471
1107 1488
1107 1491
1107 1509
1107 1516
1107 1522
1107 1530
1107 1538
1107 1539
1107 1542
1107 1547
1107 1551
1107 1554
1107 1559
1107 1563
1107 1571
1107 1584
1107 1589
1107 1598
1107 1603
1107 1604
1107 1605
1107 1610
1107 1612
1107 1613
1107 1617
1107 1619
1107 1620
1107 1621
1107 1622
1107 1623
1107 1643
1107 1652
1107 1662
1107 1663
1107 1665
1107 1668
1107 1669
1107 1683
1107 1707
1107 1714
1107 1721
1107 1723
1107 1730
1107 1736
1107 1746
1107 1757
1107 1768
1107 1789
1107 1791
1107 1793
1107 1796
1107 1799
1107 1800
1107 1809
1107 1810
1107 1816
1107 1823
1107 1827
1107 1832
1107 1833
1107 1839
1107 1842
1107 1843
1107 1845
1107 1849
1107 1861
1107 1864
1107 1879
1107 1886
1107 1888
1107 1902
1108 107
1108 483
1108 896
1108 898
1108 917
1108 942
1108 954
1108 969
1108 1014
1108 1020
1108 1032
1108 1066
1108 1099
1108 1102
1108 1235
1108 1261
1108 1273
1108 1277
1108 1281
1108 1282
1108 1316
1108 1373
1108 1382
1108 1396
1108 1406
1108 1454
1108 1495
1108 1502
1108 1515
1108 1582
1108 1661
1108 1729
1108 1742
1108 1751
1108 1783
1108 1786
1108 1812
1108 1820
1108 1824
1108 1828
1108 1848
1108 1871
1108 1894
1109 107
1109 389
1109 428
1109 924
1109 940
1109 949
1109 964
1109 1011
1109 1013
1109 1035
1109 1037
1109 1041
1109 1052
1109 1070
1109 1139
1109 1188
1109 1189
1109 1259
1109 1275
1109 1296
1109 1311
1109 1338
1109 1348
1109 1428
1109 1469
1109 1472
1109 1482
1109 1496
1109 1507
1109 1541
1109 1549
1109 1624
1109 1630
1109 1681
1109 1709
1109 1770
1109 1847
1109 1904
1110 107
1110 526
1110 606
1110 906
1110 915
1110 925
1110 967
1110 968
1110 993
1110 1047
1110 1048
1110 1049
1110 1054
1110 1056
1110 1059
1110 1070
1110 1075
1110 1175
1110 1191
1110 1209
1110 1242
1110 1243
1110 1250
1110 1278
1110 1290
1110 1312
1110 1321
1110 1327
1110 1339
1110 1344
1110 1352
1110 1367
1110 1377
1110 1390
1110 1393
1110 1407
1110 1522
1110 1523
1110 1526
1110 1528
1110 1540
1110 1557
1110 1600
1110 1609
1110 1620
1110 1622
1110 1659
1110 1663
1110 1688
1110 1710
1110 1711
1110 1717
1110 1721
1110 1724
1110 1730
1110 1750
1110 1753
1110 1754
1110 1791
1110 1795
1110 1800
1110 1813
1110 1819
1110 1827
1110 1835
1110 1845
1110 1861
1110 1864
1110 1897
1110 1911
1111 107
1111 909
1111 955
1111 1030
1111 1043
1111 1045
1111 1197
1111 1368
1111 1788
1112 107
1112 925
1112 946
1112 967
1112 1003
1112 1004
1112 1049
1112 1059
1112 1075
1112 1086
1112 1184
1112 1185
1112 1209
1112 1242
1112 1250
1112 1255
1112 1278
1112 1312
1112 1340
1112 1344
1112 1367
1112 1375
1112 1390
1112 1416
1112 1420
1112 1572
1112 1600
1112 1612
1112 1620
1112 1644
1112 1653
1112 1683
1112 1688
1112 1710
1112 1714
1112 1721
1112 1724
1112 1735
1112 1737
1112 1746
1112 1750
1112 1752
1112 1757
1112 1771
1112 1789
1112 1796
1112 1799
1112 1800
1112 1804
1112 1819
1112 1827
1112 1867
1112 1886
1112 1888
1113 107
1113 363
1113 366
1113 483
1113 580
1113 606
1113 637
1113 641
1113 651
1113 930
1113 948
1113 1012
1113 1025
1113 1080
1113 1095
1113 1122
1113 1142
1113 1210
1113 1237
1113 1294
1113 1318
1113 1320
1113 1332
1113 1358
1113 1427
1113 1446
1113 1464
1113 1473
1113 1549
1113 1565
1113 1602
1113 1606
1113 1625
1113 1645
1113 1660
1113 1695
1113 1740
1113 1744
1113 1763
1113 1766
1113 1767
1113 1773
1113 1844
1113 1870
1113 1878
1113 1881
1113 1882
1114 107
1114 353
1114 428
1114 483
1114 484
1114 517
1114 526
1114 538
1114 641
1114 905
1114 936
1114 1001
1114 1012
1114 1155
1114 1179
1114 1210
1114 1223
1114 1248
1114 1263
1114 1300
1114 1320
1114 1357
1114 1358
1114 1408
1114 1422
1114 1487
1114 1512
1114 1543
1114 1574
1114 1616
1114 1677
1114 1692
1114 1744
1114 1746
1114 1767
1114 1778
1114 1808
1114 1882
1115 107
1115 896
1115 1019
1115 1021
1115 1067
1115 1104
1115 1120
1115 1148
1115 1190
1115 1192
1115 1221
1115 1231
1115 1235
1115 1257
1115 1277
1115 1284
1115 1298
1115 1315
1115 1322
1115 1345
1115 1404
1115 1432
1115 1462
1115 1550
1115 1576
1115 1596
1115 1628
1115 1647
1115 1655
1115 1680
1115 1691
1115 1716
1115 1857
1115 1862
1115 1872
1115 1899
1116 107
1116 906
1116 980
1116 1048
1116 1049
1116 1074
1116 1230
1116 1269
1116 1329
1116 1331
1116 1344
1116 1367
1116 1391
1116 1484
1116 1522
1116 1540
1116 1600
1116 1608
1116 1609
1116 1617
1116 1688
1116 1730
1116 1754
1116 1800
1116 1816
1116 1827
1116 1835
1116 1845
1116 1864
1117 107
1117 953
1117 966
1117 972
1117 978
1117 993
1117 997
1117 1017
1117 1078
1117 1079
1117 1086
1117 1124
1117 1125
1117 1126
1117 1132
1117 1146
1117 1153
1117 1160
1117 1163
1117 1172
1117 1173
1117 1191
1117 1199
1117 1201
1117 1205
1117 1211
1117 1214
1117 1222
1117 1230
1117 1238
1117 1255
1117 1256
1117 1263
1117 1267
1117 1271
1117 1272
1117 1280
1117 1288
1117 1289
1117 1302
1117 1323
1117 1329
1117 1330
1117 1331
1117 1339
1117 1341
1117 1359
1117 1361
1117 1370
1117 1377
1117 1380
1117 1388
1117 1389
1117 1390
1117 1399
1117 1402
1117 1420
1117 1431
1117 1447
1117 1456
1117 1470
1117 1483
1117 1488
1117 1516
1117 1522
1117 1535
1117 1538
1117 1547
1117 1551
1117 1554
1117 1559
1117 1570
1117 1571
1117 1580
1117 1584
1117 1589
1117 1590
1117 1598
1117 1604
1117 1608
1117 1609
1117 1610
1117 1613
1117 1621
1117 1622
1117 1637
1117 1662
1117 1663
1117 1665
1117 1675
1117 1683
1117 1707
1117 1714
1117 1717
1117 1722
1117 1730
1117 1736
1117 1746
1117 1768
1117 1772
1117 1791
1117 1793
1117 1795
1117 1800
1117 1804
1117 1809
1117 1811
1117 1813
1117 1826
1117 1827
1117 1833
1117 1835
1117 1839
1117 1842
1117 1849
1117 1861
1117 1864
1117 1868
1117 1877
1117 1888
1117 1898
1117 1902
1118 107
1118 901
1118 903
1118 938
1118 958
1118 963
1118 992
1118 1097
1118 1137
1118 1186
1118 1216
1118 1232
1118 1314
1118 1319
1118 1333
1118 1363
1118 1371
1118 1378
1118 1452
1118 1468
1118 1493
1118 1533
1118 1548
1118 1568
1118 1601
1118 1629
1118 1648
1118 1733
1118 1747
1118 1787
1118 1798
1118 1837
1118 1880
1118 1892
1118 1895
1119 107
1120 107
1120 896
1120 924
1120 954
1120 957
1120 981
1120 1015
1120 1021
1120 1082
1120 1104
1120 1115
1120 1129
1120 1192
1120 1204
1120 1227
1120 1231
1120 1235
1120 1273
1120 1277
1120 1292
1120 1298
1120 1315
1120 1345
1120 1347
1120 1379
1120 1404
1120 1448
1120 1459
1120 1462
1120 1475
1120 1479
1120 1573
1120 1576
1120 1583
1120 1587
1120 1591
1120 1596
1120 1611
1120 1628
1120 1636
1120 1655
1120 1682
1120 1715
1120 1716
1120 1781
1120 1830
1120 1841
1120 1857
1120 1862
1120 1872
1120 1899
1121 107
1121 389
1121 917
1121 949
1121 1041
1121 1052
1121 1072
1121 1106
1121 1159
1121 1189
1121 1226
1121 1259
1121 1311
1121 1348
1121 1472
1121 1482
1121 1496
1121 1507
1121 1536
1121 1541
1121 1681
1121 1744
1121 1770
1121 1847
1122 107
1122 353
1122 363
1122 366
1122 475
1122 483
1122 484
1122 538
1122 580
1122 601
1122 606
1122 641
1122 651
1122 912
1122 930
1122 936
1122 976
1122 993
1122 1080
1122 1113
1122 1155
1122 1179
1122 1237
1122 1313
1122 1318
1122 1320
1122 1349
1122 1358
1122 1374
1122 1400
1122 1408
1122 1427
1122 1514
1122 1543
1122 1574
1122 1616
1122 1645
1122 1673
1122 1677
1122 1679
1122 1692
1122 1740
1122 1743
1122 1744
1122 1790
1122 1801
1122 1844
1122 1878
1122 1882
1123 107
1123 897
1123 922
1123 946
1123 960
1123 1006
1123 1017
1123 1024
1123 1049
1123 1075
1123 1086
1123 1107
1123 1125
1123 1130
1123 1132
1123 1153
1123 1156
1123 1163
1123 1175
1123 1185
1123 1196
1123 1199
1123 1211
1123 1256
1123 1271
1123 1272
1123 1305
1123 1341
1123 1361
1123 1391
1123 1398
1123 1440
1123 1449
1123 1456
1123 1458
1123 1460
1123 1467
1123 1471
1123 1480
1123 1485
1123 1488
1123 1501
1123 1513
1123 1585
1123 1590
1123 1610
1123 1612
1123 1614
1123 1617
1123 1619
1123 1639
1123 1662
1123 1668
1123 1707
1123 1712
1123 1735
1123 1765
1123 1782
1123 1799
1123 1804
1123 1805
1123 1833
1123 1836
1123 1839
1123 1843
1123 1845
1123 1851
1123 1863
1123 1886
1123 1888
1123 1911
1124 107
1124 921
1124 925
1124 927
1124 953
1124 967
1124 978
1124 980
1124 997
1124 999
1124 1001
1124 1006
1124 1017
1124 1028
1124 1047
1124 1048
1124 1056
1124 1076
1124 1078
1124 1092
1124 1107
1124 1117
1124 1125
1124 1126
1124 1146
1124 1149
1124 1156
1124 1160
1124 1164
1124 1172
1124 1173
1124 1175
1124 1180
1124 1184
1124 1191
1124 1199
1124 1201
1124 1205
1124 1211
1124 1214
1124 1219
1124 1222
1124 1230
1124 1243
1124 1255
1124 1289
1124 1305
1124 1321
1124 1323
1124 1327
1124 1330
1124 1334
1124 1335
1124 1341
1124 1352
1124 1359
1124 1361
1124 1377
1124 1388
1124 1398
1124 1399
1124 1420
1124 1437
1124 1440
1124 1447
1124 1458
1124 1470
1124 1485
1124 1488
1124 1501
1124 1509
1124 1520
1124 1522
1124 1538
1124 1542
1124 1551
1124 1554
1124 1559
1124 1563
1124 1570
1124 1580
1124 1589
1124 1604
1124 1608
1124 1609
1124 1610
1124 1622
1124 1626
1124 1637
1124 1639
1124 1659
1124 1662
1124 1663
1124 1665
1124 1669
1124 1675
1124 1683
1124 1689
1124 1702
1124 1707
1124 1735
1124 1736
1124 1753
1124 1754
1124 1768
1124 1772
1124 1774
1124 1793
1124 1799
1124 1800
1124 1804
1124 1810
1124 1811
1124 1813
1124 1827
1124 1835
1124 1839
1124 1842
1124 1843
1124 1845
1124 1849
1124 1858
1124 1861
1124 1879
1124 1888
1124 1891
1124 1898
1124 1902
1124 1909
1124 1911
1125 107
1125 916
1125 925
1125 946
1125 960
1125 966
1125 982
1125 983
1125 997
1125 999
1125 1006
1125 1017
1125 1024
1125 1040
1125 1078
1125 1083
1125 1086
1125 1101
1125 1107
1125 1117
1125 1123
1125 1124
1125 1126
1125 1132
1125 1153
1125 1163
1125 1172
1125 1184
1125 1185
1125 1191
1125 1198
1125 1199
1125 1207
1125 1211
1125 1230
1125 1238
1125 1256
1125 1267
1125 1271
1125 1285
1125 1288
1125 1289
1125 1291
1125 1302
1125 1330
1125 1335
1125 1336
1125 1341
1125 1351
1125 1352
1125 1365
1125 1367
1125 1370
1125 1380
1125 1390
1125 1391
1125 1398
1125 1399
1125 1431
1125 1437
1125 1449
1125 1456
1125 1457
1125 1471
1125 1480
1125 1488
1125 1491
1125 1501
1125 1516
1125 1522
1125 1530
1125 1538
1125 1547
1125 1551
1125 1554
1125 1556
1125 1584
1125 1589
1125 1598
1125 1604
1125 1610
1125 1612
1125 1619
1125 1620
1125 1652
1125 1662
1125 1663
1125 1665
1125 1668
1125 1707
1125 1712
1125 1714
1125 1730
1125 1736
1125 1757
1125 1789
1125 1793
1125 1795
1125 1799
1125 1800
1125 1804
1125 1809
1125 1810
1125 1816
1125 1823
1125 1827
1125 1833
1125 1839
1125 1842
1125 1849
1125 1864
1125 1868
1125 1879
1125 1886
1125 1888
1125 1898
1125 1902
1126 107
1126 906
1126 921
1126 925
1126 934
1126 946
1126 947
1126 952
1126 960
1126 966
1126 967
1126 978
1126 980
1126 982
1126 993
1126 999
1126 1003
1126 1006
1126 1017
1126 1024
1126 1028
1126 1047
1126 1048
1126 1059
1126 1076
1126 1078
1126 1079
1126 1083
1126 1086
1126 1092
1126 1101
1126 1107
1126 1117
1126 1124
1126 1125
1126 1128
1126 1132
1126 1146
1126 1149
1126 1153
1126 1156
1126 1163
1126 1173
1126 1175
1126 1184
1126 1185
1126 1191
1126 1195
1126 1196
1126 1198
1126 1199
1126 1201
1126 1207
1126 1211
1126 1222
1126 1242
1126 1243
1126 1250
1126 1255
1126 1256
1126 1267
1126 1269
1126 1271
1126 1272
1126 1278
1126 1280
1126 1288
1126 1289
1126 1291
1126 1302
1126 1305
1126 1323
1126 1327
1126 1329
1126 1330
1126 1331
1126 1335
1126 1336
1126 1339
1126 1341
1126 1344
1126 1351
1126 1352
1126 1361
1126 1367
1126 1370
1126 1375
1126 1376
1126 1377
1126 1380
1126 1390
1126 1391
1126 1399
1126 1402
1126 1420
1126 1431
1126 1439
1126 1447
1126 1449
1126 1456
1126 1467
1126 1470
1126 1471
1126 1480
1126 1485
1126 1488
1126 1491
1126 1509
1126 1516
1126 1520
1126 1522
1126 1523
1126 1535
1126 1539
1126 1547
1126 1551
1126 1554
1126 1557
1126 1559
1126 1562
1126 1563
1126 1584
1126 1589
1126 1590
1126 1598
1126 1603
1126 1604
1126 1605
1126 1608
1126 1610
1126 1612
1126 1613
1126 1614
1126 1617
1126 1619
1126 1621
1126 1622
1126 1623
1126 1643
1126 1659
1126 1662
1126 1663
1126 1665
1126 1668
1126 1669
1126 1675
1126 1678
1126 1683
1126 1685
1126 1689
1126 1707
1126 1712
1126 1714
1126 1717
1126 1718
1126 1721
1126 1730
1126 1735
1126 1736
1126 1737
1126 1741
1126 1746
1126 1752
1126 1753
1126 1754
1126 1757
1126 1761
1126 1765
1126 1768
1126 1782
1126 1793
1126 1799
1126 1800
1126 1804
1126 1809
1126 1810
1126 1813
1126 1816
1126 1819
1126 1821
1126 1823
1126 1826
1126 1827
1126 1833
1126 1835
1126 1836
1126 1839
1126 1842
1126 1843
1126 1849
1126 1867
1126 1868
1126 1879
1126 1886
1126 1888
1126 1898
1126 1902
1126 1909
1127 107
1127 924
1127 974
1127 985
1127 1000
1127 1090
1127 1134
1127 1183
1127 1236
1127 1244
1127 1246
1127 1304
1127 1366
1127 1472
1127 1640
1127 1703
1127 1709
1127 1725
1127 1759
1127 1785
1127 1840
1128 107
1128 526
1128 566
1128 637
1128 906
1128 921
1128 934
1128 947
1128 952
1128 980
1128 993
1128 1004
1128 1017
1128 1028
1128 1049
1128 1054
1128 1059
1128 1075
1128 1079
1128 1086
1128 1126
1128 1135
1128 1143
1128 1149
1128 1184
1128 1185
1128 1199
1128 1211
1128 1230
1128 1242
1128 1267
1128 1269
1128 1272
1128 1291
1128 1302
1128 1339
1128 1341
1128 1344
1128 1350
1128 1352
1128 1367
1128 1376
1128 1377
1128 1390
1128 1391
1128 1399
1128 1416
1128 1418
1128 1420
1128 1431
1128 1436
1128 1467
1128 1491
1128 1516
1128 1522
1128 1538
1128 1539
1128 1554
1128 1557
1128 1575
1128 1584
1128 1589
1128 1597
1128 1600
1128 1603
1128 1610
1128 1612
1128 1620
1128 1621
1128 1622
1128 1650
1128 1663
1128 1675
1128 1689
1128 1714
1128 1724
1128 1727
1128 1730
1128 1735
1128 1746
1128 1750
1128 1761
1128 1768
1128 1793
1128 1799
1128 1800
1128 1804
1128 1810
1128 1819
1128 1823
1128 1827
1128 1833
1128 1835
1128 1844
1128 1864
1128 1886
1128 1888
1128 1894
1129 107
1129 596
1129 896
1129 902
1129 975
1129 981
1129 1014
1129 1015
1129 1019
1129 1021
1129 1036
1129 1082
1129 1100
1129 1104
1129 1120
1129 1158
1129 1192
1129 1204
1129 1227
1129 1229
1129 1231
1129 1235
1129 1257
1129 1277
1129 1279
1129 1292
1129 1298
1129 1322
1129 1345
1129 1347
1129 1350
1129 1404
1129 1413
1129 1438
1129 1459
1129 1462
1129 1475
1129 1479
1129 1550
1129 1573
1129 1576
1129 1583
1129 1587
1129 1592
1129 1596
1129 1611
1129 1628
1129 1636
1129 1647
1129 1655
1129 1691
1129 1716
1129 1720
1129 1728
1129 1764
1129 1841
1129 1857
1129 1862
1129 1872
1129 1873
1130 107
1130 922
1130 960
1130 966
1130 1006
1130 1017
1130 1024
1130 1083
1130 1086
1130 1107
1130 1123
1130 1132
1130 1135
1130 1153
1130 1163
1130 1175
1130 1199
1130 1211
1130 1219
1130 1256
1130 1271
1130 1305
1130 1370
1130 1376
1130 1377
1130 1391
1130 1398
1130 1399
1130 1449
1130 1456
1130 1458
1130 1460
1130 1467
1130 1471
1130 1480
1130 1488
1130 1501
1130 1513
1130 1547
1130 1584
1130 1598
1130 1610
1130 1612
1130 1614
1130 1619
1130 1639
1130 1662
1130 1668
1130 1689
1130 1707
1130 1712
1130 1746
1130 1750
1130 1799
1130 1800
1130 1804
1130 1805
1130 1809
1130 1826
1130 1833
1130 1839
1130 1849
1130 1863
1130 1868
1130 1879
1130 1888
1131 107
1131 944
1131 977
1131 1011
1131 1041
1131 1090
1131 1106
1131 1169
1131 1188
1131 1228
1131 1236
1131 1249
1131 1258
1131 1260
1131 1304
1131 1306
1131 1310
1131 1338
1131 1348
1131 1355
1131 1366
1131 1472
1131 1504
1131 1634
1131 1686
1131 1703
1131 1709
1131 1725
1131 1748
1131 1756
1131 1815
1131 1831
1132 107
1132 925
1132 946
1132 947
1132 959
1132 960
1132 966
1132 978
1132 982
1132 997
1132 999
1132 1006
1132 1017
1132 1024
1132 1040
1132 1059
1132 1076
1132 1078
1132 1079
1132 1083
1132 1086
1132 1101
1132 1107
1132 1117
1132 1123
1132 1125
1132 1126
1132 1130
1132 1153
1132 1156
1132 1163
1132 1172
1132 1175
1132 1184
1132 1185
1132 1198
1132 1199
1132 1201
1132 1207
1132 1211
1132 1214
1132 1219
1132 1222
1132 1230
1132 1238
1132 1256
1132 1267
1132 1269
1132 1271
1132 1285
1132 1288
1132 1289
1132 1291
1132 1302
1132 1305
1132 1330
1132 1331
1132 1335
1132 1336
1132 1339
1132 1341
1132 1344
1132 1351
1132 1352
1132 1361
1132 1367
1132 1370
1132 1376
1132 1377
1132 1380
1132 1390
1132 1398
1132 1399
1132 1416
1132 1431
1132 1449
1132 1456
1132 1467
1132 1471
1132 1480
1132 1488
1132 1509
1132 1516
1132 1522
1132 1530
1132 1539
1132 1547
1132 1551
1132 1554
1132 1556
1132 1559
1132 1580
1132 1589
1132 1597
1132 1598
1132 1600
1132 1603
1132 1604
1132 1605
1132 1610
1132 1612
1132 1613
1132 1619
1132 1621
1132 1623
1132 1652
1132 1662
1132 1665
1132 1668
1132 1707
1132 1712
1132 1721
1132 1730
1132 1736
1132 1737
1132 1746
1132 1750
1132 1752
1132 1757
1132 1772
1132 1789
1132 1793
1132 1799
1132 1800
1132 1804
1132 1809
1132 1810
1132 1813
1132 1816
1132 1826
1132 1827
1132 1832
1132 1833
1132 1839
1132 1849
1132 1863
1132 1868
1132 1874
1132 1879
1132 1886
1132 1888
1132 1898
1133 107
1133 899
1133 1024
1133 1442
1133 1471
1133 1590
1134 107
1134 974
1134 1000
1134 1010
1134 1127
1134 1415
1134 1474
1134 1640
1134 1703
1134 1709
1134 1725
1135 107
1135 913
1135 921
1135 947
1135 953
1135 993
1135 1056
1135 1086
1135 1128
1135 1130
1135 1146
1135 1160
1135 1164
1135 1173
1135 1185
1135 1212
1135 1222
1135 1238
1135 1243
1135 1255
1135 1269
1135 1312
1135 1329
1135 1334
1135 1352
1135 1376
1135 1377
1135 1389
1135 1391
1135 1420
1135 1431
1135 1467
1135 1470
1135 1483
1135 1497
1135 1509
1135 1516
1135 1522
1135 1559
1135 1570
1135 1584
1135 1589
1135 1590
1135 1603
1135 1604
1135 1612
1135 1613
1135 1620
1135 1621
1135 1637
1135 1646
1135 1663
1135 1675
1135 1688
1135 1714
1135 1723
1135 1730
1135 1746
1135 1761
1135 1768
1135 1800
1135 1813
1135 1835
1135 1843
1135 1867
1135 1881
1135 1885
1135 1888
1136 107
1136 563
1136 900
1136 908
1136 950
1136 1061
1136 1085
1136 1144
1136 1174
1136 1251
1136 1307
1136 1325
1136 1328
1136 1360
1136 1410
1136 1421
1136 1433
1136 1494
1136 1511
1136 1555
1136 1567
1136 1588
1136 1593
1136 1615
1136 1676
1136 1687
1136 1698
1136 1705
1136 1719
1136 1803
1136 1806
1136 1825
1136 1866
1137 107
1137 901
1137 903
1137 958
1137 963
1137 1097
1137 1118
1137 1186
1137 1216
1137 1232
1137 1319
1137 1333
1137 1371
1137 1378
1137 1452
1137 1468
1137 1493
1137 1533
1137 1548
1137 1568
1137 1601
1137 1629
1137 1648
1137 1733
1137 1784
1137 1798
1137 1837
1137 1892
1137 1895
1138 107
1138 956
1138 979
1138 1016
1138 1053
1138 1057
1138 1177
1138 1218
1138 1266
1138 1403
1138 1499
1138 1562
1138 1889
1138 1896
1139 107
1139 940
1139 1041
1139 1109
1139 1170
1139 1236
1139 1259
1139 1260
1139 1275
1139 1308
1139 1338
1139 1469
1139 1472
1139 1482
1139 1504
1139 1624
1139 1672
1139 1703
1139 1709
1139 1815
1139 1869
1139 1876
1139 1904
1139 1906
1140 107
1140 1098
1140 1173
1140 1317
1140 1450
1140 1505
1140 1534
1140 1656
1140 1666
1141 107
1141 924
1141 1010
1141 1090
1141 1188
1141 1228
1141 1236
1141 1304
1141 1308
1141 1310
1141 1355
1141 1366
1141 1634
1141 1667
1141 1703
1141 1709
1141 1725
1141 1785
1142 107
1142 366
1142 483
1142 580
1142 637
1142 915
1142 930
1142 948
1142 962
1142 1080
1142 1113
1142 1294
1142 1332
1142 1358
1142 1374
1142 1427
1142 1446
1142 1464
1142 1514
1142 1549
1142 1565
1142 1574
1142 1602
1142 1616
1142 1625
1142 1645
1142 1695
1142 1766
1142 1773
1142 1790
1142 1844
1142 1878
1142 1881
1143 107
1143 637
1143 1086
1143 1128
1143 1215
1143 1231
1143 1273
1143 1418
1143 1556
1143 1591
1143 1650
1143 1661
1143 1706
1143 1783
1144 107
1144 908
1144 928
1144 1061
1144 1136
1144 1174
1144 1251
1144 1307
1144 1328
1144 1360
1144 1410
1144 1421
1144 1494
1144 1511
1144 1555
1144 1588
1144 1593
1144 1676
1144 1687
1144 1705
1144 1825
1145 107
1146 107
1146 921
1146 925
1146 927
1146 934
1146 946
1146 967
1146 978
1146 980
1146 993
1146 997
1146 1004
1146 1026
1146 1047
1146 1048
1146 1049
1146 1059
1146 1075
1146 1076
1146 1078
1146 1079
1146 1086
1146 1117
1146 1124
1146 1126
1146 1135
1146 1149
1146 1160
1146 1164
1146 1165
1146 1172
1146 1173
1146 1175
1146 1182
1146 1184
1146 1185
1146 1195
1146 1199
1146 1205
1146 1209
1146 1214
1146 1222
1146 1230
1146 1238
1146 1243
1146 1250
1146 1255
1146 1265
1146 1267
1146 1269
1146 1290
1146 1291
1146 1293
1146 1302
1146 1305
1146 1323
1146 1329
1146 1334
1146 1340
1146 1344
1146 1352
1146 1365
1146 1367
1146 1376
1146 1377
1146 1390
1146 1391
1146 1399
1146 1420
1146 1431
1146 1435
1146 1467
1146 1471
1146 1491
1146 1509
1146 1520
1146 1522
1146 1523
1146 1528
1146 1538
1146 1539
1146 1540
1146 1547
1146 1551
1146 1554
1146 1557
1146 1559
1146 1563
1146 1570
1146 1584
1146 1589
1146 1600
1146 1603
1146 1608
1146 1610
1146 1612
1146 1613
1146 1614
1146 1619
1146 1620
1146 1621
1146 1622
1146 1637
1146 1643
1146 1644
1146 1653
1146 1659
1146 1662
1146 1663
1146 1669
1146 1675
1146 1683
1146 1685
1146 1689
1146 1714
1146 1717
1146 1721
1146 1723
1146 1726
1146 1730
1146 1734
1146 1741
1146 1746
1146 1753
1146 1757
1146 1761
1146 1768
1146 1791
1146 1793
1146 1795
1146 1796
1146 1799
1146 1800
1146 1813
1146 1823
1146 1827
1146 1833
1146 1835
1146 1842
1146 1861
1146 1867
1146 1877
1146 1879
1146 1886
1146 1888
1146 1891
1146 1898
1147 107
1147 1106
1147 1332
1147 1435
1147 1894
1148 107
1148 483
1148 596
1148 637
1148 896
1148 902
1148 942
1148 957
1148 1009
1148 1018
1148 1036
1148 1060
1148 1066
1148 1067
1148 1082
1148 1104
1148 1115
1148 1190
1148 1192
1148 1227
1148 1231
1148 1235
1148 1257
1148 1277
1148 1279
1148 1284
1148 1292
1148 1315
1148 1322
1148 1345
1148 1347
1148 1379
1148 1404
1148 1413
1148 1423
1148 1426
1148 1438
1148 1454
1148 1459
1148 1462
1148 1475
1148 1479
1148 1492
1148 1573
1148 1576
1148 1583
1148 1587
1148 1591
1148 1596
1148 1611
1148 1628
1148 1636
1148 1647
1148 1655
1148 1682
1148 1691
1148 1715
1148 1716
1148 1720
1148 1820
1148 1841
1148 1859
1148 1884
1148 1899
1148 1907
1149 107
1149 916
1149 925
1149 946
1149 952
1149 967
1149 993
1149 1004
1149 1017
1149 1026
1149 1028
1149 1048
1149 1059
1149 1076
1149 1078
1149 1086
1149 1092
1149 1107
1149 1124
1149 1126
1149 1128
1149 1146
1149 1181
1149 1184
1149 1185
1149 1196
1149 1199
1149 1209
1149 1211
1149 1219
1149 1222
1149 1250
1149 1267
1149 1272
1149 1305
1149 1323
1149 1327
1149 1352
1149 1361
1149 1367
1149 1375
1149 1376
1149 1377
1149 1390
1149 1420
1149 1467
1149 1485
1149 1516
1149 1538
1149 1551
1149 1554
1149 1559
1149 1563
1149 1570
1149 1584
1149 1589
1149 1603
1149 1612
1149 1613
1149 1617
1149 1618
1149 1621
1149 1622
1149 1632
1149 1643
1149 1644
1149 1653
1149 1659
1149 1663
1149 1665
1149 1669
1149 1675
1149 1683
1149 1689
1149 1707
1149 1714
1149 1724
1149 1730
1149 1735
1149 1746
1149 1750
1149 1752
1149 1761
1149 1768
1149 1769
1149 1774
1149 1791
1149 1796
1149 1799
1149 1800
1149 1804
1149 1810
1149 1816
1149 1819
1149 1827
1149 1833
1149 1835
1149 1836
1149 1839
1149 1845
1149 1879
1149 1888
