1200 107
1200 1202
1200 1268
1200 1574
1201 107
1201 953
1201 959
1201 995
1201 997
1201 1006
1201 1029
1201 1056
1201 1086
1201 1117
1201 1124
1201 1126
1201 1132
1201 1153
1201 1160
1201 1172
1201 1173
1201 1175
1201 1199
1201 1205
1201 1214
1201 1222
1201 1238
1201 1243
1201 1280
1201 1329
1201 1331
1201 1352
1201 1359
1201 1377
1201 1388
1201 1389
1201 1447
1201 1456
1201 1470
1201 1471
1201 1480
1201 1483
1201 1535
1201 1551
1201 1570
1201 1580
1201 1598
1201 1600
1201 1608
1201 1609
1201 1610
1201 1621
1201 1689
1201 1768
1201 1772
1201 1804
1201 1811
1201 1835
1201 1842
1201 1868
1201 1879
1201 1888
1202 107
1202 1064
1202 1071
1202 1077
1202 1200
1202 1253
1202 1268
1202 1326
1202 1858
1203 107
1203 908
1203 1240
1203 1307
1203 1360
1203 1555
1203 1588
1203 1847
1204 107
1204 483
1204 637
1204 896
1204 902
1204 917
1204 942
1204 957
1204 971
1204 975
1204 981
1204 984
1204 988
1204 1009
1204 1014
1204 1019
1204 1021
1204 1032
1204 1036
1204 1060
1204 1066
1204 1067
1204 1082
1204 1099
1204 1100
1204 1104
1204 1120
1204 1129
1204 1190
1204 1192
1204 1215
1204 1221
1204 1227
1204 1229
1204 1231
1204 1235
1204 1257
1204 1261
1204 1273
1204 1277
1204 1279
1204 1282
1204 1284
1204 1298
1204 1303
1204 1315
1204 1322
1204 1345
1204 1347
1204 1373
1204 1379
1204 1413
1204 1423
1204 1426
1204 1429
1204 1432
1204 1454
1204 1459
1204 1462
1204 1475
1204 1479
1204 1489
1204 1495
1204 1502
1204 1503
1204 1515
1204 1573
1204 1576
1204 1583
1204 1587
1204 1591
1204 1596
1204 1611
1204 1628
1204 1635
1204 1636
1204 1647
1204 1649
1204 1655
1204 1661
1204 1680
1204 1682
1204 1691
1204 1706
1204 1715
1204 1716
1204 1727
1204 1728
1204 1729
1204 1742
1204 1764
1204 1783
1204 1786
1204 1820
1204 1824
1204 1828
1204 1841
1204 1857
1204 1859
1204 1871
1204 1873
1204 1875
1204 1887
1204 1893
1204 1894
1204 1899
1204 1903
1205 107
1205 897
1205 906
1205 932
1205 953
1205 959
1205 978
1205 993
1205 995
1205 997
1205 1029
1205 1039
1205 1056
1205 1083
1205 1101
1205 1117
1205 1124
1205 1146
1205 1153
1205 1160
1205 1172
1205 1173
1205 1180
1205 1191
1205 1199
1205 1201
1205 1207
1205 1222
1205 1238
1205 1250
1205 1255
1205 1271
1205 1280
1205 1288
1205 1323
1205 1329
1205 1330
1205 1331
1205 1352
1205 1359
1205 1361
1205 1377
1205 1388
1205 1389
1205 1391
1205 1409
1205 1447
1205 1456
1205 1470
1205 1483
1205 1488
1205 1509
1205 1517
1205 1520
1205 1522
1205 1535
1205 1551
1205 1554
1205 1559
1205 1570
1205 1571
1205 1580
1205 1584
1205 1604
1205 1605
1205 1608
1205 1609
1205 1610
1205 1619
1205 1637
1205 1663
1205 1669
1205 1675
1205 1685
1205 1707
1205 1714
1205 1717
1205 1722
1205 1730
1205 1736
1205 1741
1205 1768
1205 1772
1205 1791
1205 1793
1205 1796
1205 1804
1205 1809
1205 1811
1205 1813
1205 1826
1205 1835
1205 1839
1205 1842
1205 1849
1205 1861
1205 1864
1205 1868
1205 1888
1205 1891
1205 1898
1205 1902
1206 107
1207 107
1207 916
1207 946
1207 959
1207 960
1207 982
1207 1001
1207 1006
1207 1024
1207 1068
1207 1083
1207 1086
1207 1091
1207 1101
1207 1125
1207 1126
1207 1132
1207 1153
1207 1163
1207 1199
1207 1205
1207 1238
1207 1256
1207 1271
1207 1285
1207 1288
1207 1302
1207 1336
1207 1341
1207 1359
1207 1370
1207 1380
1207 1390
1207 1409
1207 1431
1207 1447
1207 1449
1207 1456
1207 1471
1207 1480
1207 1488
1207 1516
1207 1542
1207 1571
1207 1584
1207 1598
1207 1604
1207 1605
1207 1610
1207 1619
1207 1652
1207 1665
1207 1668
1207 1712
1207 1717
1207 1746
1207 1768
1207 1789
1207 1800
1207 1804
1207 1809
1207 1816
1207 1823
1207 1826
1207 1832
1207 1833
1207 1839
1207 1868
1207 1879
1207 1886
1207 1888
1207 1898
1208 107
1208 1002
1208 1105
1209 107
1209 526
1209 906
1209 925
1209 946
1209 978
1209 980
1209 993
1209 1004
1209 1028
1209 1048
1209 1049
1209 1054
1209 1075
1209 1079
1209 1110
1209 1112
1209 1146
1209 1149
1209 1184
1209 1242
1209 1243
1209 1250
1209 1278
1209 1290
1209 1291
1209 1331
1209 1339
1209 1340
1209 1344
1209 1352
1209 1367
1209 1375
1209 1376
1209 1390
1209 1407
1209 1416
1209 1431
1209 1522
1209 1528
1209 1554
1209 1557
1209 1572
1209 1597
1209 1600
1209 1612
1209 1620
1209 1622
1209 1644
1209 1659
1209 1663
1209 1688
1209 1710
1209 1717
1209 1721
1209 1724
1209 1730
1209 1735
1209 1737
1209 1746
1209 1750
1209 1752
1209 1754
1209 1757
1209 1789
1209 1791
1209 1796
1209 1800
1209 1804
1209 1816
1209 1819
1209 1827
1209 1835
1209 1867
1209 1886
1209 1888
1210 107
1210 428
1210 483
1210 580
1210 606
1210 641
1210 930
1210 962
1210 1080
1210 1095
1210 1113
1210 1114
1210 1179
1210 1212
1210 1226
1210 1268
1210 1294
1210 1300
1210 1318
1210 1320
1210 1332
1210 1358
1210 1408
1210 1425
1210 1427
1210 1446
1210 1549
1210 1565
1210 1574
1210 1606
1210 1671
1210 1692
1210 1740
1210 1743
1210 1744
1210 1766
1210 1767
1210 1778
1210 1831
1210 1844
1211 107
1211 916
1211 925
1211 932
1211 934
1211 946
1211 947
1211 952
1211 960
1211 966
1211 980
1211 982
1211 983
1211 993
1211 999
1211 1004
1211 1006
1211 1017
1211 1024
1211 1039
1211 1059
1211 1068
1211 1074
1211 1076
1211 1078
1211 1079
1211 1083
1211 1086
1211 1101
1211 1107
1211 1117
1211 1123
1211 1124
1211 1125
1211 1126
1211 1128
1211 1130
1211 1132
1211 1149
1211 1156
1211 1172
1211 1181
1211 1184
1211 1185
1211 1191
1211 1198
1211 1199
1211 1214
1211 1222
1211 1230
1211 1243
1211 1250
1211 1267
1211 1269
1211 1287
1211 1289
1211 1291
1211 1293
1211 1302
1211 1305
1211 1330
1211 1331
1211 1335
1211 1336
1211 1341
1211 1351
1211 1352
1211 1361
1211 1367
1211 1370
1211 1376
1211 1377
1211 1380
1211 1390
1211 1391
1211 1393
1211 1398
1211 1399
1211 1409
1211 1416
1211 1420
1211 1431
1211 1437
1211 1439
1211 1447
1211 1449
1211 1458
1211 1467
1211 1471
1211 1480
1211 1488
1211 1491
1211 1509
1211 1516
1211 1520
1211 1522
1211 1530
1211 1538
1211 1547
1211 1551
1211 1554
1211 1559
1211 1563
1211 1570
1211 1571
1211 1580
1211 1584
1211 1589
1211 1597
1211 1598
1211 1603
1211 1604
1211 1608
1211 1609
1211 1610
1211 1612
1211 1613
1211 1617
1211 1620
1211 1621
1211 1623
1211 1632
1211 1643
1211 1652
1211 1653
1211 1662
1211 1663
1211 1665
1211 1668
1211 1669
1211 1683
1211 1689
1211 1702
1211 1707
1211 1712
1211 1714
1211 1721
1211 1730
1211 1735
1211 1736
1211 1737
1211 1741
1211 1746
1211 1750
1211 1752
1211 1757
1211 1761
1211 1768
1211 1793
1211 1799
1211 1800
1211 1804
1211 1810
1211 1813
1211 1816
1211 1821
1211 1823
1211 1826
1211 1827
1211 1833
1211 1835
1211 1839
1211 1842
1211 1843
1211 1845
1211 1849
1211 1858
1211 1863
1211 1864
1211 1879
1211 1886
1211 1888
1211 1902
1212 107
1212 931
1212 939
1212 962
1212 1064
1212 1135
1212 1210
1212 1234
1212 1342
1212 1343
1212 1356
1212 1372
1212 1425
1212 1443
1212 1453
1212 1478
1212 1497
1212 1545
1212 1566
1212 1671
1212 1694
1212 1743
1212 1829
1212 1831
1212 1901
1212 1910
1213 107
1213 964
1213 1005
1213 1041
1213 1070
1213 1089
1213 1170
1213 1259
1213 1415
1213 1469
1213 1496
1213 1507
1213 1624
1213 1667
1213 1672
1213 1725
1213 1739
1213 1783
1213 1855
1213 1869
1214 107
1214 897
1214 916
1214 925
1214 927
1214 953
1214 960
1214 993
1214 995
1214 997
1214 1006
1214 1024
1214 1029
1214 1039
1214 1059
1214 1078
1214 1079
1214 1086
1214 1092
1214 1101
1214 1117
1214 1124
1214 1132
1214 1146
1214 1153
1214 1160
1214 1172
1214 1173
1214 1175
1214 1180
1214 1191
1214 1199
1214 1201
1214 1211
1214 1222
1214 1238
1214 1243
1214 1256
1214 1280
1214 1289
1214 1321
1214 1323
1214 1329
1214 1335
1214 1341
1214 1359
1214 1361
1214 1370
1214 1376
1214 1377
1214 1388
1214 1407
1214 1409
1214 1437
1214 1447
1214 1471
1214 1480
1214 1483
1214 1509
1214 1522
1214 1530
1214 1539
1214 1551
1214 1553
1214 1559
1214 1570
1214 1580
1214 1589
1214 1598
1214 1600
1214 1605
1214 1609
1214 1613
1214 1620
1214 1622
1214 1626
1214 1637
1214 1643
1214 1652
1214 1662
1214 1663
1214 1668
1214 1669
1214 1702
1214 1707
1214 1712
1214 1722
1214 1723
1214 1730
1214 1736
1214 1757
1214 1768
1214 1772
1214 1789
1214 1791
1214 1793
1214 1797
1214 1804
1214 1813
1214 1823
1214 1833
1214 1839
1214 1842
1214 1845
1214 1846
1214 1849
1214 1858
1214 1861
1214 1863
1214 1864
1214 1879
1214 1888
1214 1902
1214 1911
1215 107
1215 596
1215 896
1215 933
1215 942
1215 971
1215 984
1215 1014
1215 1032
1215 1103
1215 1143
1215 1158
1215 1192
1215 1204
1215 1273
1215 1347
1215 1373
1215 1413
1215 1429
1215 1459
1215 1475
1215 1489
1215 1495
1215 1502
1215 1503
1215 1515
1215 1587
1215 1591
1215 1649
1215 1661
1215 1706
1215 1729
1215 1732
1215 1742
1215 1783
1215 1786
1215 1790
1215 1794
1215 1828
1215 1850
1215 1871
1215 1893
1215 1907
1216 107
1216 901
1216 903
1216 917
1216 938
1216 958
1216 963
1216 992
1216 1097
1216 1118
1216 1137
1216 1186
1216 1232
1216 1314
1216 1319
1216 1333
1216 1363
1216 1371
1216 1378
1216 1424
1216 1452
1216 1468
1216 1493
1216 1533
1216 1548
1216 1568
1216 1601
1216 1629
1216 1733
1216 1747
1216 1784
1216 1787
1216 1798
1216 1837
1216 1880
1216 1895
1217 107
1217 484
1217 526
1217 563
1217 905
1217 913
1217 914
1217 917
1217 968
1217 994
1217 1001
1217 1052
1217 1159
1217 1183
1217 1247
1217 1258
1217 1334
1217 1338
1217 1343
1217 1364
1217 1366
1217 1408
1217 1435
1217 1444
1217 1453
1217 1473
1217 1482
1217 1487
1217 1492
1217 1525
1217 1536
1217 1540
1217 1569
1217 1575
1217 1584
1217 1620
1217 1630
1217 1658
1217 1699
1217 1738
1217 1794
1217 1807
1217 1818
1217 1885
1217 1888
1217 1897
1217 1910
1218 107
1218 956
1218 979
1218 1016
1218 1138
1218 1177
1218 1403
1218 1499
1218 1562
1218 1593
1218 1889
1219 107
1219 897
1219 966
1219 995
1219 1006
1219 1017
1219 1074
1219 1078
1219 1101
1219 1107
1219 1124
1219 1130
1219 1132
1219 1149
1219 1172
1219 1173
1219 1185
1219 1191
1219 1199
1219 1222
1219 1230
1219 1265
1219 1289
1219 1341
1219 1351
1219 1352
1219 1361
1219 1367
1219 1376
1219 1377
1219 1399
1219 1437
1219 1470
1219 1509
1219 1519
1219 1547
1219 1551
1219 1553
1219 1610
1219 1662
1219 1665
1219 1707
1219 1730
1219 1736
1219 1768
1219 1793
1219 1813
1219 1827
1219 1839
1219 1842
1219 1864
1219 1879
1219 1888
1219 1902
1220 107
1220 1029
1220 1331
1220 1367
1220 1483
1220 1498
1220 1537
1220 1571
1220 1827
1221 107
1221 896
1221 917
1221 940
1221 988
1221 1019
1221 1021
1221 1035
1221 1036
1221 1044
1221 1100
1221 1104
1221 1115
1221 1159
1221 1166
1221 1204
1221 1229
1221 1231
1221 1235
1221 1275
1221 1277
1221 1279
1221 1286
1221 1296
1221 1298
1221 1315
1221 1322
1221 1338
1221 1345
1221 1350
1221 1418
1221 1423
1221 1432
1221 1459
1221 1462
1221 1472
1221 1479
1221 1504
1221 1515
1221 1525
1221 1529
1221 1569
1221 1578
1221 1583
1221 1596
1221 1611
1221 1628
1221 1635
1221 1647
1221 1650
1221 1655
1221 1680
1221 1691
1221 1703
1221 1709
1221 1715
1221 1727
1221 1745
1221 1783
1221 1785
1221 1807
1221 1830
1221 1857
1221 1859
1221 1862
1221 1872
1221 1873
1221 1884
1221 1899
1221 1903
1221 1904
1222 107
1222 906
1222 913
1222 916
1222 921
1222 925
1222 953
1222 966
1222 978
1222 980
1222 997
1222 999
1222 1006
1222 1017
1222 1029
1222 1047
1222 1049
1222 1056
1222 1074
1222 1075
1222 1076
1222 1078
1222 1086
1222 1107
1222 1117
1222 1124
1222 1126
1222 1132
1222 1135
1222 1146
1222 1149
1222 1160
1222 1172
1222 1173
1222 1175
1222 1180
1222 1185
1222 1191
1222 1199
1222 1201
1222 1205
1222 1211
1222 1214
1222 1219
1222 1230
1222 1238
1222 1243
1222 1245
1222 1255
1222 1256
1222 1267
1222 1272
1222 1280
1222 1289
1222 1291
1222 1323
1222 1327
1222 1330
1222 1331
1222 1334
1222 1335
1222 1336
1222 1341
1222 1351
1222 1352
1222 1359
1222 1361
1222 1367
1222 1369
1222 1377
1222 1389
1222 1393
1222 1399
1222 1431
1222 1437
1222 1439
1222 1447
1222 1471
1222 1487
1222 1497
1222 1509
1222 1513
1222 1520
1222 1547
1222 1551
1222 1554
1222 1557
1222 1559
1222 1563
1222 1570
1222 1580
1222 1584
1222 1589
1222 1590
1222 1603
1222 1604
1222 1608
1222 1609
1222 1610
1222 1613
1222 1620
1222 1621
1222 1622
1222 1659
1222 1662
1222 1663
1222 1669
1222 1675
1222 1678
1222 1683
1222 1688
1222 1702
1222 1707
1222 1717
1222 1730
1222 1734
1222 1736
1222 1753
1222 1768
1222 1772
1222 1793
1222 1800
1222 1804
1222 1811
1222 1813
1222 1816
1222 1819
1222 1827
1222 1835
1222 1839
1222 1842
1222 1845
1222 1849
1222 1861
1222 1864
1222 1867
1222 1879
1222 1881
1222 1885
1222 1888
1222 1891
1222 1902
1223 107
1223 484
1223 538
1223 629
1223 651
1223 936
1223 1012
1223 1062
1223 1114
1223 1179
1223 1183
1223 1320
1223 1371
1223 1385
1223 1436
1223 1512
1223 1559
1223 1692
1223 1699
1223 1724
1223 1778
1223 1794
1224 107
1224 904
1225 107
1225 917
1225 943
1225 965
1225 977
1225 986
1225 1042
1225 1051
1225 1052
1225 1070
1225 1159
1225 1167
1225 1260
1225 1275
1225 1299
1225 1304
1225 1338
1225 1355
1225 1366
1225 1472
1225 1500
1225 1504
1225 1536
1225 1630
1225 1633
1225 1634
1225 1686
1225 1703
1225 1748
1225 1876
1226 107
1226 428
1226 526
1226 538
1226 905
1226 949
1226 1041
1226 1052
1226 1062
1226 1072
1226 1106
1226 1121
1226 1189
1226 1210
1226 1246
1226 1259
1226 1311
1226 1320
1226 1348
1226 1415
1226 1428
1226 1469
1226 1472
1226 1482
1226 1496
1226 1507
1226 1536
1226 1541
1226 1630
1226 1679
1226 1681
1226 1709
1226 1770
1226 1778
1226 1847
1227 107
1227 896
1227 902
1227 941
1227 954
1227 957
1227 975
1227 981
1227 988
1227 989
1227 1009
1227 1014
1227 1019
1227 1021
1227 1032
1227 1036
1227 1044
1227 1060
1227 1067
1227 1082
1227 1100
1227 1104
1227 1120
1227 1129
1227 1148
1227 1158
1227 1159
1227 1190
1227 1192
1227 1204
1227 1229
1227 1231
1227 1235
1227 1277
1227 1279
1227 1282
1227 1292
1227 1298
1227 1309
1227 1322
1227 1345
1227 1347
1227 1379
1227 1381
1227 1392
1227 1404
1227 1423
1227 1426
1227 1448
1227 1459
1227 1462
1227 1475
1227 1479
1227 1500
1227 1502
1227 1515
1227 1550
1227 1573
1227 1576
1227 1583
1227 1587
1227 1591
1227 1596
1227 1611
1227 1628
1227 1636
1227 1647
1227 1649
1227 1680
1227 1682
1227 1706
1227 1715
1227 1728
1227 1742
1227 1786
1227 1812
1227 1841
1227 1857
1227 1859
1227 1872
1227 1873
1227 1875
1227 1893
1227 1899
1228 107
1228 924
1228 974
1228 1000
1228 1010
1228 1035
1228 1051
1228 1070
1228 1090
1228 1131
1228 1141
1228 1159
1228 1170
1228 1188
1228 1236
1228 1304
1228 1308
1228 1355
1228 1412
1228 1500
1228 1549
1228 1703
1228 1725
1229 107
1229 596
1229 896
1229 1009
1229 1015
1229 1019
1229 1021
1229 1036
1229 1060
1229 1067
1229 1100
1229 1104
1229 1129
1229 1192
1229 1204
1229 1221
1229 1227
1229 1231
1229 1257
1229 1261
1229 1277
1229 1279
1229 1345
1229 1347
1229 1350
1229 1413
1229 1432
1229 1459
1229 1550
1229 1576
1229 1578
1229 1583
1229 1587
1229 1591
1229 1592
1229 1596
1229 1611
1229 1635
1229 1655
1229 1691
1229 1728
1229 1729
1229 1764
1229 1812
1229 1857
1229 1859
1229 1862
1230 107
1230 916
1230 921
1230 947
1230 952
1230 953
1230 966
1230 967
1230 980
1230 999
1230 1006
1230 1017
1230 1048
1230 1049
1230 1074
1230 1078
1230 1092
1230 1101
1230 1107
1230 1116
1230 1117
1230 1124
1230 1125
1230 1128
1230 1132
1230 1146
1230 1153
1230 1156
1230 1172
1230 1175
1230 1191
1230 1199
1230 1211
1230 1219
1230 1222
1230 1243
1230 1256
1230 1267
1230 1269
1230 1289
1230 1290
1230 1291
1230 1329
1230 1331
1230 1334
1230 1335
1230 1341
1230 1351
1230 1352
1230 1359
1230 1361
1230 1367
1230 1376
1230 1377
1230 1388
1230 1390
1230 1391
1230 1393
1230 1399
1230 1407
1230 1409
1230 1420
1230 1431
1230 1437
1230 1484
1230 1488
1230 1491
1230 1509
1230 1516
1230 1522
1230 1530
1230 1540
1230 1547
1230 1551
1230 1554
1230 1557
1230 1559
1230 1563
1230 1584
1230 1589
1230 1597
1230 1603
1230 1608
1230 1609
1230 1612
1230 1617
1230 1620
1230 1621
1230 1622
1230 1662
1230 1669
1230 1685
1230 1688
1230 1689
1230 1707
1230 1714
1230 1721
1230 1723
1230 1730
1230 1736
1230 1741
1230 1746
1230 1750
1230 1752
1230 1753
1230 1754
1230 1768
1230 1793
1230 1800
1230 1813
1230 1826
1230 1827
1230 1833
1230 1835
1230 1839
1230 1842
1230 1845
1230 1849
1230 1864
1230 1867
1230 1868
1230 1879
1230 1888
1230 1902
1230 1911
1231 107
1231 641
1231 896
1231 957
1231 975
1231 981
1231 988
1231 989
1231 1014
1231 1015
1231 1018
1231 1019
1231 1021
1231 1036
1231 1067
1231 1082
1231 1100
1231 1104
1231 1115
1231 1120
1231 1129
1231 1143
1231 1148
1231 1190
1231 1192
1231 1204
1231 1221
1231 1227
1231 1229
1231 1235
1231 1257
1231 1261
1231 1273
1231 1277
1231 1284
1231 1286
1231 1292
1231 1322
1231 1345
1231 1347
1231 1350
1231 1404
1231 1423
1231 1426
1231 1432
1231 1448
1231 1459
1231 1462
1231 1475
1231 1550
1231 1573
1231 1576
1231 1583
1231 1587
1231 1591
1231 1592
1231 1596
1231 1611
1231 1628
1231 1635
1231 1636
1231 1638
1231 1647
1231 1655
1231 1680
1231 1715
1231 1720
1231 1728
1231 1764
1231 1783
1231 1786
1231 1812
1231 1862
1231 1899
1232 107
1232 901
1232 903
1232 938
1232 958
1232 963
1232 1097
1232 1118
1232 1137
1232 1186
1232 1216
1232 1333
1232 1371
1232 1378
1232 1452
1232 1468
1232 1533
1232 1548
1232 1568
1232 1593
1232 1601
1232 1629
1232 1648
1232 1733
1232 1787
1232 1798
1232 1837
1232 1880
1232 1895
1233 107
1233 596
1234 107
1234 962
1234 1064
1234 1212
1234 1343
1234 1356
1234 1443
1234 1453
1234 1531
1234 1566
1234 1671
1234 1694
1234 1829
1234 1831
1234 1910
1235 107
1235 596
1235 641
1235 896
1235 902
1235 917
1235 941
1235 954
1235 957
1235 962
1235 975
1235 981
1235 988
1235 989
1235 994
1235 1009
1235 1014
1235 1015
1235 1019
1235 1021
1235 1032
1235 1036
1235 1044
1235 1060
1235 1067
1235 1082
1235 1086
1235 1100
1235 1104
1235 1108
1235 1115
1235 1120
1235 1129
1235 1148
1235 1158
1235 1190
1235 1192
1235 1204
1235 1221
1235 1227
1235 1231
1235 1257
1235 1273
1235 1277
1235 1284
1235 1292
1235 1298
1235 1315
1235 1322
1235 1345
1235 1347
1235 1350
1235 1373
1235 1379
1235 1381
1235 1392
1235 1404
1235 1413
1235 1414
1235 1423
1235 1426
1235 1432
1235 1436
1235 1438
1235 1448
1235 1459
1235 1462
1235 1475
1235 1479
1235 1502
1235 1550
1235 1573
1235 1576
1235 1578
1235 1583
1235 1587
1235 1591
1235 1596
1235 1611
1235 1628
1235 1635
1235 1636
1235 1647
1235 1655
1235 1661
1235 1680
1235 1682
1235 1691
1235 1715
1235 1716
1235 1742
1235 1764
1235 1783
1235 1786
1235 1824
1235 1830
1235 1841
1235 1857
1235 1859
1235 1862
1235 1871
1235 1872
1235 1873
1235 1884
1235 1893
1235 1899
1235 1903
1236 107
1236 924
1236 940
1236 943
1236 974
1236 986
1236 1051
1236 1070
1236 1090
1236 1127
1236 1131
1236 1139
1236 1141
1236 1188
1236 1228
1236 1258
1236 1260
1236 1275
1236 1299
1236 1304
1236 1308
1236 1310
1236 1338
1236 1355
1236 1366
1236 1469
1236 1472
1236 1482
1236 1504
1236 1529
1236 1536
1236 1633
1236 1634
1236 1650
1236 1703
1236 1709
1236 1725
1236 1749
1236 1770
1236 1785
1236 1815
1236 1869
1236 1906
1237 107
1237 353
1237 363
1237 366
1237 420
1237 428
1237 475
1237 483
1237 484
1237 517
1237 526
1237 538
1237 566
1237 580
1237 641
1237 905
1237 936
1237 948
1237 1001
1237 1012
1237 1025
1237 1030
1237 1080
1237 1113
1237 1122
1237 1155
1237 1179
1237 1184
1237 1313
1237 1318
1237 1320
1237 1332
1237 1349
1237 1358
1237 1374
1237 1390
1237 1397
1237 1420
1237 1427
1237 1464
1237 1473
1237 1487
1237 1512
1237 1514
1237 1526
1237 1543
1237 1574
1237 1616
1237 1673
1237 1677
1237 1692
1237 1744
1237 1746
1237 1763
1237 1766
1237 1778
1237 1800
1237 1833
1237 1853
1237 1882
1238 107
1238 484
1238 913
1238 916
1238 932
1238 946
1238 953
1238 959
1238 960
1238 966
1238 967
1238 972
1238 983
1238 995
1238 997
1238 1006
1238 1024
1238 1029
1238 1040
1238 1056
1238 1059
1238 1063
1238 1068
1238 1069
1238 1078
1238 1083
1238 1086
1238 1107
1238 1117
1238 1125
1238 1132
1238 1135
1238 1146
1238 1153
1238 1156
1238 1160
1238 1163
1238 1172
1238 1173
1238 1180
1238 1191
1238 1199
1238 1201
1238 1205
1238 1207
1238 1214
1238 1222
1238 1250
1238 1255
1238 1256
1238 1271
1238 1280
1238 1285
1238 1287
1238 1288
1238 1289
1238 1293
1238 1302
1238 1323
1238 1330
1238 1331
1238 1335
1238 1336
1238 1359
1238 1361
1238 1370
1238 1376
1238 1377
1238 1380
1238 1388
1238 1391
1238 1402
1238 1409
1238 1420
1238 1431
1238 1447
1238 1456
1238 1457
1238 1470
1238 1471
1238 1483
1238 1487
1238 1488
1238 1497
1238 1509
1238 1517
1238 1520
1238 1522
1238 1530
1238 1535
1238 1539
1238 1542
1238 1547
1238 1551
1238 1559
1238 1571
1238 1580
1238 1584
1238 1589
1238 1598
1238 1604
1238 1605
1238 1608
1238 1609
1238 1610
1238 1612
1238 1613
1238 1614
1238 1619
1238 1620
1238 1637
1238 1662
1238 1663
1238 1665
1238 1668
1238 1675
1238 1688
1238 1689
1238 1707
1238 1712
1238 1714
1238 1717
1238 1722
1238 1723
1238 1730
1238 1741
1238 1746
1238 1757
1238 1768
1238 1772
1238 1791
1238 1793
1238 1800
1238 1804
1238 1809
1238 1813
1238 1816
1238 1826
1238 1832
1238 1833
1238 1839
1238 1842
1238 1845
1238 1849
1238 1867
1238 1868
1238 1879
1238 1881
1238 1888
1238 1898
1238 1900
1238 1902
1239 107
1239 980
1239 995
1239 1047
1239 1399
1239 1644
1239 1721
1239 1730
1239 1845
1240 107
1240 987
1240 1203
1240 1353
1240 1394
1240 1642
1240 1693
1241 107
1241 917
1241 933
1241 971
1241 1014
1241 1159
1241 1166
1241 1167
1241 1273
1241 1338
1241 1373
1241 1481
1241 1502
1241 1503
1241 1536
1241 1649
1241 1686
1241 1783
1241 1850
1241 1876
1242 107
1242 526
1242 906
1242 925
1242 946
1242 947
1242 980
1242 1003
1242 1004
1242 1006
1242 1049
1242 1054
1242 1059
1242 1075
1242 1076
1242 1079
1242 1110
1242 1112
1242 1126
1242 1128
1242 1181
1242 1184
1242 1198
1242 1199
1242 1209
1242 1250
1242 1267
1242 1278
1242 1291
1242 1339
1242 1340
1242 1341
1242 1344
1242 1352
1242 1367
1242 1375
1242 1376
1242 1390
1242 1399
1242 1407
1242 1416
1242 1431
1242 1471
1242 1480
1242 1491
1242 1516
1242 1524
1242 1538
1242 1554
1242 1557
1242 1559
1242 1572
1242 1584
1242 1589
1242 1597
1242 1600
1242 1603
1242 1612
1242 1613
1242 1620
1242 1622
1242 1623
1242 1644
1242 1652
1242 1653
1242 1659
1242 1683
1242 1688
1242 1689
1242 1714
1242 1717
1242 1724
1242 1730
1242 1746
1242 1750
1242 1752
1242 1789
1242 1795
1242 1796
1242 1800
1242 1804
1242 1810
1242 1816
1242 1819
1242 1823
1242 1827
1242 1833
1242 1835
1242 1839
1242 1861
1242 1867
1242 1877
1242 1888
1243 107
1243 906
1243 921
1243 925
1243 927
1243 934
1243 946
1243 947
1243 953
1243 967
1243 978
1243 980
1243 993
1243 995
1243 997
1243 1047
1243 1049
1243 1059
1243 1075
1243 1076
1243 1078
1243 1079
1243 1086
1243 1110
1243 1124
1243 1126
1243 1135
1243 1146
1243 1160
1243 1173
1243 1182
1243 1185
1243 1191
1243 1201
1243 1209
1243 1211
1243 1214
1243 1222
1243 1230
1243 1267
1243 1269
1243 1290
1243 1323
1243 1329
1243 1330
1243 1334
1243 1351
1243 1352
1243 1376
1243 1377
1243 1399
1243 1420
1243 1431
1243 1451
1243 1483
1243 1497
1243 1509
1243 1522
1243 1528
1243 1530
1243 1554
1243 1559
1243 1563
1243 1570
1243 1584
1243 1589
1243 1590
1243 1604
1243 1608
1243 1609
1243 1610
1243 1612
1243 1613
1243 1620
1243 1621
1243 1623
1243 1637
1243 1639
1243 1643
1243 1659
1243 1662
1243 1663
1243 1669
1243 1675
1243 1688
1243 1714
1243 1721
1243 1723
1243 1730
1243 1735
1243 1746
1243 1753
1243 1754
1243 1761
1243 1765
1243 1768
1243 1791
1243 1799
1243 1800
1243 1804
1243 1811
1243 1813
1243 1827
1243 1833
1243 1835
1243 1842
1243 1849
1243 1861
1243 1867
1243 1885
1243 1888
1243 1902
1244 107
1244 943
1244 1090
1244 1127
1244 1189
1244 1428
1244 1472
1244 1591
1244 1630
1244 1703
1244 1770
1244 1781
1245 107
1245 483
1245 917
1245 919
1245 942
1245 954
1245 984
1245 1014
1245 1020
1245 1032
1245 1066
1245 1099
1245 1102
1245 1166
1245 1222
1245 1261
1245 1281
1245 1282
1245 1309
1245 1316
1245 1373
1245 1382
1245 1396
1245 1406
1245 1451
1245 1454
1245 1495
1245 1508
1245 1582
1245 1661
1245 1683
1245 1742
1245 1751
1245 1783
1245 1786
1245 1820
1245 1824
1245 1828
1245 1848
1245 1871
1246 107
1246 917
1246 1035
1246 1041
1246 1127
1246 1159
1246 1167
1246 1183
1246 1226
1246 1296
1246 1322
1246 1338
1246 1366
1246 1418
1246 1425
1246 1469
1246 1481
1246 1482
1246 1504
1246 1569
1246 1611
1246 1630
1246 1635
1246 1646
1246 1699
1246 1738
1246 1749
1246 1781
1246 1783
1246 1785
1246 1807
1246 1862
1246 1872
1246 1875
1246 1903
1247 107
1247 913
1247 914
1247 971
1247 1032
1247 1052
1247 1217
1247 1273
1247 1408
1247 1429
1247 1453
1247 1502
1247 1503
1247 1575
1247 1604
1247 1649
1247 1725
1247 1729
1247 1794
1247 1807
1247 1818
1247 1850
1247 1885
1247 1897
1248 107
1248 937
1248 1106
1248 1114
1248 1401
1248 1725
1248 1749
1248 1785
1249 107
1249 944
1249 977
1249 1011
1249 1041
1249 1131
1249 1169
1249 1258
1249 1306
1249 1338
1249 1428
1249 1703
1249 1748
1249 1756
1249 1831
