1250 107
1250 526
1250 906
1250 916
1250 925
1250 946
1250 947
1250 952
1250 967
1250 1003
1250 1004
1250 1017
1250 1026
1250 1049
1250 1054
1250 1059
1250 1075
1250 1076
1250 1078
1250 1079
1250 1086
1250 1092
1250 1110
1250 1112
1250 1126
1250 1146
1250 1149
1250 1181
1250 1184
1250 1185
1250 1198
1250 1199
1250 1205
1250 1209
1250 1211
1250 1238
1250 1242
1250 1255
1250 1256
1250 1271
1250 1278
1250 1287
1250 1288
1250 1293
1250 1330
1250 1335
1250 1339
1250 1340
1250 1341
1250 1344
1250 1352
1250 1367
1250 1375
1250 1376
1250 1380
1250 1390
1250 1399
1250 1402
1250 1416
1250 1420
1250 1431
1250 1435
1250 1456
1250 1488
1250 1491
1250 1522
1250 1524
1250 1530
1250 1532
1250 1547
1250 1554
1250 1557
1250 1559
1250 1572
1250 1584
1250 1589
1250 1597
1250 1600
1250 1603
1250 1608
1250 1610
1250 1612
1250 1613
1250 1617
1250 1619
1250 1620
1250 1622
1250 1623
1250 1632
1250 1644
1250 1652
1250 1653
1250 1659
1250 1662
1250 1663
1250 1683
1250 1685
1250 1688
1250 1689
1250 1707
1250 1712
1250 1714
1250 1717
1250 1721
1250 1724
1250 1730
1250 1736
1250 1737
1250 1741
1250 1746
1250 1750
1250 1752
1250 1754
1250 1757
1250 1765
1250 1768
1250 1771
1250 1789
1250 1793
1250 1795
1250 1796
1250 1799
1250 1800
1250 1804
1250 1810
1250 1816
1250 1819
1250 1827
1250 1833
1250 1839
1250 1849
1250 1861
1250 1867
1250 1877
1250 1879
1250 1888
1250 1902
1251 107
1251 1098
1251 1136
1251 1144
1251 1174
1251 1307
1251 1410
1251 1421
1251 1555
1251 1687
1251 1705
1251 1825
1252 107
1252 1030
1252 1254
1253 107
1253 1071
1253 1202
1254 107
1254 955
1254 1030
1254 1165
1254 1252
1254 1368
1255 107
1255 916
1255 921
1255 926
1255 927
1255 946
1255 967
1255 978
1255 993
1255 997
1255 1003
1255 1059
1255 1078
1255 1086
1255 1112
1255 1117
1255 1124
1255 1126
1255 1135
1255 1146
1255 1160
1255 1175
1255 1182
1255 1184
1255 1185
1255 1195
1255 1199
1255 1205
1255 1222
1255 1238
1255 1250
1255 1269
1255 1272
1255 1280
1255 1291
1255 1302
1255 1305
1255 1312
1255 1321
1255 1323
1255 1329
1255 1334
1255 1341
1255 1352
1255 1359
1255 1361
1255 1367
1255 1369
1255 1376
1255 1377
1255 1390
1255 1391
1255 1399
1255 1405
1255 1409
1255 1416
1255 1420
1255 1431
1255 1447
1255 1467
1255 1471
1255 1509
1255 1513
1255 1516
1255 1520
1255 1522
1255 1528
1255 1539
1255 1551
1255 1554
1255 1559
1255 1563
1255 1570
1255 1584
1255 1589
1255 1590
1255 1600
1255 1603
1255 1604
1255 1608
1255 1609
1255 1610
1255 1612
1255 1613
1255 1614
1255 1617
1255 1621
1255 1622
1255 1626
1255 1637
1255 1639
1255 1643
1255 1659
1255 1662
1255 1663
1255 1669
1255 1675
1255 1683
1255 1714
1255 1717
1255 1721
1255 1730
1255 1735
1255 1737
1255 1746
1255 1750
1255 1752
1255 1753
1255 1757
1255 1765
1255 1768
1255 1791
1255 1799
1255 1800
1255 1805
1255 1813
1255 1819
1255 1827
1255 1833
1255 1835
1255 1846
1255 1888
1255 1891
1255 1902
1256 107
1256 897
1256 906
1256 916
1256 926
1256 932
1256 953
1256 959
1256 960
1256 966
1256 972
1256 982
1256 983
1256 993
1256 997
1256 1006
1256 1024
1256 1029
1256 1040
1256 1063
1256 1068
1256 1076
1256 1078
1256 1083
1256 1086
1256 1101
1256 1107
1256 1117
1256 1123
1256 1125
1256 1126
1256 1130
1256 1132
1256 1153
1256 1156
1256 1160
1256 1163
1256 1172
1256 1173
1256 1199
1256 1207
1256 1214
1256 1222
1256 1230
1256 1238
1256 1250
1256 1271
1256 1285
1256 1288
1256 1289
1256 1302
1256 1330
1256 1331
1256 1335
1256 1336
1256 1341
1256 1351
1256 1359
1256 1361
1256 1367
1256 1370
1256 1377
1256 1380
1256 1388
1256 1390
1256 1399
1256 1409
1256 1431
1256 1447
1256 1456
1256 1457
1256 1458
1256 1470
1256 1471
1256 1480
1256 1483
1256 1488
1256 1509
1256 1516
1256 1520
1256 1524
1256 1542
1256 1547
1256 1551
1256 1554
1256 1559
1256 1563
1256 1589
1256 1598
1256 1604
1256 1605
1256 1610
1256 1613
1256 1619
1256 1620
1256 1621
1256 1637
1256 1639
1256 1652
1256 1662
1256 1663
1256 1665
1256 1668
1256 1707
1256 1712
1256 1714
1256 1717
1256 1722
1256 1736
1256 1741
1256 1746
1256 1757
1256 1768
1256 1789
1256 1791
1256 1796
1256 1800
1256 1804
1256 1809
1256 1813
1256 1816
1256 1826
1256 1832
1256 1833
1256 1835
1256 1839
1256 1849
1256 1863
1256 1864
1256 1868
1256 1879
1256 1888
1256 1898
1256 1900
1256 1902
1257 107
1257 896
1257 902
1257 941
1257 957
1257 981
1257 1009
1257 1014
1257 1019
1257 1021
1257 1036
1257 1060
1257 1067
1257 1082
1257 1100
1257 1104
1257 1115
1257 1129
1257 1148
1257 1192
1257 1204
1257 1229
1257 1231
1257 1235
1257 1284
1257 1292
1257 1315
1257 1322
1257 1345
1257 1404
1257 1413
1257 1426
1257 1432
1257 1459
1257 1462
1257 1479
1257 1573
1257 1576
1257 1583
1257 1587
1257 1591
1257 1592
1257 1596
1257 1635
1257 1636
1257 1647
1257 1655
1257 1680
1257 1691
1257 1790
1257 1841
1257 1857
1257 1859
1257 1862
1257 1872
1258 107
1258 924
1258 944
1258 977
1258 994
1258 1011
1258 1051
1258 1070
1258 1131
1258 1152
1258 1159
1258 1166
1258 1217
1258 1236
1258 1249
1258 1260
1258 1275
1258 1304
1258 1306
1258 1334
1258 1338
1258 1343
1258 1355
1258 1366
1258 1435
1258 1444
1258 1473
1258 1492
1258 1525
1258 1536
1258 1569
1258 1584
1258 1630
1258 1634
1258 1658
1258 1703
1258 1709
1258 1738
1258 1781
1258 1807
1258 1815
1258 1818
1259 107
1259 389
1259 940
1259 949
1259 964
1259 1005
1259 1011
1259 1037
1259 1041
1259 1052
1259 1070
1259 1072
1259 1089
1259 1109
1259 1121
1259 1139
1259 1188
1259 1189
1259 1213
1259 1226
1259 1260
1259 1275
1259 1311
1259 1338
1259 1348
1259 1362
1259 1415
1259 1469
1259 1472
1259 1482
1259 1496
1259 1504
1259 1507
1259 1536
1259 1541
1259 1624
1259 1630
1259 1667
1259 1672
1259 1709
1259 1725
1259 1745
1259 1770
1259 1783
1259 1815
1259 1904
1259 1906
1260 107
1260 917
1260 924
1260 944
1260 977
1260 1011
1260 1051
1260 1052
1260 1070
1260 1131
1260 1139
1260 1159
1260 1167
1260 1188
1260 1225
1260 1236
1260 1258
1260 1259
1260 1275
1260 1299
1260 1304
1260 1308
1260 1338
1260 1355
1260 1366
1260 1469
1260 1472
1260 1504
1260 1525
1260 1630
1260 1633
1260 1634
1260 1686
1260 1703
1260 1709
1260 1725
1260 1815
1260 1876
1261 107
1261 483
1261 896
1261 898
1261 900
1261 917
1261 919
1261 933
1261 942
1261 969
1261 984
1261 1009
1261 1014
1261 1018
1261 1020
1261 1032
1261 1066
1261 1081
1261 1099
1261 1102
1261 1108
1261 1166
1261 1204
1261 1229
1261 1231
1261 1245
1261 1273
1261 1277
1261 1281
1261 1282
1261 1292
1261 1309
1261 1316
1261 1324
1261 1345
1261 1373
1261 1382
1261 1396
1261 1406
1261 1451
1261 1454
1261 1475
1261 1495
1261 1508
1261 1515
1261 1582
1261 1583
1261 1595
1261 1638
1261 1661
1261 1729
1261 1732
1261 1742
1261 1751
1261 1783
1261 1786
1261 1812
1261 1820
1261 1824
1261 1828
1261 1848
1261 1850
1261 1857
1261 1871
1261 1872
1261 1893
1261 1894
1261 1907
1262 107
1262 1835
1263 107
1263 905
1263 1114
1263 1117
1263 1591
1263 1783
1264 107
1264 937
1264 1295
1264 1725
1264 1749
1265 107
1265 526
1265 925
1265 927
1265 967
1265 995
1265 1048
1265 1146
1265 1175
1265 1182
1265 1195
1265 1219
1265 1269
1265 1323
1265 1329
1265 1376
1265 1377
1265 1460
1265 1484
1265 1513
1265 1520
1265 1528
1265 1570
1265 1590
1265 1608
1265 1609
1265 1768
1265 1782
1265 1811
1265 1861
1265 1891
1266 107
1266 1050
1266 1055
1266 1138
1266 1431
1266 1434
1266 1441
1266 1564
1266 1585
1266 1666
1266 1779
1266 1822
1266 1905
1267 107
1267 916
1267 925
1267 934
1267 946
1267 947
1267 952
1267 980
1267 993
1267 997
1267 1004
1267 1017
1267 1024
1267 1028
1267 1047
1267 1076
1267 1078
1267 1079
1267 1086
1267 1107
1267 1117
1267 1125
1267 1126
1267 1128
1267 1132
1267 1146
1267 1149
1267 1181
1267 1184
1267 1185
1267 1191
1267 1198
1267 1199
1267 1211
1267 1222
1267 1230
1267 1242
1267 1243
1267 1269
1267 1272
1267 1287
1267 1289
1267 1291
1267 1302
1267 1335
1267 1336
1267 1339
1267 1341
1267 1352
1267 1365
1267 1370
1267 1376
1267 1377
1267 1390
1267 1391
1267 1399
1267 1402
1267 1431
1267 1447
1267 1467
1267 1483
1267 1491
1267 1509
1267 1516
1267 1520
1267 1522
1267 1530
1267 1557
1267 1559
1267 1570
1267 1584
1267 1589
1267 1590
1267 1597
1267 1603
1267 1608
1267 1612
1267 1613
1267 1617
1267 1621
1267 1622
1267 1623
1267 1643
1267 1644
1267 1662
1267 1663
1267 1668
1267 1689
1267 1707
1267 1712
1267 1714
1267 1717
1267 1723
1267 1730
1267 1735
1267 1736
1267 1746
1267 1750
1267 1752
1267 1753
1267 1761
1267 1768
1267 1791
1267 1793
1267 1795
1267 1796
1267 1799
1267 1800
1267 1804
1267 1823
1267 1827
1267 1833
1267 1835
1267 1839
1267 1849
1267 1867
1267 1868
1267 1886
1267 1888
1267 1891
1268 107
1268 517
1268 1200
1268 1202
1268 1210
1268 1343
1268 1529
1268 1531
1268 1814
1268 1876
1268 1910
1269 107
1269 906
1269 916
1269 921
1269 925
1269 927
1269 932
1269 934
1269 947
1269 952
1269 978
1269 980
1269 982
1269 993
1269 1017
1269 1048
1269 1049
1269 1059
1269 1074
1269 1107
1269 1116
1269 1126
1269 1128
1269 1132
1269 1135
1269 1146
1269 1153
1269 1175
1269 1182
1269 1184
1269 1185
1269 1198
1269 1199
1269 1211
1269 1230
1269 1243
1269 1255
1269 1265
1269 1267
1269 1291
1269 1302
1269 1305
1269 1312
1269 1329
1269 1331
1269 1334
1269 1352
1269 1367
1269 1376
1269 1377
1269 1388
1269 1391
1269 1399
1269 1409
1269 1420
1269 1431
1269 1439
1269 1456
1269 1460
1269 1467
1269 1471
1269 1480
1269 1484
1269 1491
1269 1509
1269 1513
1269 1516
1269 1522
1269 1528
1269 1538
1269 1547
1269 1554
1269 1557
1269 1559
1269 1570
1269 1580
1269 1584
1269 1589
1269 1600
1269 1603
1269 1608
1269 1609
1269 1610
1269 1612
1269 1613
1269 1617
1269 1621
1269 1622
1269 1623
1269 1637
1269 1643
1269 1663
1269 1668
1269 1669
1269 1675
1269 1685
1269 1688
1269 1714
1269 1721
1269 1730
1269 1735
1269 1736
1269 1746
1269 1750
1269 1753
1269 1754
1269 1757
1269 1761
1269 1768
1269 1782
1269 1799
1269 1800
1269 1804
1269 1810
1269 1816
1269 1819
1269 1823
1269 1827
1269 1833
1269 1835
1269 1845
1269 1864
1269 1879
1269 1886
1269 1888
1269 1891
1270 107
1270 1711
1271 107
1271 916
1271 953
1271 959
1271 960
1271 966
1271 982
1271 983
1271 995
1271 1006
1271 1024
1271 1039
1271 1040
1271 1068
1271 1078
1271 1083
1271 1086
1271 1091
1271 1101
1271 1107
1271 1117
1271 1123
1271 1125
1271 1126
1271 1130
1271 1132
1271 1153
1271 1156
1271 1163
1271 1173
1271 1185
1271 1199
1271 1205
1271 1207
1271 1238
1271 1250
1271 1256
1271 1280
1271 1285
1271 1288
1271 1291
1271 1302
1271 1330
1271 1331
1271 1336
1271 1352
1271 1370
1271 1380
1271 1390
1271 1391
1271 1399
1271 1402
1271 1431
1271 1447
1271 1449
1271 1456
1271 1457
1271 1471
1271 1480
1271 1483
1271 1488
1271 1559
1271 1584
1271 1598
1271 1604
1271 1605
1271 1610
1271 1612
1271 1613
1271 1619
1271 1663
1271 1665
1271 1668
1271 1707
1271 1712
1271 1714
1271 1717
1271 1722
1271 1741
1271 1746
1271 1757
1271 1768
1271 1793
1271 1800
1271 1804
1271 1809
1271 1816
1271 1826
1271 1832
1271 1833
1271 1849
1271 1868
1271 1879
1271 1888
1271 1898
1271 1902
1272 107
1272 921
1272 946
1272 947
1272 960
1272 967
1272 973
1272 978
1272 980
1272 1003
1272 1078
1272 1117
1272 1123
1272 1126
1272 1128
1272 1149
1272 1175
1272 1185
1272 1196
1272 1222
1272 1255
1272 1267
1272 1305
1272 1312
1272 1327
1272 1329
1272 1352
1272 1367
1272 1369
1272 1376
1272 1391
1272 1402
1272 1405
1272 1420
1272 1431
1272 1449
1272 1460
1272 1467
1272 1485
1272 1488
1272 1491
1272 1509
1272 1513
1272 1516
1272 1520
1272 1551
1272 1554
1272 1559
1272 1563
1272 1584
1272 1585
1272 1589
1272 1590
1272 1603
1272 1610
1272 1612
1272 1613
1272 1622
1272 1639
1272 1644
1272 1662
1272 1669
1272 1685
1272 1714
1272 1723
1272 1730
1272 1735
1272 1753
1272 1761
1272 1765
1272 1793
1272 1799
1272 1800
1272 1804
1272 1813
1272 1823
1272 1833
1272 1835
1272 1836
1272 1839
1272 1846
1272 1886
1272 1888
1272 1891
1273 107
1273 483
1273 641
1273 896
1273 898
1273 917
1273 933
1273 941
1273 954
1273 971
1273 984
1273 1014
1273 1018
1273 1020
1273 1032
1273 1086
1273 1099
1273 1102
1273 1106
1273 1108
1273 1120
1273 1143
1273 1166
1273 1170
1273 1204
1273 1215
1273 1231
1273 1235
1273 1241
1273 1247
1273 1261
1273 1282
1273 1286
1273 1316
1273 1373
1273 1382
1273 1396
1273 1412
1273 1429
1273 1432
1273 1451
1273 1454
1273 1489
1273 1502
1273 1503
1273 1508
1273 1515
1273 1595
1273 1649
1273 1704
1273 1725
1273 1729
1273 1742
1273 1751
1273 1783
1273 1786
1273 1794
1273 1820
1273 1824
1273 1830
1273 1848
1273 1850
1273 1871
1273 1893
1274 107
1274 908
1274 951
1274 978
1274 995
1274 1033
1274 1085
1274 1307
1274 1325
1274 1433
1274 1445
1274 1511
1274 1553
1274 1567
1274 1588
1274 1593
1274 1615
1274 1656
1274 1687
1274 1698
1274 1708
1274 1806
1274 1825
1274 1866
1274 1908
1275 107
1275 389
1275 917
1275 924
1275 944
1275 965
1275 1010
1275 1037
1275 1041
1275 1051
1275 1070
1275 1109
1275 1139
1275 1152
1275 1159
1275 1167
1275 1170
1275 1188
1275 1221
1275 1225
1275 1236
1275 1258
1275 1259
1275 1260
1275 1296
1275 1299
1275 1310
1275 1338
1275 1348
1275 1355
1275 1366
1275 1418
1275 1469
1275 1472
1275 1473
1275 1482
1275 1496
1275 1500
1275 1504
1275 1525
1275 1536
1275 1624
1275 1630
1275 1633
1275 1672
1275 1703
1275 1709
1275 1770
1275 1781
1275 1783
1275 1785
1275 1815
1275 1828
1275 1869
1275 1876
1275 1904
1275 1906
1276 107
1276 1791
1277 107
1277 483
1277 637
1277 896
1277 898
1277 902
1277 917
1277 919
1277 941
1277 954
1277 957
1277 975
1277 988
1277 989
1277 1009
1277 1014
1277 1015
1277 1018
1277 1019
1277 1020
1277 1021
1277 1032
1277 1036
1277 1044
1277 1060
1277 1066
1277 1067
1277 1081
1277 1082
1277 1099
1277 1100
1277 1104
1277 1108
1277 1115
1277 1120
1277 1129
1277 1148
1277 1158
1277 1190
1277 1192
1277 1204
1277 1221
1277 1227
1277 1229
1277 1231
1277 1235
1277 1261
1277 1282
1277 1284
1277 1286
1277 1292
1277 1298
1277 1303
1277 1309
1277 1322
1277 1345
1277 1347
1277 1350
1277 1379
1277 1381
1277 1382
1277 1392
1277 1404
1277 1413
1277 1414
1277 1417
1277 1423
1277 1426
1277 1432
1277 1438
1277 1448
1277 1454
1277 1459
1277 1462
1277 1475
1277 1479
1277 1508
1277 1515
1277 1550
1277 1573
1277 1576
1277 1578
1277 1583
1277 1587
1277 1591
1277 1595
1277 1596
1277 1611
1277 1628
1277 1635
1277 1636
1277 1647
1277 1655
1277 1661
1277 1680
1277 1691
1277 1715
1277 1716
1277 1720
1277 1728
1277 1729
1277 1742
1277 1751
1277 1764
1277 1783
1277 1786
1277 1790
1277 1812
1277 1820
1277 1824
1277 1841
1277 1848
1277 1857
1277 1859
1277 1862
1277 1871
1277 1872
1277 1873
1277 1875
1277 1884
1277 1893
1277 1894
1277 1899
1277 1903
1278 107
1278 526
1278 906
1278 964
1278 1049
1278 1054
1278 1059
1278 1075
1278 1079
1278 1101
1278 1110
1278 1112
1278 1126
1278 1184
1278 1209
1278 1242
1278 1250
1278 1344
1278 1367
1278 1375
1278 1416
1278 1471
1278 1523
1278 1524
1278 1572
1278 1688
1278 1724
1278 1730
1278 1746
1278 1750
1278 1757
1278 1771
1278 1800
1278 1810
1278 1827
1278 1867
1279 107
1279 902
1279 975
1279 981
1279 988
1279 1019
1279 1044
1279 1067
1279 1082
1279 1100
1279 1104
1279 1129
1279 1148
1279 1204
1279 1221
1279 1227
1279 1229
1279 1292
1279 1298
1279 1322
1279 1345
1279 1347
1279 1379
1279 1404
1279 1432
1279 1448
1279 1459
1279 1462
1279 1475
1279 1479
1279 1576
1279 1583
1279 1587
1279 1596
1279 1611
1279 1628
1279 1636
1279 1691
1279 1715
1279 1716
1279 1728
1279 1786
1279 1857
1279 1899
1280 107
1280 897
1280 916
1280 926
1280 953
1280 995
1280 997
1280 1029
1280 1039
1280 1056
1280 1068
1280 1083
1280 1117
1280 1126
1280 1153
1280 1160
1280 1172
1280 1173
1280 1175
1280 1180
1280 1191
1280 1199
1280 1201
1280 1205
1280 1214
1280 1222
1280 1238
1280 1255
1280 1271
1280 1330
1280 1331
1280 1352
1280 1359
1280 1388
1280 1391
1280 1402
1280 1409
1280 1431
1280 1447
1280 1456
1280 1470
1280 1483
1280 1488
1280 1509
1280 1535
1280 1551
1280 1570
1280 1598
1280 1604
1280 1605
1280 1608
1280 1609
1280 1637
1280 1662
1280 1663
1280 1670
1280 1674
1280 1707
1280 1722
1280 1723
1280 1736
1280 1741
1280 1768
1280 1791
1280 1793
1280 1804
1280 1809
1280 1813
1280 1832
1280 1835
1280 1839
1280 1842
1280 1849
1280 1861
1280 1868
1280 1902
1281 107
1281 483
1281 917
1281 941
1281 954
1281 1014
1281 1018
1281 1021
1281 1032
1281 1066
1281 1108
1281 1245
1281 1261
1281 1282
1281 1309
1281 1373
1281 1396
1281 1429
1281 1495
1281 1502
1281 1508
1281 1515
1281 1582
1281 1595
1281 1638
1281 1661
1281 1715
1281 1720
1281 1729
1281 1742
1281 1751
1281 1783
1281 1786
1281 1820
1281 1824
1281 1828
1281 1844
1281 1871
1281 1893
1281 1894
1281 1907
1282 107
1282 483
1282 896
1282 898
1282 917
1282 941
1282 942
1282 954
1282 969
1282 971
1282 984
1282 1014
1282 1018
1282 1020
1282 1032
1282 1066
1282 1081
1282 1099
1282 1102
1282 1108
1282 1166
1282 1170
1282 1192
1282 1204
1282 1227
1282 1245
1282 1261
1282 1273
1282 1277
1282 1281
1282 1286
1282 1303
1282 1309
1282 1324
1282 1347
1282 1373
1282 1381
1282 1382
1282 1396
1282 1406
1282 1451
1282 1454
1282 1459
1282 1475
1282 1495
1282 1502
1282 1508
1282 1515
1282 1582
1282 1591
1282 1595
1282 1630
1282 1638
1282 1649
1282 1661
1282 1729
1282 1732
1282 1742
1282 1751
1282 1783
1282 1786
1282 1812
1282 1820
1282 1824
1282 1828
1282 1871
1282 1893
1282 1894
1283 107
1283 961
1283 991
1283 1034
1283 1087
1283 1150
1283 1161
1283 1165
1283 1301
1283 1321
1283 1327
1283 1369
1283 1384
1283 1411
1283 1421
1283 1477
1283 1505
1283 1520
1283 1523
1283 1540
1283 1554
1283 1626
1283 1641
1283 1683
1283 1803
1283 1817
1283 1827
1283 1852
1283 1858
1283 1863
1283 1891
1283 1911
1284 107
1284 483
1284 896
1284 942
1284 957
1284 1009
1284 1018
1284 1036
1284 1067
1284 1082
1284 1115
1284 1148
1284 1158
1284 1190
1284 1192
1284 1204
1284 1231
1284 1235
1284 1257
1284 1277
1284 1298
1284 1315
1284 1322
1284 1345
1284 1392
1284 1404
1284 1413
1284 1423
1284 1426
1284 1454
1284 1459
1284 1462
1284 1475
1284 1479
1284 1492
1284 1502
1284 1550
1284 1573
1284 1576
1284 1583
1284 1587
1284 1591
1284 1628
1284 1636
1284 1647
1284 1655
1284 1680
1284 1691
1284 1715
1284 1720
1284 1728
1284 1742
1284 1764
1284 1790
1284 1820
1284 1841
1284 1857
1284 1859
1284 1899
1284 1907
1285 107
1285 916
1285 959
1285 960
1285 966
1285 972
1285 983
1285 1006
1285 1024
1285 1040
1285 1063
1285 1069
1285 1078
1285 1083
1285 1086
1285 1125
1285 1132
1285 1153
1285 1163
1285 1207
1285 1238
1285 1256
1285 1271
1285 1288
1285 1336
1285 1370
1285 1380
1285 1391
1285 1399
1285 1431
1285 1447
1285 1456
1285 1457
1285 1471
1285 1488
1285 1547
1285 1598
1285 1610
1285 1619
1285 1662
1285 1665
1285 1668
1285 1707
1285 1712
1285 1736
1285 1793
1285 1809
1285 1832
1285 1839
1285 1849
1285 1868
1285 1879
1285 1888
1285 1898
1285 1900
1286 107
1286 896
1286 957
1286 1014
1286 1018
1286 1020
1286 1032
1286 1102
1286 1221
1286 1231
1286 1273
1286 1277
1286 1282
1286 1322
1286 1459
1286 1462
1286 1583
1286 1591
1286 1611
1286 1628
1286 1820
1286 1887
1286 1893
1287 107
1287 916
1287 946
1287 947
1287 960
1287 993
1287 1004
1287 1006
1287 1017
1287 1024
1287 1028
1287 1048
1287 1078
1287 1101
1287 1153
1287 1184
1287 1199
1287 1211
1287 1238
1287 1250
1287 1267
1287 1293
1287 1329
1287 1331
1287 1352
1287 1367
1287 1370
1287 1375
1287 1390
1287 1399
1287 1456
1287 1471
1287 1516
1287 1547
1287 1554
1287 1557
1287 1559
1287 1584
1287 1589
1287 1598
1287 1610
1287 1612
1287 1617
1287 1621
1287 1623
1287 1663
1287 1712
1287 1714
1287 1730
1287 1735
1287 1746
1287 1757
1287 1795
1287 1799
1287 1800
1287 1804
1287 1816
1287 1823
1287 1826
1287 1827
1287 1833
1287 1845
1287 1864
1287 1867
1287 1886
1287 1888
1288 107
1288 916
1288 959
1288 960
1288 966
1288 972
1288 982
1288 983
1288 1006
1288 1024
1288 1040
1288 1063
1288 1069
1288 1078
1288 1083
1288 1086
1288 1101
1288 1107
1288 1117
1288 1125
1288 1126
1288 1132
1288 1153
1288 1156
1288 1163
1288 1175
1288 1184
1288 1199
1288 1205
1288 1207
1288 1238
1288 1250
1288 1256
1288 1271
1288 1285
1288 1289
1288 1330
1288 1331
1288 1335
1288 1336
1288 1352
1288 1359
1288 1370
1288 1380
1288 1388
1288 1390
1288 1391
1288 1399
1288 1402
1288 1431
1288 1447
1288 1456
1288 1457
1288 1470
1288 1471
1288 1488
1288 1491
1288 1542
1288 1547
1288 1598
1288 1605
1288 1610
1288 1619
1288 1621
1288 1622
1288 1663
1288 1665
1288 1668
1288 1707
1288 1712
1288 1714
1288 1717
1288 1736
1288 1741
1288 1746
1288 1757
1288 1800
1288 1804
1288 1809
1288 1810
1288 1816
1288 1826
1288 1832
1288 1833
1288 1839
1288 1842
1288 1849
1288 1868
1288 1879
1288 1888
1288 1898
1288 1900
1289 107
1289 916
1289 946
1289 953
1289 960
1289 966
1289 983
1289 993
1289 1004
1289 1006
1289 1017
1289 1024
1289 1040
1289 1078
1289 1086
1289 1092
1289 1101
1289 1107
1289 1117
1289 1124
1289 1125
1289 1126
1289 1132
1289 1153
1289 1172
1289 1181
1289 1199
1289 1211
1289 1214
1289 1219
1289 1222
1289 1230
1289 1238
1289 1256
1289 1267
1289 1288
1289 1291
1289 1335
1289 1352
1289 1367
1289 1390
1289 1399
1289 1431
1289 1437
1289 1471
1289 1483
1289 1491
1289 1530
1289 1547
1289 1551
1289 1577
1289 1584
1289 1589
1289 1598
1289 1603
1289 1604
1289 1612
1289 1613
1289 1617
1289 1619
1289 1622
1289 1632
1289 1643
1289 1663
1289 1665
1289 1668
1289 1707
1289 1714
1289 1730
1289 1736
1289 1750
1289 1768
1289 1791
1289 1795
1289 1804
1289 1809
1289 1823
1289 1827
1289 1833
1289 1839
1289 1842
1289 1864
1289 1879
1289 1886
1289 1888
1290 107
1290 526
1290 916
1290 921
1290 925
1290 927
1290 952
1290 967
1290 980
1290 993
1290 1004
1290 1026
1290 1047
1290 1048
1290 1049
1290 1056
1290 1059
1290 1075
1290 1076
1290 1079
1290 1110
1290 1146
1290 1191
1290 1209
1290 1230
1290 1243
1290 1312
1290 1329
1290 1335
1290 1339
1290 1352
1290 1365
1290 1377
1290 1390
1290 1393
1290 1407
1290 1416
1290 1420
1290 1460
1290 1520
1290 1522
1290 1523
1290 1524
1290 1528
1290 1554
1290 1557
1290 1559
1290 1563
1290 1570
1290 1589
1290 1590
1290 1597
1290 1600
1290 1609
1290 1612
1290 1613
1290 1614
1290 1619
1290 1620
1290 1622
1290 1632
1290 1659
1290 1663
1290 1669
1290 1683
1290 1688
1290 1689
1290 1700
1290 1721
1290 1730
1290 1746
1290 1750
1290 1752
1290 1753
1290 1754
1290 1768
1290 1791
1290 1793
1290 1796
1290 1800
1290 1827
1290 1833
1290 1835
1290 1845
1290 1864
1290 1867
1290 1891
1291 107
1291 921
1291 925
1291 934
1291 947
1291 952
1291 960
1291 966
1291 982
1291 993
1291 999
1291 1004
1291 1017
1291 1024
1291 1028
1291 1059
1291 1078
1291 1086
1291 1092
1291 1107
1291 1125
1291 1126
1291 1128
1291 1132
1291 1146
1291 1156
1291 1175
1291 1185
1291 1191
1291 1199
1291 1209
1291 1211
1291 1222
1291 1230
1291 1242
1291 1255
1291 1267
1291 1269
1291 1271
1291 1289
1291 1302
1291 1329
1291 1334
1291 1335
1291 1341
1291 1352
1291 1370
1291 1376
1291 1377
1291 1390
1291 1391
1291 1398
1291 1399
1291 1401
1291 1416
1291 1420
1291 1431
1291 1437
1291 1467
1291 1471
1291 1488
1291 1491
1291 1516
1291 1530
1291 1547
1291 1551
1291 1559
1291 1570
1291 1584
1291 1589
1291 1590
1291 1597
1291 1598
1291 1603
1291 1608
1291 1613
1291 1619
1291 1621
1291 1622
1291 1637
1291 1643
1291 1663
1291 1668
1291 1675
1291 1707
1291 1712
1291 1714
1291 1730
1291 1736
1291 1741
1291 1746
1291 1750
1291 1752
1291 1754
1291 1761
1291 1768
1291 1789
1291 1791
1291 1793
1291 1795
1291 1800
1291 1804
1291 1810
1291 1813
1291 1823
1291 1827
1291 1833
1291 1835
1291 1839
1291 1842
1291 1864
1291 1879
1291 1888
1292 107
1292 896
1292 957
1292 975
1292 981
1292 1014
1292 1067
1292 1082
1292 1100
1292 1104
1292 1120
1292 1129
1292 1148
1292 1158
1292 1192
1292 1227
1292 1231
1292 1235
1292 1257
1292 1261
1292 1277
1292 1279
1292 1298
1292 1315
1292 1322
1292 1345
1292 1347
1292 1379
1292 1392
1292 1404
1292 1438
1292 1459
1292 1462
1292 1475
1292 1479
1292 1550
1292 1573
1292 1576
1292 1583
1292 1591
1292 1596
1292 1611
1292 1628
1292 1636
1292 1647
1292 1682
1292 1691
1292 1716
1292 1720
1292 1783
1292 1841
1292 1857
1292 1862
1292 1887
1292 1899
1293 107
1293 916
1293 967
1293 1003
1293 1006
1293 1017
1293 1054
1293 1059
1293 1146
1293 1172
1293 1185
1293 1211
1293 1238
1293 1250
1293 1287
1293 1305
1293 1331
1293 1335
1293 1339
1293 1340
1293 1352
1293 1367
1293 1376
1293 1488
1293 1516
1293 1522
1293 1554
1293 1557
1293 1589
1293 1605
1293 1608
1293 1613
1293 1617
1293 1621
1293 1632
1293 1653
1293 1662
1293 1689
1293 1707
1293 1714
1293 1730
1293 1746
1293 1768
1293 1796
1293 1800
1293 1826
1293 1835
1293 1888
1294 107
1294 483
1294 580
1294 915
1294 916
1294 930
1294 962
1294 1080
1294 1095
1294 1113
1294 1142
1294 1210
1294 1425
1294 1427
1294 1464
1294 1549
1294 1602
1294 1625
1294 1671
1294 1766
1294 1801
1294 1844
1295 107
1295 939
1295 1154
1295 1264
1295 1785
1296 107
1296 389
1296 917
1296 1035
1296 1037
1296 1070
1296 1109
1296 1170
1296 1221
1296 1246
1296 1275
1296 1338
1296 1385
1296 1418
1296 1472
1296 1496
1296 1504
1296 1525
1296 1529
1296 1630
1296 1694
1296 1745
1296 1770
1296 1785
1296 1831
1297 107
1297 171
1297 1171
1297 1387
1297 1486
1297 1549
1298 107
1298 896
1298 902
1298 957
1298 975
1298 981
1298 988
1298 1015
1298 1019
1298 1021
1298 1036
1298 1044
1298 1060
1298 1067
1298 1082
1298 1086
1298 1104
1298 1115
1298 1120
1298 1129
1298 1158
1298 1192
1298 1204
1298 1221
1298 1227
1298 1235
1298 1277
1298 1279
1298 1284
1298 1292
1298 1315
1298 1322
1298 1345
1298 1347
1298 1350
1298 1379
1298 1381
1298 1404
1298 1413
1298 1423
1298 1426
1298 1438
1298 1448
1298 1459
1298 1462
1298 1475
1298 1479
1298 1573
1298 1583
1298 1587
1298 1591
1298 1596
1298 1611
1298 1628
1298 1635
1298 1636
1298 1680
1298 1691
1298 1715
1298 1716
1298 1720
1298 1728
1298 1786
1298 1841
1298 1857
1298 1859
1298 1862
1298 1873
1298 1884
1298 1899
1298 1903
1299 107
1299 917
1299 965
1299 986
1299 1037
1299 1042
1299 1052
1299 1159
1299 1167
1299 1188
1299 1225
1299 1236
1299 1260
1299 1275
1299 1304
1299 1310
1299 1355
1299 1366
1299 1469
1299 1472
1299 1482
1299 1500
1299 1504
1299 1525
1299 1536
1299 1634
1299 1681
1299 1686
1299 1703
1299 1727
1299 1876
