1300 107
1300 366
1300 376
1300 428
1300 475
1300 483
1300 484
1300 580
1300 606
1300 637
1300 641
1300 936
1300 1095
1300 1114
1300 1179
1300 1210
1300 1313
1300 1320
1300 1349
1300 1357
1300 1358
1300 1374
1300 1427
1300 1514
1300 1574
1300 1606
1300 1645
1300 1673
1300 1694
1300 1740
1300 1744
1301 107
1301 961
1301 1088
1301 1283
1301 1369
1301 1518
1302 107
1302 916
1302 925
1302 932
1302 934
1302 946
1302 947
1302 952
1302 960
1302 966
1302 982
1302 993
1302 1004
1302 1006
1302 1017
1302 1024
1302 1059
1302 1069
1302 1078
1302 1083
1302 1086
1302 1101
1302 1107
1302 1117
1302 1125
1302 1126
1302 1128
1302 1132
1302 1146
1302 1153
1302 1175
1302 1185
1302 1199
1302 1207
1302 1211
1302 1238
1302 1255
1302 1256
1302 1267
1302 1269
1302 1271
1302 1291
1302 1305
1302 1329
1302 1331
1302 1352
1302 1367
1302 1370
1302 1376
1302 1377
1302 1390
1302 1391
1302 1399
1302 1431
1302 1449
1302 1456
1302 1467
1302 1471
1302 1488
1302 1491
1302 1516
1302 1517
1302 1538
1302 1557
1302 1584
1302 1589
1302 1598
1302 1603
1302 1604
1302 1610
1302 1612
1302 1613
1302 1617
1302 1619
1302 1621
1302 1622
1302 1659
1302 1663
1302 1665
1302 1668
1302 1669
1302 1707
1302 1712
1302 1714
1302 1735
1302 1736
1302 1746
1302 1750
1302 1752
1302 1757
1302 1761
1302 1768
1302 1791
1302 1799
1302 1800
1302 1804
1302 1810
1302 1816
1302 1823
1302 1826
1302 1827
1302 1833
1302 1835
1302 1839
1302 1886
1302 1888
1302 1900
1303 107
1303 483
1303 896
1303 917
1303 919
1303 941
1303 942
1303 954
1303 969
1303 988
1303 1007
1303 1014
1303 1018
1303 1021
1303 1032
1303 1066
1303 1070
1303 1099
1303 1102
1303 1104
1303 1170
1303 1204
1303 1277
1303 1282
1303 1396
1303 1426
1303 1427
1303 1429
1303 1495
1303 1502
1303 1573
1303 1582
1303 1595
1303 1661
1303 1729
1303 1732
1303 1742
1303 1751
1303 1764
1303 1783
1303 1786
1303 1812
1303 1820
1303 1824
1303 1828
1303 1871
1303 1893
1303 1894
1304 107
1304 924
1304 943
1304 965
1304 977
1304 985
1304 986
1304 1000
1304 1010
1304 1052
1304 1090
1304 1106
1304 1127
1304 1131
1304 1141
1304 1188
1304 1225
1304 1228
1304 1236
1304 1258
1304 1260
1304 1299
1304 1308
1304 1310
1304 1355
1304 1366
1304 1473
1304 1500
1304 1536
1304 1634
1304 1703
1304 1709
1304 1725
1304 1759
1304 1785
1304 1815
1304 1840
1304 1876
1305 107
1305 897
1305 916
1305 922
1305 934
1305 946
1305 947
1305 960
1305 966
1305 967
1305 978
1305 980
1305 1003
1305 1024
1305 1026
1305 1028
1305 1048
1305 1123
1305 1124
1305 1126
1305 1130
1305 1132
1305 1146
1305 1149
1305 1163
1305 1175
1305 1185
1305 1196
1305 1199
1305 1211
1305 1255
1305 1269
1305 1272
1305 1293
1305 1302
1305 1312
1305 1341
1305 1352
1305 1367
1305 1376
1305 1390
1305 1391
1305 1398
1305 1402
1305 1409
1305 1420
1305 1431
1305 1440
1305 1449
1305 1467
1305 1471
1305 1480
1305 1485
1305 1488
1305 1509
1305 1513
1305 1516
1305 1524
1305 1538
1305 1559
1305 1563
1305 1570
1305 1584
1305 1589
1305 1590
1305 1603
1305 1610
1305 1612
1305 1613
1305 1614
1305 1617
1305 1621
1305 1622
1305 1637
1305 1656
1305 1663
1305 1668
1305 1683
1305 1714
1305 1730
1305 1735
1305 1746
1305 1757
1305 1761
1305 1768
1305 1769
1305 1774
1305 1782
1305 1799
1305 1800
1305 1804
1305 1805
1305 1813
1305 1823
1305 1833
1305 1835
1305 1836
1305 1846
1305 1852
1305 1860
1305 1863
1305 1877
1305 1886
1305 1888
1306 107
1306 944
1306 977
1306 1041
1306 1051
1306 1066
1306 1070
1306 1131
1306 1159
1306 1166
1306 1169
1306 1249
1306 1258
1306 1338
1306 1348
1306 1366
1306 1428
1306 1472
1306 1504
1306 1507
1306 1525
1306 1624
1306 1703
1306 1738
1306 1748
1306 1756
1307 107
1307 900
1307 908
1307 970
1307 1033
1307 1073
1307 1085
1307 1136
1307 1144
1307 1203
1307 1251
1307 1274
1307 1325
1307 1360
1307 1421
1307 1433
1307 1494
1307 1511
1307 1553
1307 1555
1307 1567
1307 1588
1307 1593
1307 1615
1307 1687
1307 1698
1307 1705
1307 1708
1307 1806
1307 1825
1307 1866
1308 107
1308 924
1308 943
1308 986
1308 1010
1308 1139
1308 1141
1308 1188
1308 1228
1308 1236
1308 1260
1308 1304
1308 1310
1308 1355
1308 1366
1308 1472
1308 1634
1308 1703
1308 1759
1308 1785
1309 107
1309 483
1309 898
1309 917
1309 942
1309 1014
1309 1018
1309 1020
1309 1032
1309 1066
1309 1099
1309 1102
1309 1227
1309 1245
1309 1261
1309 1277
1309 1281
1309 1282
1309 1322
1309 1345
1309 1373
1309 1382
1309 1392
1309 1454
1309 1495
1309 1508
1309 1515
1309 1582
1309 1583
1309 1661
1309 1720
1309 1732
1309 1742
1309 1751
1309 1783
1309 1786
1309 1812
1309 1820
1309 1841
1309 1848
1309 1871
1309 1893
1309 1894
1310 107
1310 924
1310 1051
1310 1052
1310 1070
1310 1131
1310 1141
1310 1159
1310 1167
1310 1188
1310 1236
1310 1275
1310 1299
1310 1304
1310 1308
1310 1338
1310 1355
1310 1366
1310 1472
1310 1504
1310 1536
1310 1630
1310 1633
1310 1634
1310 1686
1310 1703
1310 1876
1311 107
1311 420
1311 596
1311 964
1311 1106
1311 1109
1311 1121
1311 1189
1311 1226
1311 1259
1311 1348
1311 1366
1311 1415
1311 1472
1311 1482
1311 1496
1311 1507
1311 1541
1311 1549
1311 1630
1311 1667
1311 1681
1311 1770
1311 1783
1312 107
1312 897
1312 916
1312 921
1312 922
1312 925
1312 927
1312 946
1312 967
1312 980
1312 991
1312 993
1312 1026
1312 1059
1312 1086
1312 1110
1312 1112
1312 1135
1312 1175
1312 1182
1312 1185
1312 1255
1312 1269
1312 1272
1312 1290
1312 1305
1312 1329
1312 1352
1312 1361
1312 1367
1312 1369
1312 1376
1312 1391
1312 1398
1312 1405
1312 1420
1312 1431
1312 1467
1312 1485
1312 1513
1312 1520
1312 1522
1312 1544
1312 1557
1312 1563
1312 1570
1312 1584
1312 1589
1312 1590
1312 1603
1312 1612
1312 1613
1312 1614
1312 1617
1312 1621
1312 1622
1312 1637
1312 1663
1312 1675
1312 1685
1312 1714
1312 1717
1312 1718
1312 1730
1312 1734
1312 1736
1312 1750
1312 1765
1312 1768
1312 1793
1312 1795
1312 1819
1312 1827
1312 1833
1312 1835
1312 1846
1312 1864
1312 1879
1312 1883
1312 1888
1313 107
1313 353
1313 366
1313 376
1313 428
1313 475
1313 483
1313 484
1313 517
1313 538
1313 566
1313 580
1313 606
1313 637
1313 641
1313 948
1313 1122
1313 1237
1313 1300
1313 1320
1313 1358
1313 1374
1313 1427
1313 1446
1313 1512
1313 1543
1313 1565
1313 1660
1313 1671
1313 1673
1313 1692
1313 1694
1313 1844
1313 1878
1314 107
1314 606
1314 901
1314 903
1314 917
1314 938
1314 963
1314 992
1314 1097
1314 1118
1314 1216
1314 1333
1314 1378
1314 1424
1314 1533
1314 1548
1314 1601
1314 1733
1314 1747
1314 1784
1314 1787
1314 1798
1314 1802
1314 1837
1314 1880
1314 1895
1315 107
1315 896
1315 957
1315 1015
1315 1019
1315 1036
1315 1044
1315 1100
1315 1104
1315 1115
1315 1120
1315 1148
1315 1192
1315 1204
1315 1221
1315 1235
1315 1257
1315 1284
1315 1292
1315 1298
1315 1322
1315 1345
1315 1413
1315 1423
1315 1438
1315 1459
1315 1462
1315 1479
1315 1573
1315 1576
1315 1583
1315 1611
1315 1636
1315 1647
1315 1655
1315 1680
1315 1682
1315 1715
1315 1841
1315 1857
1315 1875
1315 1884
1315 1899
1315 1903
1316 107
1316 898
1316 917
1316 942
1316 1014
1316 1020
1316 1032
1316 1066
1316 1099
1316 1102
1316 1108
1316 1166
1316 1245
1316 1261
1316 1273
1316 1322
1316 1382
1316 1396
1316 1423
1316 1454
1316 1583
1316 1661
1316 1729
1316 1732
1316 1742
1316 1783
1316 1786
1316 1820
1316 1824
1316 1828
1316 1871
1316 1894
1317 107
1317 923
1317 929
1317 991
1317 1049
1317 1085
1317 1087
1317 1098
1317 1140
1317 1165
1317 1369
1317 1505
1317 1534
1317 1561
1317 1564
1317 1567
1317 1641
1317 1656
1317 1701
1317 1803
1317 1838
1318 107
1318 363
1318 483
1318 580
1318 606
1318 637
1318 641
1318 651
1318 930
1318 948
1318 1012
1318 1080
1318 1086
1318 1113
1318 1122
1318 1210
1318 1237
1318 1320
1318 1332
1318 1358
1318 1427
1318 1446
1318 1464
1318 1543
1318 1549
1318 1565
1318 1602
1318 1606
1318 1625
1318 1645
1318 1695
1318 1740
1318 1744
1318 1763
1318 1766
1318 1773
1318 1844
1318 1870
1318 1878
1318 1881
1318 1882
1319 107
1319 901
1319 903
1319 938
1319 958
1319 963
1319 1097
1319 1118
1319 1137
1319 1216
1319 1333
1319 1371
1319 1378
1319 1452
1319 1468
1319 1493
1319 1533
1319 1548
1319 1568
1319 1601
1319 1648
1319 1733
1319 1747
1319 1798
1319 1837
1319 1880
1319 1895
1320 107
1320 353
1320 363
1320 366
1320 428
1320 475
1320 483
1320 484
1320 517
1320 526
1320 538
1320 566
1320 580
1320 606
1320 637
1320 641
1320 651
1320 936
1320 948
1320 1012
1320 1095
1320 1113
1320 1114
1320 1122
1320 1155
1320 1179
1320 1210
1320 1223
1320 1226
1320 1237
1320 1300
1320 1313
1320 1318
1320 1332
1320 1349
1320 1357
1320 1358
1320 1374
1320 1400
1320 1425
1320 1427
1320 1512
1320 1514
1320 1545
1320 1565
1320 1574
1320 1606
1320 1616
1320 1625
1320 1645
1320 1673
1320 1677
1320 1679
1320 1692
1320 1694
1320 1695
1320 1740
1320 1744
1320 1766
1320 1767
1320 1778
1320 1844
1320 1870
1320 1882
1321 107
1321 973
1321 1110
1321 1124
1321 1150
1321 1161
1321 1214
1321 1255
1321 1283
1321 1327
1321 1337
1321 1361
1321 1509
1321 1521
1321 1561
1321 1626
1321 1702
1321 1774
1321 1780
1321 1813
1321 1858
1321 1863
1321 1865
1321 1909
1321 1911
1322 107
1322 596
1322 896
1322 902
1322 957
1322 975
1322 981
1322 988
1322 989
1322 1009
1322 1014
1322 1015
1322 1019
1322 1021
1322 1036
1322 1044
1322 1060
1322 1067
1322 1082
1322 1100
1322 1104
1322 1115
1322 1129
1322 1148
1322 1158
1322 1190
1322 1192
1322 1204
1322 1221
1322 1227
1322 1231
1322 1235
1322 1246
1322 1257
1322 1277
1322 1279
1322 1284
1322 1286
1322 1292
1322 1298
1322 1309
1322 1315
1322 1316
1322 1345
1322 1347
1322 1379
1322 1381
1322 1392
1322 1404
1322 1413
1322 1414
1322 1423
1322 1426
1322 1432
1322 1438
1322 1448
1322 1459
1322 1462
1322 1475
1322 1479
1322 1502
1322 1550
1322 1569
1322 1573
1322 1576
1322 1583
1322 1587
1322 1591
1322 1592
1322 1596
1322 1611
1322 1628
1322 1635
1322 1636
1322 1680
1322 1682
1322 1691
1322 1715
1322 1716
1322 1720
1322 1742
1322 1841
1322 1857
1322 1859
1322 1862
1322 1872
1322 1873
1322 1884
1322 1899
1322 1903
1323 107
1323 897
1323 906
1323 921
1323 925
1323 953
1323 978
1323 980
1323 995
1323 997
1323 1029
1323 1047
1323 1056
1323 1076
1323 1078
1323 1117
1323 1124
1323 1126
1323 1146
1323 1149
1323 1156
1323 1160
1323 1173
1323 1191
1323 1199
1323 1205
1323 1214
1323 1222
1323 1238
1323 1243
1323 1255
1323 1265
1323 1330
1323 1335
1323 1352
1323 1359
1323 1361
1323 1377
1323 1389
1323 1407
1323 1447
1323 1460
1323 1470
1323 1509
1323 1520
1323 1530
1323 1535
1323 1551
1323 1554
1323 1559
1323 1563
1323 1570
1323 1604
1323 1609
1323 1610
1323 1617
1323 1621
1323 1637
1323 1643
1323 1662
1323 1663
1323 1669
1323 1675
1323 1730
1323 1753
1323 1768
1323 1791
1323 1799
1323 1811
1323 1813
1323 1835
1323 1839
1323 1842
1323 1868
1323 1888
1323 1891
1323 1902
1324 107
1324 483
1324 637
1324 896
1324 917
1324 942
1324 954
1324 1009
1324 1014
1324 1018
1324 1020
1324 1025
1324 1032
1324 1066
1324 1099
1324 1102
1324 1166
1324 1261
1324 1282
1324 1382
1324 1396
1324 1454
1324 1495
1324 1515
1324 1582
1324 1628
1324 1661
1324 1729
1324 1742
1324 1751
1324 1783
1324 1786
1324 1820
1324 1824
1324 1850
1324 1871
1324 1875
1324 1893
1324 1894
1324 1901
1325 107
1325 908
1325 951
1325 1033
1325 1061
1325 1073
1325 1136
1325 1274
1325 1307
1325 1360
1325 1433
1325 1511
1325 1555
1325 1567
1325 1615
1325 1687
1325 1708
1325 1866
1326 107
1326 1202
1327 107
1327 908
1327 951
1327 961
1327 973
1327 1047
1327 1110
1327 1124
1327 1126
1327 1149
1327 1150
1327 1161
1327 1222
1327 1272
1327 1283
1327 1321
1327 1337
1327 1352
1327 1361
1327 1369
1327 1384
1327 1390
1327 1435
1327 1518
1327 1520
1327 1523
1327 1540
1327 1561
1327 1563
1327 1597
1327 1600
1327 1618
1327 1626
1327 1656
1327 1663
1327 1683
1327 1689
1327 1702
1327 1718
1327 1769
1327 1774
1327 1800
1327 1813
1327 1819
1327 1836
1327 1852
1327 1858
1327 1909
1327 1911
1328 107
1328 928
1328 1050
1328 1061
1328 1085
1328 1098
1328 1136
1328 1144
1328 1174
1328 1187
1328 1410
1328 1421
1328 1494
1328 1511
1328 1593
1328 1676
1328 1687
1328 1705
1328 1803
1328 1825
1329 107
1329 526
1329 897
1329 916
1329 921
1329 927
1329 932
1329 934
1329 947
1329 967
1329 978
1329 980
1329 993
1329 1028
1329 1048
1329 1049
1329 1056
1329 1059
1329 1074
1329 1076
1329 1078
1329 1079
1329 1086
1329 1101
1329 1116
1329 1117
1329 1126
1329 1135
1329 1146
1329 1164
1329 1173
1329 1175
1329 1182
1329 1185
1329 1191
1329 1195
1329 1199
1329 1201
1329 1205
1329 1214
1329 1230
1329 1243
1329 1255
1329 1265
1329 1269
1329 1272
1329 1287
1329 1290
1329 1291
1329 1302
1329 1312
1329 1331
1329 1334
1329 1352
1329 1376
1329 1377
1329 1388
1329 1389
1329 1391
1329 1393
1329 1405
1329 1407
1329 1409
1329 1420
1329 1431
1329 1460
1329 1467
1329 1471
1329 1509
1329 1513
1329 1516
1329 1519
1329 1522
1329 1528
1329 1539
1329 1551
1329 1554
1329 1557
1329 1559
1329 1563
1329 1570
1329 1584
1329 1589
1329 1590
1329 1600
1329 1603
1329 1608
1329 1609
1329 1612
1329 1613
1329 1617
1329 1620
1329 1621
1329 1637
1329 1639
1329 1643
1329 1662
1329 1663
1329 1669
1329 1675
1329 1683
1329 1685
1329 1688
1329 1714
1329 1723
1329 1730
1329 1734
1329 1735
1329 1746
1329 1750
1329 1753
1329 1754
1329 1757
1329 1761
1329 1765
1329 1768
1329 1774
1329 1791
1329 1799
1329 1800
1329 1804
1329 1813
1329 1819
1329 1823
1329 1827
1329 1833
1329 1835
1329 1842
1329 1843
1329 1845
1329 1851
1329 1861
1329 1864
1329 1868
1329 1888
1329 1902
1330 107
1330 916
1330 932
1330 946
1330 953
1330 959
1330 966
1330 978
1330 993
1330 995
1330 997
1330 998
1330 1004
1330 1017
1330 1029
1330 1040
1330 1047
1330 1056
1330 1076
1330 1078
1330 1083
1330 1086
1330 1101
1330 1107
1330 1117
1330 1124
1330 1125
1330 1126
1330 1132
1330 1153
1330 1160
1330 1172
1330 1173
1330 1180
1330 1199
1330 1205
1330 1211
1330 1222
1330 1238
1330 1243
1330 1250
1330 1256
1330 1271
1330 1280
1330 1288
1330 1323
1330 1331
1330 1335
1330 1352
1330 1359
1330 1361
1330 1370
1330 1377
1330 1388
1330 1389
1330 1390
1330 1391
1330 1399
1330 1401
1330 1420
1330 1431
1330 1447
1330 1453
1330 1456
1330 1471
1330 1483
1330 1488
1330 1520
1330 1535
1330 1551
1330 1554
1330 1559
1330 1570
1330 1571
1330 1580
1330 1584
1330 1589
1330 1598
1330 1603
1330 1604
1330 1605
1330 1608
1330 1609
1330 1610
1330 1613
1330 1619
1330 1621
1330 1622
1330 1623
1330 1663
1330 1665
1330 1669
1330 1675
1330 1685
1330 1707
1330 1714
1330 1722
1330 1730
1330 1736
1330 1746
1330 1768
1330 1772
1330 1791
1330 1795
1330 1800
1330 1804
1330 1809
1330 1811
1330 1816
1330 1821
1330 1823
1330 1826
1330 1833
1330 1835
1330 1839
1330 1842
1330 1861
1330 1868
1330 1879
1330 1888
1330 1898
1330 1900
1331 107
1331 897
1331 916
1331 932
1331 946
1331 953
1331 960
1331 966
1331 978
1331 980
1331 982
1331 983
1331 995
1331 997
1331 1003
1331 1004
1331 1006
1331 1017
1331 1039
1331 1040
1331 1048
1331 1068
1331 1074
1331 1076
1331 1078
1331 1079
1331 1083
1331 1107
1331 1116
1331 1117
1331 1126
1331 1132
1331 1153
1331 1156
1331 1160
1331 1163
1331 1172
1331 1173
1331 1175
1331 1180
1331 1184
1331 1185
1331 1191
1331 1199
1331 1201
1331 1205
1331 1209
1331 1211
1331 1220
1331 1222
1331 1230
1331 1238
1331 1256
1331 1269
1331 1271
1331 1280
1331 1287
1331 1288
1331 1293
1331 1302
1331 1329
1331 1330
1331 1339
1331 1341
1331 1352
1331 1361
1331 1367
1331 1370
1331 1376
1331 1377
1331 1380
1331 1388
1331 1390
1331 1393
1331 1399
1331 1402
1331 1409
1331 1420
1331 1431
1331 1447
1331 1456
1331 1457
1331 1470
1331 1471
1331 1483
1331 1484
1331 1488
1331 1509
1331 1516
1331 1522
1331 1530
1331 1539
1331 1547
1331 1551
1331 1559
1331 1584
1331 1589
1331 1598
1331 1603
1331 1605
1331 1608
1331 1610
1331 1612
1331 1613
1331 1617
1331 1619
1331 1620
1331 1622
1331 1623
1331 1632
1331 1652
1331 1662
1331 1663
1331 1665
1331 1685
1331 1707
1331 1714
1331 1721
1331 1722
1331 1730
1331 1736
1331 1741
1331 1746
1331 1754
1331 1768
1331 1789
1331 1793
1331 1800
1331 1804
1331 1809
1331 1816
1331 1823
1331 1826
1331 1827
1331 1835
1331 1839
1331 1843
1331 1845
1331 1849
1331 1861
1331 1864
1331 1867
1331 1868
1331 1879
1331 1888
1331 1902
1332 107
1332 363
1332 475
1332 483
1332 580
1332 637
1332 641
1332 930
1332 948
1332 1025
1332 1080
1332 1113
1332 1142
1332 1147
1332 1210
1332 1237
1332 1318
1332 1320
1332 1358
1332 1427
1332 1446
1332 1464
1332 1487
1332 1543
1332 1549
1332 1565
1332 1606
1332 1625
1332 1628
1332 1645
1332 1660
1332 1695
1332 1763
1332 1766
1332 1773
1332 1801
1332 1844
1332 1870
1332 1878
1332 1881
1332 1882
1332 1901
1333 107
1333 901
1333 903
1333 938
1333 958
1333 963
1333 992
1333 1097
1333 1118
1333 1137
1333 1186
1333 1216
1333 1232
1333 1314
1333 1319
1333 1371
1333 1378
1333 1452
1333 1468
1333 1493
1333 1533
1333 1548
1333 1568
1333 1601
1333 1629
1333 1648
1333 1733
1333 1784
1333 1787
1333 1798
1333 1837
1333 1880
1333 1895
1334 107
1334 526
1334 606
1334 920
1334 921
1334 925
1334 927
1334 934
1334 967
1334 968
1334 980
1334 995
1334 1021
1334 1025
1334 1026
1334 1048
1334 1059
1334 1124
1334 1135
1334 1146
1334 1164
1334 1175
1334 1182
1334 1185
1334 1199
1334 1217
1334 1222
1334 1230
1334 1243
1334 1255
1334 1258
1334 1269
1334 1291
1334 1329
1334 1341
1334 1343
1334 1352
1334 1361
1334 1376
1334 1377
1334 1389
1334 1391
1334 1393
1334 1409
1334 1420
1334 1431
1334 1435
1334 1467
1334 1471
1334 1473
1334 1492
1334 1509
1334 1516
1334 1520
1334 1525
1334 1535
1334 1540
1334 1551
1334 1554
1334 1559
1334 1563
1334 1569
1334 1570
1334 1584
1334 1589
1334 1603
1334 1608
1334 1612
1334 1613
1334 1620
1334 1621
1334 1630
1334 1637
1334 1658
1334 1663
1334 1669
1334 1675
1334 1685
1334 1718
1334 1730
1334 1734
1334 1735
1334 1753
1334 1761
1334 1765
1334 1768
1334 1782
1334 1793
1334 1794
1334 1807
1334 1813
1334 1818
1334 1823
1334 1827
1334 1833
1334 1835
1334 1844
1334 1888
1334 1891
1334 1897
1335 107
1335 916
1335 925
1335 966
1335 993
1335 999
1335 1004
1335 1006
1335 1017
1335 1059
1335 1076
1335 1078
1335 1079
1335 1086
1335 1101
1335 1107
1335 1124
1335 1125
1335 1126
1335 1132
1335 1153
1335 1163
1335 1172
1335 1173
1335 1181
1335 1184
1335 1185
1335 1191
1335 1198
1335 1199
1335 1211
1335 1214
1335 1222
1335 1230
1335 1238
1335 1250
1335 1256
1335 1267
1335 1288
1335 1289
1335 1290
1335 1291
1335 1293
1335 1323
1335 1330
1335 1339
1335 1341
1335 1351
1335 1352
1335 1365
1335 1367
1335 1369
1335 1370
1335 1376
1335 1377
1335 1390
1335 1391
1335 1393
1335 1399
1335 1431
1335 1437
1335 1447
1335 1456
1335 1471
1335 1483
1335 1488
1335 1491
1335 1516
1335 1522
1335 1530
1335 1538
1335 1547
1335 1551
1335 1554
1335 1557
1335 1559
1335 1580
1335 1584
1335 1589
1335 1594
1335 1597
1335 1598
1335 1603
1335 1604
1335 1608
1335 1610
1335 1612
1335 1613
1335 1619
1335 1621
1335 1622
1335 1623
1335 1632
1335 1662
1335 1663
1335 1665
1335 1668
1335 1707
1335 1712
1335 1714
1335 1721
1335 1730
1335 1736
1335 1737
1335 1746
1335 1754
1335 1757
1335 1772
1335 1789
1335 1793
1335 1796
1335 1799
1335 1800
1335 1804
1335 1810
1335 1811
1335 1813
1335 1816
1335 1823
1335 1827
1335 1833
1335 1839
1335 1842
1335 1849
1335 1864
1335 1879
1335 1888
1335 1902
1336 107
1336 953
1336 960
1336 966
1336 982
1336 983
1336 997
1336 1006
1336 1017
1336 1024
1336 1078
1336 1083
1336 1101
1336 1125
1336 1126
1336 1132
1336 1153
1336 1199
1336 1207
1336 1211
1336 1222
1336 1238
1336 1256
1336 1267
1336 1271
1336 1285
1336 1288
1336 1359
1336 1370
1336 1380
1336 1391
1336 1399
1336 1447
1336 1449
1336 1456
1336 1488
1336 1491
1336 1516
1336 1547
1336 1580
1336 1598
1336 1604
1336 1610
1336 1619
1336 1622
1336 1632
1336 1663
1336 1668
1336 1712
1336 1714
1336 1809
1336 1833
1336 1839
1336 1888
1336 1898
1337 107
1337 908
1337 950
1337 951
1337 1008
1337 1045
1337 1077
1337 1150
1337 1161
1337 1321
1337 1327
1337 1352
1337 1360
1337 1369
1337 1384
1337 1437
1337 1441
1337 1480
1337 1518
1337 1537
1337 1561
1337 1567
1337 1585
1337 1593
1337 1618
1337 1626
1337 1697
1337 1702
1337 1805
1337 1813
1337 1858
1337 1860
1337 1863
1337 1865
1337 1909
1337 1911
1338 107
1338 563
1338 917
1338 924
1338 940
1338 944
1338 977
1338 1011
1338 1037
1338 1041
1338 1042
1338 1051
1338 1052
1338 1070
1338 1109
1338 1131
1338 1139
1338 1159
1338 1166
1338 1167
1338 1183
1338 1188
1338 1189
1338 1217
1338 1221
1338 1225
1338 1236
1338 1241
1338 1246
1338 1249
1338 1258
1338 1259
1338 1260
1338 1275
1338 1296
1338 1306
1338 1310
1338 1355
1338 1357
1338 1366
1338 1373
1338 1435
1338 1469
1338 1472
1338 1473
1338 1482
1338 1496
1338 1504
1338 1525
1338 1536
1338 1549
1338 1624
1338 1630
1338 1686
1338 1699
1338 1703
1338 1709
1338 1725
1338 1745
1338 1756
1338 1783
1338 1785
1338 1807
1338 1815
1338 1828
1338 1869
1338 1876
1338 1906
1339 107
1339 925
1339 946
1339 1003
1339 1004
1339 1024
1339 1059
1339 1076
1339 1078
1339 1079
1339 1086
1339 1110
1339 1117
1339 1126
1339 1128
1339 1132
1339 1181
1339 1184
1339 1185
1339 1199
1339 1209
1339 1242
1339 1250
1339 1267
1339 1290
1339 1293
1339 1331
1339 1335
1339 1340
1339 1344
1339 1352
1339 1367
1339 1375
1339 1390
1339 1391
1339 1399
1339 1416
1339 1424
1339 1431
1339 1467
1339 1471
1339 1491
1339 1530
1339 1532
1339 1538
1339 1540
1339 1557
1339 1563
1339 1572
1339 1584
1339 1589
1339 1598
1339 1600
1339 1608
1339 1610
1339 1612
1339 1613
1339 1621
1339 1622
1339 1623
1339 1632
1339 1643
1339 1644
1339 1652
1339 1653
1339 1659
1339 1663
1339 1683
1339 1688
1339 1689
1339 1707
1339 1712
1339 1714
1339 1724
1339 1735
1339 1736
1339 1737
1339 1746
1339 1750
1339 1752
1339 1757
1339 1768
1339 1771
1339 1789
1339 1795
1339 1796
1339 1799
1339 1800
1339 1804
1339 1810
1339 1816
1339 1819
1339 1826
1339 1827
1339 1833
1339 1839
1339 1867
1339 1879
1339 1886
1339 1888
1340 107
1340 925
1340 1003
1340 1049
1340 1059
1340 1075
1340 1076
1340 1079
1340 1112
1340 1146
1340 1181
1340 1184
1340 1198
1340 1209
1340 1242
1340 1250
1340 1293
1340 1339
1340 1341
1340 1344
1340 1375
1340 1376
1340 1390
1340 1416
1340 1491
1340 1516
1340 1532
1340 1538
1340 1539
1340 1547
1340 1557
1340 1572
1340 1597
1340 1600
1340 1610
1340 1612
1340 1613
1340 1620
1340 1622
1340 1623
1340 1632
1340 1644
1340 1652
1340 1653
1340 1683
1340 1688
1340 1714
1340 1717
1340 1721
1340 1746
1340 1750
1340 1789
1340 1799
1340 1800
1340 1810
1340 1819
1340 1826
1340 1827
1340 1833
1340 1867
1340 1877
1340 1886
1340 1888
1341 107
1341 921
1341 922
1341 947
1341 952
1341 966
1341 983
1341 993
1341 1006
1341 1017
1341 1048
1341 1059
1341 1074
1341 1076
1341 1078
1341 1101
1341 1107
1341 1117
1341 1123
1341 1124
1341 1125
1341 1126
1341 1128
1341 1132
1341 1153
1341 1172
1341 1184
1341 1185
1341 1199
1341 1207
1341 1211
1341 1214
1341 1219
1341 1222
1341 1230
1341 1242
1341 1250
1341 1255
1341 1256
1341 1267
1341 1291
1341 1305
1341 1331
1341 1334
1341 1335
1341 1340
1341 1351
1341 1352
1341 1361
1341 1367
1341 1370
1341 1376
1341 1377
1341 1380
1341 1390
1341 1391
1341 1393
1341 1399
1341 1416
1341 1420
1341 1431
1341 1437
1341 1449
1341 1467
1341 1471
1341 1488
1341 1491
1341 1516
1341 1530
1341 1538
1341 1542
1341 1547
1341 1551
1341 1559
1341 1563
1341 1584
1341 1589
1341 1598
1341 1603
1341 1605
1341 1608
1341 1610
1341 1612
1341 1619
1341 1621
1341 1632
1341 1663
1341 1665
1341 1668
1341 1683
1341 1685
1341 1702
1341 1707
1341 1712
1341 1714
1341 1721
1341 1730
1341 1734
1341 1735
1341 1736
1341 1746
1341 1750
1341 1761
1341 1789
1341 1799
1341 1800
1341 1804
1341 1810
1341 1816
1341 1821
1341 1823
1341 1826
1341 1827
1341 1833
1341 1835
1341 1839
1341 1842
1341 1845
1341 1864
1341 1879
1341 1886
1341 1888
1341 1898
1342 107
1342 939
1342 1064
1342 1212
1342 1425
1342 1478
1342 1637
1342 1700
1342 1831
1342 1910
1343 107
1343 376
1343 931
1343 968
1343 1052
1343 1062
1343 1064
1343 1094
1343 1183
1343 1212
1343 1217
1343 1234
1343 1258
1343 1268
1343 1334
1343 1364
1343 1425
1343 1435
1343 1436
1343 1444
1343 1473
1343 1492
1343 1525
1343 1540
1343 1566
1343 1569
1343 1584
1343 1630
1343 1694
1343 1699
1343 1738
1343 1807
1343 1818
1343 1831
1343 1881
1343 1897
1343 1910
1344 107
1344 526
1344 906
1344 925
1344 946
1344 980
1344 1004
1344 1049
1344 1054
1344 1059
1344 1075
1344 1076
1344 1079
1344 1086
1344 1110
1344 1112
1344 1116
1344 1126
1344 1128
1344 1132
1344 1146
1344 1181
1344 1184
1344 1185
1344 1198
1344 1209
1344 1242
1344 1250
1344 1278
1344 1339
1344 1340
1344 1352
1344 1367
1344 1375
1344 1376
1344 1390
1344 1399
1344 1416
1344 1431
1344 1491
1344 1524
1344 1532
1344 1538
1344 1554
1344 1557
1344 1570
1344 1572
1344 1589
1344 1597
1344 1600
1344 1610
1344 1612
1344 1620
1344 1622
1344 1623
1344 1644
1344 1652
1344 1653
1344 1659
1344 1663
1344 1669
1344 1683
1344 1685
1344 1688
1344 1689
1344 1710
1344 1714
1344 1717
1344 1721
1344 1724
1344 1730
1344 1735
1344 1737
1344 1746
1344 1750
1344 1752
1344 1757
1344 1771
1344 1789
1344 1795
1344 1796
1344 1799
1344 1800
1344 1804
1344 1810
1344 1816
1344 1827
1344 1835
1344 1861
1344 1867
1344 1888
1345 107
1345 596
1345 896
1345 902
1345 957
1345 975
1345 988
1345 989
1345 1009
1345 1014
1345 1015
1345 1019
1345 1021
1345 1036
1345 1067
1345 1082
1345 1100
1345 1104
1345 1115
1345 1120
1345 1129
1345 1148
1345 1158
1345 1190
1345 1192
1345 1204
1345 1221
1345 1227
1345 1229
1345 1231
1345 1235
1345 1257
1345 1261
1345 1277
1345 1279
1345 1284
1345 1292
1345 1298
1345 1309
1345 1315
1345 1322
1345 1347
1345 1350
1345 1379
1345 1381
1345 1392
1345 1404
1345 1413
1345 1426
1345 1432
1345 1438
1345 1448
1345 1459
1345 1462
1345 1475
1345 1479
1345 1495
1345 1515
1345 1550
1345 1573
1345 1576
1345 1578
1345 1583
1345 1587
1345 1591
1345 1592
1345 1595
1345 1596
1345 1611
1345 1628
1345 1635
1345 1636
1345 1638
1345 1647
1345 1655
1345 1661
1345 1680
1345 1691
1345 1715
1345 1716
1345 1720
1345 1728
1345 1742
1345 1764
1345 1783
1345 1812
1345 1841
1345 1857
1345 1859
1345 1862
1345 1872
1345 1873
1345 1875
1345 1884
1345 1893
1345 1899
1345 1903
1346 107
1346 982
1346 998
1346 1029
1346 1537
1347 107
1347 896
1347 902
1347 942
1347 957
1347 971
1347 975
1347 981
1347 988
1347 1014
1347 1019
1347 1060
1347 1066
1347 1067
1347 1082
1347 1104
1347 1120
1347 1129
1347 1148
1347 1158
1347 1192
1347 1204
1347 1215
1347 1227
1347 1229
1347 1231
1347 1235
1347 1277
1347 1279
1347 1282
1347 1292
1347 1298
1347 1322
1347 1345
1347 1373
1347 1379
1347 1396
1347 1413
1347 1426
1347 1432
1347 1438
1347 1448
1347 1459
1347 1462
1347 1475
1347 1479
1347 1495
1347 1502
1347 1573
1347 1583
1347 1587
1347 1591
1347 1596
1347 1611
1347 1628
1347 1636
1347 1649
1347 1661
1347 1680
1347 1682
1347 1691
1347 1715
1347 1727
1347 1732
1347 1742
1347 1755
1347 1783
1347 1786
1347 1828
1347 1857
1347 1859
1347 1872
1347 1893
1347 1899
1348 107
1348 389
1348 949
1348 977
1348 1011
1348 1041
1348 1052
1348 1070
1348 1072
1348 1106
1348 1109
1348 1121
1348 1131
1348 1189
1348 1226
1348 1259
1348 1275
1348 1306
1348 1311
1348 1415
1348 1428
1348 1469
1348 1472
1348 1482
1348 1496
1348 1507
1348 1529
1348 1541
1348 1624
1348 1630
1348 1681
1348 1709
1348 1756
1348 1770
1348 1815
1348 1847
1348 1904
1349 107
1349 353
1349 363
1349 366
1349 483
1349 484
1349 538
1349 580
1349 601
1349 606
1349 930
1349 976
1349 1001
1349 1080
1349 1094
1349 1122
1349 1154
1349 1155
1349 1179
1349 1237
1349 1300
1349 1320
1349 1358
1349 1374
1349 1408
1349 1427
1349 1514
1349 1531
1349 1543
1349 1574
1349 1606
1349 1645
1349 1673
1349 1677
1349 1740
1349 1743
1349 1744
1349 1763
1349 1790
1349 1844
1349 1878
1349 1882
