1350 107
1350 896
1350 1019
1350 1021
1350 1036
1350 1100
1350 1104
1350 1128
1350 1129
1350 1166
1350 1221
1350 1229
1350 1231
1350 1235
1350 1277
1350 1298
1350 1345
1350 1404
1350 1413
1350 1432
1350 1435
1350 1550
1350 1575
1350 1578
1350 1583
1350 1611
1350 1628
1350 1635
1350 1764
1350 1794
1350 1859
1350 1862
1350 1894
1351 107
1351 966
1351 978
1351 980
1351 999
1351 1006
1351 1017
1351 1078
1351 1079
1351 1086
1351 1101
1351 1107
1351 1125
1351 1126
1351 1132
1351 1163
1351 1172
1351 1184
1351 1199
1351 1211
1351 1219
1351 1222
1351 1230
1351 1243
1351 1256
1351 1335
1351 1341
1351 1352
1351 1361
1351 1367
1351 1391
1351 1399
1351 1431
1351 1437
1351 1516
1351 1522
1351 1547
1351 1551
1351 1554
1351 1610
1351 1612
1351 1617
1351 1619
1351 1621
1351 1662
1351 1668
1351 1702
1351 1707
1351 1712
1351 1730
1351 1736
1351 1757
1351 1793
1351 1799
1351 1800
1351 1804
1351 1809
1351 1821
1351 1827
1351 1833
1351 1839
1351 1845
1351 1849
1351 1864
1351 1879
1351 1888
1351 1902
1352 107
1352 906
1352 921
1352 925
1352 927
1352 934
1352 946
1352 947
1352 952
1352 966
1352 967
1352 978
1352 980
1352 993
1352 995
1352 999
1352 1001
1352 1003
1352 1004
1352 1006
1352 1017
1352 1024
1352 1026
1352 1028
1352 1047
1352 1048
1352 1049
1352 1059
1352 1075
1352 1076
1352 1078
1352 1079
1352 1083
1352 1086
1352 1107
1352 1110
1352 1124
1352 1125
1352 1126
1352 1128
1352 1132
1352 1135
1352 1146
1352 1149
1352 1153
1352 1156
1352 1160
1352 1163
1352 1164
1352 1172
1352 1175
1352 1180
1352 1181
1352 1182
1352 1184
1352 1185
1352 1191
1352 1195
1352 1198
1352 1199
1352 1201
1352 1205
1352 1209
1352 1211
1352 1219
1352 1222
1352 1230
1352 1242
1352 1243
1352 1250
1352 1255
1352 1267
1352 1269
1352 1271
1352 1272
1352 1280
1352 1287
1352 1288
1352 1289
1352 1290
1352 1291
1352 1293
1352 1302
1352 1305
1352 1312
1352 1323
1352 1327
1352 1329
1352 1330
1352 1331
1352 1334
1352 1335
1352 1337
1352 1339
1352 1341
1352 1344
1352 1351
1352 1361
1352 1367
1352 1369
1352 1375
1352 1376
1352 1377
1352 1380
1352 1390
1352 1391
1352 1399
1352 1416
1352 1420
1352 1431
1352 1437
1352 1439
1352 1447
1352 1449
1352 1456
1352 1467
1352 1471
1352 1484
1352 1485
1352 1488
1352 1491
1352 1509
1352 1516
1352 1520
1352 1522
1352 1523
1352 1528
1352 1530
1352 1535
1352 1539
1352 1540
1352 1542
1352 1547
1352 1551
1352 1554
1352 1557
1352 1559
1352 1563
1352 1570
1352 1572
1352 1580
1352 1584
1352 1589
1352 1590
1352 1597
1352 1598
1352 1600
1352 1603
1352 1604
1352 1605
1352 1608
1352 1609
1352 1610
1352 1612
1352 1613
1352 1614
1352 1617
1352 1619
1352 1620
1352 1621
1352 1622
1352 1623
1352 1637
1352 1639
1352 1643
1352 1644
1352 1659
1352 1662
1352 1663
1352 1665
1352 1668
1352 1669
1352 1675
1352 1683
1352 1685
1352 1688
1352 1689
1352 1707
1352 1712
1352 1714
1352 1717
1352 1718
1352 1721
1352 1724
1352 1730
1352 1734
1352 1735
1352 1736
1352 1737
1352 1741
1352 1746
1352 1750
1352 1752
1352 1753
1352 1757
1352 1761
1352 1765
1352 1768
1352 1772
1352 1780
1352 1782
1352 1791
1352 1793
1352 1795
1352 1799
1352 1800
1352 1804
1352 1809
1352 1810
1352 1811
1352 1813
1352 1816
1352 1819
1352 1823
1352 1826
1352 1827
1352 1833
1352 1835
1352 1839
1352 1842
1352 1845
1352 1846
1352 1849
1352 1860
1352 1861
1352 1867
1352 1868
1352 1879
1352 1886
1352 1888
1352 1891
1352 1898
1352 1902
1352 1911
1353 107
1353 1240
1353 1357
1354 107
1354 1089
1354 1469
1354 1660
1354 1672
1355 107
1355 924
1355 986
1355 1051
1355 1052
1355 1070
1355 1131
1355 1141
1355 1159
1355 1167
1355 1188
1355 1225
1355 1228
1355 1236
1355 1258
1355 1260
1355 1275
1355 1299
1355 1304
1355 1308
1355 1310
1355 1338
1355 1366
1355 1472
1355 1473
1355 1496
1355 1500
1355 1504
1355 1525
1355 1536
1355 1633
1355 1634
1355 1686
1355 1699
1355 1703
1355 1709
1355 1876
1356 107
1356 939
1356 1064
1356 1094
1356 1154
1356 1212
1356 1234
1356 1372
1356 1425
1356 1443
1356 1453
1356 1478
1356 1497
1356 1566
1356 1694
1356 1743
1356 1829
1356 1831
1356 1881
1356 1910
1357 107
1357 376
1357 483
1357 484
1357 526
1357 606
1357 651
1357 912
1357 913
1357 1001
1357 1008
1357 1062
1357 1095
1357 1114
1357 1179
1357 1300
1357 1320
1357 1338
1357 1353
1357 1393
1357 1397
1357 1422
1357 1487
1357 1536
1357 1574
1357 1688
1357 1692
1357 1767
1357 1778
1357 1794
1357 1897
1358 107
1358 353
1358 363
1358 366
1358 376
1358 428
1358 475
1358 483
1358 484
1358 517
1358 526
1358 538
1358 566
1358 580
1358 606
1358 637
1358 641
1358 651
1358 930
1358 936
1358 948
1358 976
1358 1001
1358 1012
1358 1080
1358 1086
1358 1113
1358 1114
1358 1122
1358 1142
1358 1155
1358 1179
1358 1210
1358 1237
1358 1300
1358 1313
1358 1318
1358 1320
1358 1332
1358 1349
1358 1374
1358 1397
1358 1400
1358 1425
1358 1427
1358 1446
1358 1463
1358 1473
1358 1490
1358 1512
1358 1514
1358 1543
1358 1545
1358 1565
1358 1574
1358 1606
1358 1616
1358 1631
1358 1645
1358 1660
1358 1671
1358 1673
1358 1677
1358 1679
1358 1692
1358 1694
1358 1695
1358 1740
1358 1744
1358 1763
1358 1766
1358 1767
1358 1790
1358 1844
1358 1878
1358 1881
1358 1882
1359 107
1359 953
1359 959
1359 972
1359 993
1359 997
1359 1029
1359 1039
1359 1040
1359 1056
1359 1063
1359 1078
1359 1117
1359 1124
1359 1160
1359 1173
1359 1191
1359 1199
1359 1201
1359 1205
1359 1207
1359 1214
1359 1222
1359 1230
1359 1238
1359 1255
1359 1256
1359 1280
1359 1288
1359 1323
1359 1330
1359 1336
1359 1361
1359 1377
1359 1388
1359 1389
1359 1391
1359 1402
1359 1409
1359 1447
1359 1470
1359 1483
1359 1488
1359 1509
1359 1517
1359 1535
1359 1551
1359 1557
1359 1559
1359 1570
1359 1571
1359 1580
1359 1604
1359 1605
1359 1608
1359 1609
1359 1619
1359 1620
1359 1637
1359 1663
1359 1669
1359 1675
1359 1714
1359 1717
1359 1722
1359 1730
1359 1741
1359 1754
1359 1768
1359 1772
1359 1791
1359 1793
1359 1796
1359 1804
1359 1811
1359 1813
1359 1826
1359 1835
1359 1839
1359 1861
1359 1868
1359 1898
1359 1900
1359 1902
1360 107
1360 908
1360 970
1360 1033
1360 1045
1360 1085
1360 1098
1360 1136
1360 1144
1360 1187
1360 1203
1360 1307
1360 1325
1360 1337
1360 1410
1360 1433
1360 1494
1360 1511
1360 1553
1360 1555
1360 1561
1360 1567
1360 1579
1360 1588
1360 1593
1360 1615
1360 1678
1360 1687
1360 1698
1360 1705
1360 1708
1360 1719
1360 1726
1360 1803
1360 1806
1360 1847
1360 1866
1361 107
1361 897
1361 916
1361 921
1361 946
1361 953
1361 966
1361 967
1361 980
1361 993
1361 995
1361 997
1361 999
1361 1006
1361 1017
1361 1076
1361 1078
1361 1092
1361 1101
1361 1107
1361 1117
1361 1123
1361 1124
1361 1126
1361 1132
1361 1149
1361 1160
1361 1172
1361 1184
1361 1191
1361 1198
1361 1199
1361 1205
1361 1211
1361 1214
1361 1219
1361 1222
1361 1230
1361 1238
1361 1255
1361 1256
1361 1312
1361 1321
1361 1323
1361 1327
1361 1330
1361 1331
1361 1334
1361 1341
1361 1351
1361 1352
1361 1359
1361 1376
1361 1377
1361 1388
1361 1390
1361 1391
1361 1398
1361 1399
1361 1402
1361 1409
1361 1420
1361 1431
1361 1440
1361 1447
1361 1456
1361 1458
1361 1465
1361 1470
1361 1488
1361 1509
1361 1516
1361 1520
1361 1540
1361 1542
1361 1547
1361 1551
1361 1554
1361 1557
1361 1559
1361 1563
1361 1570
1361 1577
1361 1584
1361 1589
1361 1603
1361 1604
1361 1605
1361 1610
1361 1612
1361 1614
1361 1619
1361 1621
1361 1626
1361 1637
1361 1644
1361 1662
1361 1663
1361 1668
1361 1669
1361 1674
1361 1702
1361 1707
1361 1714
1361 1717
1361 1718
1361 1722
1361 1723
1361 1730
1361 1736
1361 1741
1361 1753
1361 1768
1361 1791
1361 1793
1361 1796
1361 1800
1361 1805
1361 1811
1361 1813
1361 1833
1361 1835
1361 1839
1361 1842
1361 1843
1361 1849
1361 1858
1361 1863
1361 1867
1361 1868
1361 1879
1361 1888
1361 1891
1361 1898
1361 1902
1361 1909
1361 1911
1362 107
1362 1259
1362 1469
1363 107
1363 901
1363 903
1363 938
1363 963
1363 992
1363 1097
1363 1118
1363 1186
1363 1216
1363 1371
1363 1378
1363 1493
1363 1533
1363 1548
1363 1629
1363 1648
1363 1733
1363 1787
1363 1837
1363 1880
1364 107
1364 968
1364 1217
1364 1343
1364 1435
1364 1540
1364 1569
1364 1747
1364 1794
1364 1807
1364 1818
1364 1897
1365 107
1365 916
1365 925
1365 946
1365 947
1365 952
1365 967
1365 1028
1365 1048
1365 1068
1365 1079
1365 1125
1365 1146
1365 1181
1365 1199
1365 1267
1365 1290
1365 1335
1365 1420
1365 1431
1365 1491
1365 1530
1365 1538
1365 1557
1365 1559
1365 1584
1365 1589
1365 1612
1365 1617
1365 1623
1365 1643
1365 1663
1365 1669
1365 1689
1365 1714
1365 1737
1365 1752
1365 1799
1365 1810
1365 1823
1365 1842
1365 1886
1366 107
1366 913
1366 917
1366 924
1366 944
1366 974
1366 994
1366 1010
1366 1042
1366 1051
1366 1052
1366 1070
1366 1093
1366 1127
1366 1131
1366 1141
1366 1152
1366 1159
1366 1166
1366 1183
1366 1188
1366 1189
1366 1217
1366 1225
1366 1236
1366 1246
1366 1258
1366 1260
1366 1275
1366 1299
1366 1304
1366 1306
1366 1308
1366 1310
1366 1311
1366 1338
1366 1355
1366 1373
1366 1427
1366 1435
1366 1444
1366 1472
1366 1473
1366 1481
1366 1482
1366 1492
1366 1496
1366 1504
1366 1525
1366 1536
1366 1569
1366 1584
1366 1591
1366 1630
1366 1633
1366 1634
1366 1667
1366 1699
1366 1703
1366 1709
1366 1725
1366 1738
1366 1767
1366 1783
1366 1807
1366 1876
1367 107
1367 526
1367 906
1367 921
1367 925
1367 927
1367 934
1367 946
1367 947
1367 952
1367 966
1367 967
1367 978
1367 980
1367 999
1367 1003
1367 1004
1367 1006
1367 1017
1367 1026
1367 1048
1367 1049
1367 1054
1367 1059
1367 1075
1367 1076
1367 1078
1367 1079
1367 1086
1367 1092
1367 1107
1367 1110
1367 1112
1367 1116
1367 1125
1367 1126
1367 1128
1367 1132
1367 1146
1367 1149
1367 1163
1367 1181
1367 1184
1367 1185
1367 1198
1367 1199
1367 1209
1367 1211
1367 1219
1367 1220
1367 1222
1367 1230
1367 1242
1367 1250
1367 1255
1367 1256
1367 1269
1367 1272
1367 1278
1367 1287
1367 1289
1367 1293
1367 1302
1367 1305
1367 1312
1367 1331
1367 1335
1367 1339
1367 1341
1367 1344
1367 1351
1367 1352
1367 1375
1367 1376
1367 1377
1367 1380
1367 1390
1367 1391
1367 1399
1367 1416
1367 1420
1367 1431
1367 1449
1367 1471
1367 1488
1367 1491
1367 1509
1367 1516
1367 1520
1367 1522
1367 1524
1367 1530
1367 1539
1367 1547
1367 1551
1367 1554
1367 1557
1367 1572
1367 1584
1367 1589
1367 1597
1367 1600
1367 1603
1367 1605
1367 1610
1367 1612
1367 1613
1367 1617
1367 1618
1367 1620
1367 1621
1367 1622
1367 1623
1367 1632
1367 1644
1367 1652
1367 1653
1367 1659
1367 1663
1367 1665
1367 1668
1367 1669
1367 1683
1367 1685
1367 1688
1367 1689
1367 1707
1367 1714
1367 1717
1367 1721
1367 1724
1367 1730
1367 1735
1367 1737
1367 1741
1367 1746
1367 1750
1367 1752
1367 1757
1367 1782
1367 1789
1367 1791
1367 1793
1367 1796
1367 1799
1367 1800
1367 1804
1367 1809
1367 1810
1367 1813
1367 1816
1367 1819
1367 1823
1367 1826
1367 1827
1367 1833
1367 1835
1367 1839
1367 1849
1367 1851
1367 1867
1367 1877
1367 1879
1367 1886
1367 1888
1367 1909
1368 107
1368 909
1368 955
1368 1030
1368 1043
1368 1045
1368 1111
1368 1197
1368 1254
1368 1788
1369 107
1369 920
1369 921
1369 923
1369 927
1369 946
1369 967
1369 973
1369 1026
1369 1165
1369 1178
1369 1182
1369 1222
1369 1255
1369 1272
1369 1283
1369 1301
1369 1312
1369 1317
1369 1327
1369 1335
1369 1337
1369 1352
1369 1405
1369 1420
1369 1460
1369 1461
1369 1471
1369 1505
1369 1509
1369 1522
1369 1523
1369 1559
1369 1561
1369 1563
1369 1589
1369 1590
1369 1608
1369 1617
1369 1644
1369 1656
1369 1663
1369 1718
1369 1726
1369 1757
1369 1769
1369 1779
1369 1780
1369 1835
1369 1836
1369 1846
1369 1851
1369 1852
1370 107
1370 916
1370 932
1370 946
1370 953
1370 959
1370 960
1370 966
1370 982
1370 983
1370 1006
1370 1017
1370 1024
1370 1040
1370 1059
1370 1063
1370 1068
1370 1078
1370 1083
1370 1086
1370 1101
1370 1107
1370 1117
1370 1125
1370 1126
1370 1130
1370 1132
1370 1153
1370 1156
1370 1163
1370 1199
1370 1207
1370 1211
1370 1214
1370 1238
1370 1256
1370 1267
1370 1271
1370 1285
1370 1287
1370 1288
1370 1291
1370 1302
1370 1330
1370 1331
1370 1335
1370 1336
1370 1341
1370 1380
1370 1388
1370 1390
1370 1391
1370 1399
1370 1409
1370 1431
1370 1447
1370 1449
1370 1456
1370 1457
1370 1471
1370 1480
1370 1483
1370 1488
1370 1516
1370 1517
1370 1522
1370 1542
1370 1547
1370 1559
1370 1584
1370 1589
1370 1598
1370 1600
1370 1604
1370 1605
1370 1610
1370 1612
1370 1617
1370 1619
1370 1622
1370 1662
1370 1663
1370 1665
1370 1668
1370 1707
1370 1712
1370 1714
1370 1723
1370 1736
1370 1741
1370 1746
1370 1757
1370 1793
1370 1800
1370 1804
1370 1809
1370 1816
1370 1821
1370 1823
1370 1826
1370 1827
1370 1832
1370 1833
1370 1839
1370 1849
1370 1868
1370 1879
1370 1886
1370 1888
1370 1898
1370 1900
1370 1902
1371 107
1371 606
1371 901
1371 903
1371 917
1371 958
1371 963
1371 987
1371 992
1371 1097
1371 1118
1371 1137
1371 1216
1371 1223
1371 1232
1371 1319
1371 1333
1371 1363
1371 1378
1371 1452
1371 1467
1371 1468
1371 1533
1371 1536
1371 1548
1371 1568
1371 1601
1371 1629
1371 1692
1371 1733
1371 1758
1371 1784
1371 1787
1371 1798
1371 1837
1371 1880
1371 1895
1372 107
1372 1064
1372 1212
1372 1356
1372 1478
1372 1831
1372 1910
1373 107
1373 483
1373 896
1373 898
1373 917
1373 919
1373 942
1373 954
1373 964
1373 984
1373 1014
1373 1018
1373 1020
1373 1032
1373 1060
1373 1066
1373 1099
1373 1102
1373 1104
1373 1108
1373 1152
1373 1166
1373 1204
1373 1215
1373 1235
1373 1241
1373 1245
1373 1261
1373 1273
1373 1281
1373 1282
1373 1309
1373 1338
1373 1347
1373 1366
1373 1382
1373 1396
1373 1451
1373 1454
1373 1459
1373 1469
1373 1481
1373 1495
1373 1502
1373 1503
1373 1508
1373 1515
1373 1573
1373 1582
1373 1591
1373 1596
1373 1638
1373 1661
1373 1686
1373 1703
1373 1706
1373 1727
1373 1729
1373 1742
1373 1749
1373 1783
1373 1786
1373 1794
1373 1812
1373 1820
1373 1824
1373 1828
1373 1871
1373 1873
1373 1876
1373 1893
1373 1894
1373 1907
1374 107
1374 353
1374 363
1374 366
1374 376
1374 428
1374 475
1374 483
1374 484
1374 517
1374 538
1374 580
1374 606
1374 637
1374 641
1374 651
1374 930
1374 936
1374 976
1374 1001
1374 1122
1374 1142
1374 1179
1374 1237
1374 1300
1374 1313
1374 1320
1374 1349
1374 1358
1374 1400
1374 1487
1374 1512
1374 1574
1374 1599
1374 1616
1374 1645
1374 1673
1374 1692
1374 1694
1374 1767
1374 1790
1374 1844
1375 107
1375 906
1375 921
1375 925
1375 946
1375 1004
1375 1017
1375 1028
1375 1049
1375 1054
1375 1059
1375 1076
1375 1079
1375 1086
1375 1107
1375 1112
1375 1126
1375 1149
1375 1156
1375 1181
1375 1184
1375 1198
1375 1209
1375 1242
1375 1250
1375 1278
1375 1287
1375 1339
1375 1340
1375 1344
1375 1352
1375 1367
1375 1390
1375 1416
1375 1524
1375 1532
1375 1538
1375 1557
1375 1572
1375 1584
1375 1589
1375 1597
1375 1612
1375 1613
1375 1617
1375 1620
1375 1621
1375 1623
1375 1644
1375 1659
1375 1669
1375 1688
1375 1714
1375 1717
1375 1721
1375 1724
1375 1730
1375 1735
1375 1737
1375 1746
1375 1750
1375 1752
1375 1771
1375 1789
1375 1795
1375 1796
1375 1799
1375 1800
1375 1810
1375 1827
1375 1833
1375 1867
1375 1886
1375 1888
1376 107
1376 897
1376 906
1376 916
1376 920
1376 921
1376 925
1376 927
1376 934
1376 946
1376 947
1376 952
1376 967
1376 978
1376 980
1376 993
1376 999
1376 1003
1376 1006
1376 1026
1376 1028
1376 1048
1376 1049
1376 1054
1376 1059
1376 1074
1376 1075
1376 1076
1376 1078
1376 1086
1376 1101
1376 1126
1376 1128
1376 1130
1376 1132
1376 1135
1376 1146
1376 1149
1376 1153
1376 1172
1376 1175
1376 1182
1376 1184
1376 1185
1376 1191
1376 1195
1376 1199
1376 1209
1376 1211
1376 1214
1376 1219
1376 1230
1376 1238
1376 1242
1376 1243
1376 1250
1376 1255
1376 1265
1376 1267
1376 1269
1376 1272
1376 1291
1376 1293
1376 1302
1376 1305
1376 1312
1376 1329
1376 1331
1376 1334
1376 1335
1376 1340
1376 1341
1376 1344
1376 1352
1376 1361
1376 1367
1376 1377
1376 1390
1376 1391
1376 1393
1376 1399
1376 1405
1376 1416
1376 1420
1376 1431
1376 1447
1376 1460
1376 1467
1376 1471
1376 1485
1376 1491
1376 1509
1376 1513
1376 1516
1376 1520
1376 1522
1376 1523
1376 1528
1376 1539
1376 1547
1376 1551
1376 1554
1376 1557
1376 1559
1376 1563
1376 1570
1376 1584
1376 1589
1376 1590
1376 1597
1376 1600
1376 1603
1376 1608
1376 1609
1376 1610
1376 1612
1376 1613
1376 1617
1376 1621
1376 1622
1376 1623
1376 1632
1376 1637
1376 1639
1376 1643
1376 1653
1376 1659
1376 1662
1376 1663
1376 1669
1376 1675
1376 1683
1376 1685
1376 1689
1376 1707
1376 1714
1376 1717
1376 1718
1376 1721
1376 1724
1376 1730
1376 1735
1376 1736
1376 1737
1376 1741
1376 1746
1376 1750
1376 1752
1376 1753
1376 1757
1376 1761
1376 1765
1376 1768
1376 1774
1376 1782
1376 1789
1376 1791
1376 1793
1376 1795
1376 1799
1376 1800
1376 1804
1376 1810
1376 1811
1376 1813
1376 1816
1376 1819
1376 1823
1376 1826
1376 1827
1376 1833
1376 1835
1376 1839
1376 1842
1376 1846
1376 1851
1376 1864
1376 1867
1376 1879
1376 1888
1376 1891
1376 1902
1377 107
1377 526
1377 906
1377 913
1377 921
1377 925
1377 927
1377 934
1377 946
1377 947
1377 952
1377 953
1377 967
1377 978
1377 980
1377 993
1377 995
1377 997
1377 1026
1377 1028
1377 1029
1377 1047
1377 1048
1377 1049
1377 1056
1377 1059
1377 1075
1377 1076
1377 1078
1377 1079
1377 1086
1377 1110
1377 1117
1377 1124
1377 1126
1377 1128
1377 1130
1377 1132
1377 1135
1377 1146
1377 1149
1377 1153
1377 1156
1377 1160
1377 1164
1377 1173
1377 1175
1377 1180
1377 1182
1377 1185
1377 1191
1377 1195
1377 1199
1377 1201
1377 1205
1377 1211
1377 1214
1377 1219
1377 1222
1377 1230
1377 1238
1377 1243
1377 1255
1377 1256
1377 1265
1377 1267
1377 1269
1377 1290
1377 1291
1377 1302
1377 1323
1377 1329
1377 1330
1377 1331
1377 1334
1377 1335
1377 1341
1377 1352
1377 1359
1377 1361
1377 1367
1377 1376
1377 1388
1377 1389
1377 1391
1377 1399
1377 1409
1377 1416
1377 1420
1377 1431
1377 1447
1377 1449
1377 1467
1377 1470
1377 1471
1377 1483
1377 1487
1377 1488
1377 1491
1377 1497
1377 1509
1377 1513
1377 1516
1377 1520
1377 1522
1377 1528
1377 1535
1377 1539
1377 1540
1377 1551
1377 1554
1377 1557
1377 1559
1377 1563
1377 1570
1377 1584
1377 1589
1377 1590
1377 1597
1377 1598
1377 1600
1377 1603
1377 1604
1377 1608
1377 1609
1377 1610
1377 1612
1377 1613
1377 1614
1377 1617
1377 1620
1377 1621
1377 1622
1377 1623
1377 1637
1377 1639
1377 1643
1377 1646
1377 1659
1377 1662
1377 1663
1377 1669
1377 1675
1377 1683
1377 1685
1377 1688
1377 1689
1377 1707
1377 1714
1377 1717
1377 1721
1377 1723
1377 1730
1377 1741
1377 1746
1377 1750
1377 1753
1377 1757
1377 1761
1377 1765
1377 1768
1377 1782
1377 1791
1377 1793
1377 1799
1377 1800
1377 1804
1377 1811
1377 1813
1377 1816
1377 1823
1377 1827
1377 1833
1377 1835
1377 1839
1377 1842
1377 1843
1377 1851
1377 1861
1377 1864
1377 1867
1377 1868
1377 1879
1377 1881
1377 1885
1377 1886
1377 1888
1377 1891
1377 1898
1377 1902
1378 107
1378 901
1378 903
1378 938
1378 963
1378 992
1378 1097
1378 1118
1378 1137
1378 1216
1378 1232
1378 1314
1378 1319
1378 1333
1378 1363
1378 1371
1378 1452
1378 1468
1378 1493
1378 1533
1378 1548
1378 1568
1378 1601
1378 1629
1378 1648
1378 1733
1378 1787
1378 1798
1378 1837
1378 1880
1378 1892
1378 1895
1379 107
1379 896
1379 902
1379 941
1379 957
1379 975
1379 981
1379 1067
1379 1082
1379 1104
1379 1120
1379 1148
1379 1190
1379 1192
1379 1204
1379 1227
1379 1235
1379 1277
1379 1279
1379 1292
1379 1298
1379 1322
1379 1345
1379 1347
1379 1404
1379 1423
1379 1426
1379 1438
1379 1448
1379 1459
1379 1462
1379 1475
1379 1479
1379 1573
1379 1576
1379 1583
1379 1591
1379 1596
1379 1611
1379 1628
1379 1636
1379 1655
1379 1682
1379 1691
1379 1716
1379 1786
1379 1857
1379 1862
1379 1872
1379 1899
1379 1903
1380 107
1380 916
1380 959
1380 966
1380 982
1380 983
1380 1003
1380 1006
1380 1017
1380 1040
1380 1059
1380 1078
1380 1083
1380 1107
1380 1117
1380 1125
1380 1126
1380 1132
1380 1153
1380 1160
1380 1163
1380 1175
1380 1199
1380 1207
1380 1211
1380 1238
1380 1250
1380 1256
1380 1271
1380 1285
1380 1288
1380 1331
1380 1336
1380 1341
1380 1352
1380 1367
1380 1370
1380 1388
1380 1390
1380 1391
1380 1399
1380 1402
1380 1420
1380 1431
1380 1447
1380 1456
1380 1457
1380 1488
1380 1516
1380 1522
1380 1523
1380 1547
1380 1554
1380 1570
1380 1584
1380 1598
1380 1600
1380 1604
1380 1605
1380 1610
1380 1619
1380 1621
1380 1622
1380 1623
1380 1662
1380 1665
1380 1685
1380 1689
1380 1707
1380 1712
1380 1714
1380 1730
1380 1741
1380 1746
1380 1789
1380 1800
1380 1809
1380 1816
1380 1826
1380 1832
1380 1839
1380 1868
1380 1879
1380 1888
1380 1898
1381 107
1381 896
1381 957
1381 1009
1381 1014
1381 1036
1381 1082
1381 1104
1381 1158
1381 1227
1381 1235
1381 1277
1381 1282
1381 1298
1381 1322
1381 1345
1381 1459
1381 1475
1381 1573
1381 1583
1381 1591
1381 1628
1381 1635
1381 1636
1381 1720
1381 1857
1381 1899
1382 107
1382 483
1382 898
1382 917
1382 954
1382 984
1382 1014
1382 1018
1382 1020
1382 1032
1382 1066
1382 1099
1382 1102
1382 1108
1382 1166
1382 1245
1382 1261
1382 1273
1382 1277
1382 1282
1382 1309
1382 1316
1382 1324
1382 1373
1382 1396
1382 1454
1382 1495
1382 1508
1382 1582
1382 1583
1382 1661
1382 1729
1382 1742
1382 1751
1382 1783
1382 1786
1382 1812
1382 1820
1382 1871
1382 1893
1382 1894
1383 107
1383 1157
1383 1594
1383 1909
1384 107
1384 909
1384 1043
1384 1045
1384 1165
1384 1283
1384 1327
1384 1337
1384 1505
1384 1758
1384 1774
1384 1788
1385 107
1385 389
1385 1013
1385 1223
1385 1296
1385 1496
1385 1529
1385 1531
1385 1545
1385 1574
1385 1688
1385 1770
1385 1778
1385 1831
1385 1910
1386 107
1387 107
1387 171
1387 1171
1387 1193
1387 1297
1387 1486
1387 1549
1387 1678
1387 1726
1388 107
1388 897
1388 932
1388 960
1388 995
1388 997
1388 1006
1388 1039
1388 1107
1388 1117
1388 1124
1388 1153
1388 1156
1388 1160
1388 1172
1388 1173
1388 1180
1388 1191
1388 1201
1388 1205
1388 1214
1388 1230
1388 1238
1388 1256
1388 1269
1388 1280
1388 1288
1388 1329
1388 1330
1388 1331
1388 1359
1388 1361
1388 1370
1388 1377
1388 1380
1388 1391
1388 1393
1388 1399
1388 1402
1388 1409
1388 1447
1388 1456
1388 1470
1388 1483
1388 1520
1388 1522
1388 1535
1388 1551
1388 1571
1388 1580
1388 1589
1388 1598
1388 1604
1388 1605
1388 1609
1388 1612
1388 1613
1388 1620
1388 1622
1388 1637
1388 1662
1388 1663
1388 1665
1388 1707
1388 1714
1388 1722
1388 1730
1388 1736
1388 1741
1388 1754
1388 1768
1388 1772
1388 1793
1388 1809
1388 1813
1388 1835
1388 1842
1388 1845
1388 1849
1388 1864
1388 1868
1388 1888
1388 1898
1388 1902
1389 107
1389 921
1389 953
1389 978
1389 993
1389 997
1389 1047
1389 1117
1389 1135
1389 1173
1389 1201
1389 1205
1389 1222
1389 1323
1389 1329
1389 1330
1389 1334
1389 1359
1389 1377
1389 1391
1389 1431
1389 1447
1389 1467
1389 1470
1389 1535
1389 1551
1389 1559
1389 1570
1389 1584
1389 1604
1389 1609
1389 1610
1389 1621
1389 1637
1389 1663
1389 1669
1389 1675
1389 1730
1389 1761
1389 1768
1389 1804
1389 1811
1389 1813
1389 1843
1389 1888
1389 1898
1390 107
1390 906
1390 916
1390 921
1390 925
1390 934
1390 946
1390 947
1390 952
1390 953
1390 960
1390 966
1390 967
1390 982
1390 983
1390 993
1390 1003
1390 1004
1390 1006
1390 1017
1390 1024
1390 1040
1390 1049
1390 1054
1390 1059
1390 1068
1390 1075
1390 1076
1390 1078
1390 1079
1390 1083
1390 1086
1390 1092
1390 1101
1390 1107
1390 1110
1390 1112
1390 1117
1390 1125
1390 1126
1390 1128
1390 1132
1390 1146
1390 1149
1390 1153
1390 1156
1390 1163
1390 1172
1390 1173
1390 1175
1390 1184
1390 1185
1390 1191
1390 1198
1390 1199
1390 1207
1390 1209
1390 1211
1390 1230
1390 1237
1390 1242
1390 1250
1390 1255
1390 1256
1390 1267
1390 1271
1390 1287
1390 1288
1390 1289
1390 1290
1390 1291
1390 1302
1390 1305
1390 1327
1390 1330
1390 1331
1390 1335
1390 1339
1390 1340
1390 1341
1390 1344
1390 1352
1390 1361
1390 1367
1390 1370
1390 1375
1390 1376
1390 1380
1390 1391
1390 1399
1390 1402
1390 1416
1390 1420
1390 1431
1390 1435
1390 1447
1390 1456
1390 1457
1390 1467
1390 1471
1390 1480
1390 1485
1390 1488
1390 1491
1390 1509
1390 1516
1390 1520
1390 1522
1390 1523
1390 1524
1390 1530
1390 1539
1390 1540
1390 1551
1390 1554
1390 1557
1390 1570
1390 1572
1390 1580
1390 1584
1390 1589
1390 1597
1390 1598
1390 1600
1390 1603
1390 1604
1390 1608
1390 1610
1390 1612
1390 1613
1390 1617
1390 1618
1390 1619
1390 1620
1390 1621
1390 1622
1390 1623
1390 1632
1390 1643
1390 1644
1390 1652
1390 1653
1390 1659
1390 1662
1390 1663
1390 1665
1390 1668
1390 1683
1390 1689
1390 1707
1390 1712
1390 1714
1390 1717
1390 1721
1390 1724
1390 1730
1390 1735
1390 1736
1390 1737
1390 1741
1390 1746
1390 1750
1390 1752
1390 1757
1390 1768
1390 1771
1390 1789
1390 1791
1390 1793
1390 1795
1390 1796
1390 1799
1390 1800
1390 1804
1390 1809
1390 1811
1390 1816
1390 1819
1390 1823
1390 1827
1390 1833
1390 1835
1390 1839
1390 1842
1390 1843
1390 1849
1390 1867
1390 1868
1390 1877
1390 1879
1390 1886
1390 1888
1390 1902
1391 107
1391 921
1391 934
1391 946
1391 947
1391 952
1391 953
1391 959
1391 978
1391 982
1391 993
1391 997
1391 1003
1391 1004
1391 1006
1391 1017
1391 1026
1391 1029
1391 1039
1391 1040
1391 1048
1391 1049
1391 1056
1391 1059
1391 1076
1391 1078
1391 1079
1391 1083
1391 1086
1391 1101
1391 1107
1391 1116
1391 1123
1391 1125
1391 1126
1391 1128
1391 1130
1391 1135
1391 1146
1391 1153
1391 1156
1391 1160
1391 1164
1391 1173
1391 1175
1391 1181
1391 1182
1391 1184
1391 1185
1391 1199
1391 1205
1391 1211
1391 1230
1391 1238
1391 1255
1391 1267
1391 1269
1391 1271
1391 1272
1391 1280
1391 1285
1391 1288
1391 1291
1391 1302
1391 1305
1391 1312
1391 1329
1391 1330
1391 1334
1391 1335
1391 1336
1391 1339
1391 1341
1391 1351
1391 1352
1391 1359
1391 1361
1391 1367
1391 1370
1391 1376
1391 1377
1391 1380
1391 1388
1391 1389
1391 1390
1391 1399
1391 1402
1391 1409
1391 1420
1391 1431
1391 1447
1391 1449
1391 1457
1391 1467
1391 1470
1391 1488
1391 1491
1391 1509
1391 1516
1391 1520
1391 1522
1391 1530
1391 1535
1391 1539
1391 1540
1391 1547
1391 1551
1391 1554
1391 1557
1391 1559
1391 1570
1391 1584
1391 1589
1391 1594
1391 1597
1391 1598
1391 1600
1391 1603
1391 1604
1391 1608
1391 1612
1391 1613
1391 1614
1391 1621
1391 1622
1391 1632
1391 1639
1391 1662
1391 1663
1391 1665
1391 1668
1391 1669
1391 1675
1391 1683
1391 1685
1391 1689
1391 1707
1391 1712
1391 1714
1391 1717
1391 1730
1391 1735
1391 1736
1391 1746
1391 1750
1391 1754
1391 1761
1391 1768
1391 1782
1391 1789
1391 1791
1391 1793
1391 1795
1391 1799
1391 1800
1391 1809
1391 1810
1391 1813
1391 1816
1391 1823
1391 1826
1391 1827
1391 1832
1391 1833
1391 1835
1391 1839
1391 1843
1391 1845
1391 1849
1391 1867
1391 1868
1391 1877
1391 1886
1391 1888
1391 1898
1392 107
1392 483
1392 896
1392 957
1392 1009
1392 1014
1392 1044
1392 1066
1392 1082
1392 1104
1392 1158
1392 1227
1392 1235
1392 1277
1392 1284
1392 1292
1392 1309
1392 1322
1392 1345
1392 1413
1392 1426
1392 1432
1392 1459
1392 1462
1392 1475
1392 1479
1392 1583
1392 1611
1392 1628
1392 1636
1392 1655
1392 1716
1392 1720
1392 1857
1392 1871
1392 1894
1392 1899
1393 107
1393 526
1393 921
1393 935
1393 980
1393 1007
1393 1048
1393 1049
1393 1074
1393 1078
1393 1095
1393 1101
1393 1110
1393 1191
1393 1199
1393 1211
1393 1222
1393 1230
1393 1290
1393 1329
1393 1331
1393 1334
1393 1335
1393 1341
1393 1357
1393 1376
1393 1388
1393 1407
1393 1409
1393 1522
1393 1528
1393 1531
1393 1535
1393 1540
1393 1551
1393 1557
1393 1609
1393 1620
1393 1688
1393 1702
1393 1707
1393 1730
1393 1753
1393 1754
1393 1768
1393 1793
1393 1813
1393 1835
1393 1842
1393 1845
1393 1864
1393 1879
1393 1902
1394 107
1394 1240
1395 107
1395 1909
1396 107
1396 483
1396 896
1396 898
1396 917
1396 919
1396 942
1396 954
1396 969
1396 984
1396 1014
1396 1018
1396 1020
1396 1032
1396 1066
1396 1081
1396 1099
1396 1102
1396 1108
1396 1166
1396 1245
1396 1261
1396 1273
1396 1281
1396 1282
1396 1303
1396 1316
1396 1324
1396 1347
1396 1373
1396 1382
1396 1451
1396 1454
1396 1495
1396 1508
1396 1515
1396 1582
1396 1595
1396 1638
1396 1661
1396 1729
1396 1732
1396 1742
1396 1751
1396 1783
1396 1786
1396 1812
1396 1820
1396 1824
1396 1828
1396 1848
1396 1871
1396 1893
1396 1894
1397 107
1397 353
1397 366
1397 483
1397 484
1397 1001
1397 1095
1397 1237
1397 1357
1397 1358
1397 1409
1397 1487
1397 1536
1397 1673
1397 1844
1397 1882
1398 107
1398 897
1398 922
1398 946
1398 960
1398 1006
1398 1017
1398 1024
1398 1083
1398 1092
1398 1101
1398 1123
1398 1124
1398 1125
1398 1130
1398 1132
1398 1175
1398 1199
1398 1211
1398 1291
1398 1305
1398 1312
1398 1361
1398 1399
1398 1437
1398 1449
1398 1458
1398 1467
1398 1471
1398 1480
1398 1488
1398 1513
1398 1538
1398 1612
1398 1668
1398 1712
1398 1799
1398 1804
1398 1827
1398 1833
1398 1845
1398 1851
1398 1863
1398 1888
1399 107
1399 916
1399 921
1399 922
1399 925
1399 932
1399 934
1399 946
1399 947
1399 952
1399 960
1399 966
1399 978
1399 980
1399 982
1399 983
1399 993
1399 999
1399 1004
1399 1006
1399 1017
1399 1048
1399 1049
1399 1059
1399 1074
1399 1076
1399 1078
1399 1079
1399 1083
1399 1086
1399 1101
1399 1107
1399 1117
1399 1124
1399 1125
1399 1126
1399 1128
1399 1130
1399 1132
1399 1146
1399 1153
1399 1156
1399 1163
1399 1172
1399 1181
1399 1182
1399 1184
1399 1185
1399 1191
1399 1198
1399 1199
1399 1211
1399 1219
1399 1222
1399 1230
1399 1239
1399 1242
1399 1243
1399 1250
1399 1255
1399 1256
1399 1267
1399 1269
1399 1271
1399 1285
1399 1287
1399 1288
1399 1289
1399 1291
1399 1302
1399 1330
1399 1331
1399 1335
1399 1336
1399 1339
1399 1341
1399 1344
1399 1351
1399 1352
1399 1361
1399 1367
1399 1370
1399 1376
1399 1377
1399 1380
1399 1388
1399 1390
1399 1391
1399 1398
1399 1402
1399 1416
1399 1420
1399 1431
1399 1437
1399 1447
1399 1456
1399 1457
1399 1467
1399 1471
1399 1473
1399 1488
1399 1491
1399 1501
1399 1509
1399 1516
1399 1517
1399 1522
1399 1530
1399 1532
1399 1535
1399 1547
1399 1551
1399 1554
1399 1556
1399 1557
1399 1559
1399 1563
1399 1584
1399 1589
1399 1597
1399 1603
1399 1604
1399 1605
1399 1610
1399 1612
1399 1617
1399 1619
1399 1621
1399 1622
1399 1623
1399 1659
1399 1662
1399 1663
1399 1665
1399 1668
1399 1669
1399 1683
1399 1689
1399 1702
1399 1707
1399 1712
1399 1714
1399 1721
1399 1730
1399 1736
1399 1737
1399 1741
1399 1746
1399 1750
1399 1752
1399 1757
1399 1761
1399 1768
1399 1791
1399 1793
1399 1799
1399 1800
1399 1804
1399 1809
1399 1810
1399 1813
1399 1816
1399 1821
1399 1823
1399 1826
1399 1827
1399 1833
1399 1835
1399 1839
1399 1845
1399 1849
1399 1864
1399 1867
1399 1868
1399 1879
1399 1888
1399 1898
1399 1902
