1400 107
1400 363
1400 366
1400 483
1400 538
1400 629
1400 641
1400 930
1400 1012
1400 1122
1400 1155
1400 1179
1400 1320
1400 1358
1400 1374
1400 1487
1400 1512
1400 1545
1400 1616
1400 1645
1400 1692
1400 1767
1401 107
1401 1017
1401 1156
1401 1248
1401 1291
1401 1330
1401 1516
1401 1603
1401 1823
1401 1833
1401 1839
1401 1888
1402 107
1402 916
1402 946
1402 959
1402 967
1402 983
1402 997
1402 1006
1402 1040
1402 1083
1402 1086
1402 1101
1402 1117
1402 1126
1402 1153
1402 1160
1402 1184
1402 1199
1402 1238
1402 1250
1402 1267
1402 1271
1402 1272
1402 1280
1402 1288
1402 1305
1402 1331
1402 1359
1402 1361
1402 1380
1402 1388
1402 1390
1402 1391
1402 1399
1402 1431
1402 1447
1402 1456
1402 1483
1402 1488
1402 1542
1402 1559
1402 1571
1402 1580
1402 1598
1402 1604
1402 1605
1402 1609
1402 1610
1402 1613
1402 1617
1402 1619
1402 1622
1402 1663
1402 1665
1402 1707
1402 1714
1402 1722
1402 1746
1402 1757
1402 1768
1402 1772
1402 1791
1402 1800
1402 1809
1402 1816
1402 1823
1402 1826
1402 1827
1402 1833
1402 1839
1402 1868
1402 1888
1402 1898
1402 1900
1403 107
1403 956
1403 979
1403 1016
1403 1138
1403 1177
1403 1218
1403 1499
1403 1889
1404 107
1404 896
1404 921
1404 941
1404 942
1404 957
1404 975
1404 981
1404 1009
1404 1036
1404 1067
1404 1082
1404 1104
1404 1115
1404 1120
1404 1129
1404 1148
1404 1227
1404 1231
1404 1235
1404 1257
1404 1277
1404 1279
1404 1284
1404 1292
1404 1298
1404 1322
1404 1345
1404 1350
1404 1379
1404 1426
1404 1448
1404 1459
1404 1462
1404 1475
1404 1479
1404 1573
1404 1576
1404 1578
1404 1583
1404 1596
1404 1611
1404 1628
1404 1636
1404 1661
1404 1691
1404 1716
1404 1720
1404 1857
1404 1899
1405 107
1405 927
1405 946
1405 967
1405 1175
1405 1182
1405 1255
1405 1272
1405 1312
1405 1329
1405 1369
1405 1376
1405 1467
1405 1485
1405 1509
1405 1513
1405 1544
1405 1590
1405 1612
1405 1614
1405 1622
1405 1637
1405 1639
1405 1684
1405 1765
1405 1779
1405 1835
1405 1846
1405 1851
1405 1860
1405 1883
1405 2724
1405 2752
1405 2775
1405 2869
1405 2892
1405 2962
1405 3001
1405 3019
1405 3100
1405 3162
1405 3168
1405 3233
1405 3295
1405 3304
1405 3331
1405 3366
1405 3404
1405 3406
1405 3412
1406 107
1406 483
1406 898
1406 917
1406 941
1406 942
1406 945
1406 969
1406 1014
1406 1032
1406 1066
1406 1099
1406 1108
1406 1170
1406 1245
1406 1261
1406 1282
1406 1495
1406 1502
1406 1638
1406 1704
1406 1729
1406 1732
1406 1742
1406 1751
1406 1786
1406 1820
1406 1824
1406 1871
1406 1893
1406 1894
1407 107
1407 526
1407 906
1407 921
1407 993
1407 1012
1407 1047
1407 1048
1407 1049
1407 1074
1407 1075
1407 1107
1407 1110
1407 1191
1407 1199
1407 1209
1407 1214
1407 1230
1407 1242
1407 1290
1407 1323
1407 1329
1407 1393
1407 1528
1407 1551
1407 1557
1407 1566
1407 1614
1407 1620
1407 1663
1407 1685
1407 1688
1407 1730
1407 1753
1407 1754
1407 1768
1407 1864
1408 107
1408 366
1408 428
1408 483
1408 484
1408 538
1408 651
1408 905
1408 913
1408 914
1408 915
1408 930
1408 1052
1408 1114
1408 1122
1408 1155
1408 1210
1408 1217
1408 1247
1408 1349
1408 1453
1408 1549
1408 1574
1408 1575
1408 1602
1408 1673
1408 1740
1408 1807
1408 1818
1408 1844
1408 1878
1408 1882
1408 1885
1408 1897
1409 107
1409 897
1409 916
1409 926
1409 932
1409 953
1409 959
1409 960
1409 982
1409 983
1409 993
1409 995
1409 997
1409 1026
1409 1029
1409 1040
1409 1048
1409 1056
1409 1074
1409 1078
1409 1107
1409 1160
1409 1172
1409 1173
1409 1175
1409 1199
1409 1205
1409 1207
1409 1211
1409 1214
1409 1230
1409 1238
1409 1255
1409 1256
1409 1269
1409 1280
1409 1305
1409 1329
1409 1331
1409 1334
1409 1359
1409 1361
1409 1370
1409 1377
1409 1388
1409 1391
1409 1393
1409 1397
1409 1420
1409 1431
1409 1444
1409 1447
1409 1458
1409 1470
1409 1483
1409 1488
1409 1517
1409 1527
1409 1535
1409 1542
1409 1551
1409 1553
1409 1559
1409 1563
1409 1570
1409 1571
1409 1580
1409 1584
1409 1589
1409 1598
1409 1604
1409 1605
1409 1608
1409 1613
1409 1620
1409 1621
1409 1622
1409 1632
1409 1663
1409 1665
1409 1669
1409 1685
1409 1707
1409 1712
1409 1714
1409 1722
1409 1730
1409 1734
1409 1736
1409 1746
1409 1768
1409 1782
1409 1791
1409 1800
1409 1816
1409 1827
1409 1832
1409 1835
1409 1839
1409 1842
1409 1845
1409 1861
1409 1863
1409 1864
1409 1868
1409 1898
1410 107
1410 950
1410 1085
1410 1136
1410 1144
1410 1174
1410 1187
1410 1251
1410 1328
1410 1360
1410 1421
1410 1433
1410 1494
1410 1555
1410 1593
1410 1676
1410 1687
1410 1705
1410 1803
1410 1825
1410 1866
1411 107
1411 1283
1411 1450
1411 1520
1411 1523
1411 1540
1411 1554
1411 1589
1411 1618
1411 1891
1412 107
1412 596
1412 917
1412 924
1412 941
1412 1010
1412 1035
1412 1037
1412 1070
1412 1159
1412 1170
1412 1228
1412 1273
1412 1429
1412 1500
1412 1502
1412 1549
1412 1633
1412 1686
1412 1745
1412 1781
1412 1830
1413 107
1413 896
1413 957
1413 989
1413 1019
1413 1021
1413 1036
1413 1067
1413 1082
1413 1100
1413 1104
1413 1129
1413 1148
1413 1158
1413 1192
1413 1204
1413 1215
1413 1229
1413 1235
1413 1257
1413 1277
1413 1284
1413 1298
1413 1315
1413 1322
1413 1345
1413 1347
1413 1350
1413 1392
1413 1423
1413 1432
1413 1462
1413 1475
1413 1479
1413 1495
1413 1550
1413 1573
1413 1576
1413 1578
1413 1583
1413 1591
1413 1592
1413 1596
1413 1611
1413 1628
1413 1636
1413 1647
1413 1655
1413 1680
1413 1682
1413 1691
1413 1715
1413 1716
1413 1728
1413 1732
1413 1783
1413 1790
1413 1841
1413 1859
1413 1875
1414 107
1414 1235
1414 1277
1414 1322
1414 1573
1414 1716
1414 1862
1414 1872
1415 107
1415 389
1415 949
1415 964
1415 1005
1415 1041
1415 1089
1415 1134
1415 1189
1415 1213
1415 1226
1415 1259
1415 1311
1415 1348
1415 1469
1415 1472
1415 1482
1415 1496
1415 1507
1415 1541
1415 1624
1415 1630
1415 1667
1415 1672
1415 1709
1415 1725
1415 1739
1415 1770
1415 1783
1415 1906
1416 107
1416 526
1416 925
1416 946
1416 947
1416 966
1416 999
1416 1003
1416 1004
1416 1017
1416 1048
1416 1049
1416 1054
1416 1059
1416 1075
1416 1076
1416 1078
1416 1079
1416 1086
1416 1101
1416 1112
1416 1128
1416 1132
1416 1175
1416 1181
1416 1184
1416 1185
1416 1198
1416 1199
1416 1209
1416 1211
1416 1242
1416 1250
1416 1255
1416 1278
1416 1290
1416 1291
1416 1339
1416 1340
1416 1341
1416 1344
1416 1352
1416 1367
1416 1375
1416 1376
1416 1377
1416 1390
1416 1399
1416 1431
1416 1456
1416 1467
1416 1471
1416 1480
1416 1491
1416 1509
1416 1516
1416 1524
1416 1528
1416 1530
1416 1532
1416 1538
1416 1539
1416 1554
1416 1557
1416 1572
1416 1584
1416 1589
1416 1597
1416 1600
1416 1610
1416 1612
1416 1613
1416 1620
1416 1622
1416 1623
1416 1644
1416 1652
1416 1653
1416 1659
1416 1663
1416 1683
1416 1688
1416 1707
1416 1714
1416 1717
1416 1721
1416 1724
1416 1730
1416 1735
1416 1736
1416 1746
1416 1750
1416 1752
1416 1768
1416 1771
1416 1789
1416 1791
1416 1795
1416 1796
1416 1799
1416 1800
1416 1804
1416 1810
1416 1827
1416 1833
1416 1835
1416 1839
1416 1877
1416 1879
1416 1886
1416 1888
1417 107
1417 896
1417 1277
1417 1621
1417 1899
1418 107
1418 917
1418 940
1418 1086
1418 1106
1418 1128
1418 1143
1418 1159
1418 1221
1418 1246
1418 1275
1418 1296
1418 1472
1418 1504
1418 1525
1418 1569
1418 1650
1418 1709
1418 1727
1418 1830
1418 1904
1419 107
1419 990
1419 995
1419 1165
1419 1178
1419 1437
1419 1440
1419 1594
1419 1674
1419 1684
1419 1702
1419 1758
1419 1780
1419 1843
1419 1858
1419 1883
1419 1909
1419 1911
1419 2813
1419 2971
1419 3034
1419 3178
1419 3410
1419 3420
1420 107
1420 897
1420 907
1420 921
1420 925
1420 927
1420 932
1420 934
1420 946
1420 947
1420 952
1420 967
1420 993
1420 1003
1420 1004
1420 1017
1420 1026
1420 1028
1420 1047
1420 1048
1420 1059
1420 1076
1420 1078
1420 1085
1420 1101
1420 1112
1420 1117
1420 1124
1420 1126
1420 1128
1420 1135
1420 1146
1420 1149
1420 1155
1420 1172
1420 1175
1420 1182
1420 1184
1420 1185
1420 1195
1420 1211
1420 1230
1420 1237
1420 1238
1420 1243
1420 1250
1420 1255
1420 1269
1420 1272
1420 1290
1420 1291
1420 1305
1420 1312
1420 1329
1420 1330
1420 1331
1420 1334
1420 1341
1420 1352
1420 1361
1420 1365
1420 1367
1420 1369
1420 1376
1420 1377
1420 1380
1420 1390
1420 1391
1420 1399
1420 1409
1420 1422
1420 1431
1420 1456
1420 1467
1420 1483
1420 1485
1420 1491
1420 1509
1420 1513
1420 1516
1420 1520
1420 1522
1420 1523
1420 1530
1420 1538
1420 1551
1420 1554
1420 1557
1420 1559
1420 1563
1420 1570
1420 1571
1420 1580
1420 1584
1420 1589
1420 1590
1420 1597
1420 1603
1420 1612
1420 1613
1420 1614
1420 1619
1420 1621
1420 1622
1420 1632
1420 1637
1420 1659
1420 1663
1420 1665
1420 1669
1420 1675
1420 1683
1420 1689
1420 1707
1420 1714
1420 1717
1420 1721
1420 1730
1420 1735
1420 1736
1420 1746
1420 1750
1420 1752
1420 1753
1420 1761
1420 1765
1420 1768
1420 1772
1420 1782
1420 1795
1420 1796
1420 1799
1420 1800
1420 1813
1420 1819
1420 1823
1420 1827
1420 1833
1420 1835
1420 1839
1420 1846
1420 1864
1420 1867
1420 1879
1420 1886
1420 1888
1420 1891
1420 1902
1421 107
1421 908
1421 1085
1421 1088
1421 1136
1421 1144
1421 1165
1421 1174
1421 1251
1421 1283
1421 1307
1421 1328
1421 1410
1421 1433
1421 1494
1421 1555
1421 1567
1421 1615
1421 1687
1421 1705
1421 1719
1421 1803
1421 1825
1421 1866
1422 107
1422 484
1422 905
1422 912
1422 980
1422 1001
1422 1095
1422 1114
1422 1357
1422 1420
1422 1487
1422 1692
1422 1730
1422 1808
1423 107
1423 637
1423 896
1423 957
1423 975
1423 1009
1423 1014
1423 1015
1423 1021
1423 1060
1423 1067
1423 1082
1423 1086
1423 1100
1423 1104
1423 1148
1423 1158
1423 1192
1423 1204
1423 1221
1423 1227
1423 1231
1423 1235
1423 1277
1423 1284
1423 1298
1423 1315
1423 1316
1423 1322
1423 1379
1423 1413
1423 1426
1423 1438
1423 1448
1423 1459
1423 1462
1423 1479
1423 1502
1423 1515
1423 1573
1423 1576
1423 1583
1423 1591
1423 1592
1423 1628
1423 1636
1423 1647
1423 1655
1423 1691
1423 1715
1423 1720
1423 1728
1423 1824
1423 1841
1423 1871
1423 1872
1423 1873
1423 1875
1423 1884
1423 1899
1423 1903
1424 107
1424 938
1424 992
1424 1097
1424 1177
1424 1216
1424 1314
1424 1339
1424 1548
1424 1601
1424 1733
1424 1747
1424 1787
1424 1798
1424 1837
1424 1880
1424 1889
1424 1895
1424 1896
1425 107
1425 353
1425 363
1425 428
1425 475
1425 483
1425 641
1425 915
1425 930
1425 939
1425 940
1425 962
1425 1210
1425 1212
1425 1246
1425 1294
1425 1320
1425 1342
1425 1343
1425 1356
1425 1358
1425 1478
1425 1545
1425 1549
1425 1574
1425 1625
1425 1633
1425 1671
1425 1743
1425 1773
1425 1778
1425 1801
1425 1831
1425 1844
1426 107
1426 896
1426 902
1426 975
1426 981
1426 988
1426 994
1426 1007
1426 1019
1426 1021
1426 1036
1426 1060
1426 1067
1426 1104
1426 1148
1426 1190
1426 1192
1426 1204
1426 1227
1426 1231
1426 1235
1426 1257
1426 1277
1426 1284
1426 1298
1426 1303
1426 1322
1426 1345
1426 1347
1426 1379
1426 1392
1426 1404
1426 1423
1426 1448
1426 1459
1426 1462
1426 1475
1426 1479
1426 1515
1426 1573
1426 1578
1426 1583
1426 1587
1426 1591
1426 1596
1426 1628
1426 1636
1426 1647
1426 1655
1426 1661
1426 1680
1426 1682
1426 1691
1426 1715
1426 1720
1426 1786
1426 1790
1426 1857
1426 1859
1426 1873
1426 1884
1426 1893
1426 1899
1426 1903
1427 107
1427 353
1427 363
1427 366
1427 475
1427 483
1427 580
1427 637
1427 915
1427 930
1427 948
1427 994
1427 1001
1427 1025
1427 1032
1427 1070
1427 1080
1427 1086
1427 1113
1427 1122
1427 1142
1427 1210
1427 1237
1427 1294
1427 1300
1427 1303
1427 1313
1427 1318
1427 1320
1427 1332
1427 1349
1427 1358
1427 1366
1427 1429
1427 1435
1427 1446
1427 1464
1427 1473
1427 1487
1427 1515
1427 1525
1427 1526
1427 1545
1427 1549
1427 1565
1427 1584
1427 1625
1427 1645
1427 1660
1427 1661
1427 1673
1427 1695
1427 1763
1427 1766
1427 1767
1427 1773
1427 1790
1427 1794
1427 1801
1427 1807
1427 1844
1427 1853
1427 1878
1427 1881
1427 1882
1427 1893
1428 107
1428 389
1428 651
1428 944
1428 949
1428 964
1428 977
1428 1041
1428 1052
1428 1072
1428 1109
1428 1169
1428 1189
1428 1226
1428 1244
1428 1249
1428 1306
1428 1348
1428 1469
1428 1472
1428 1482
1428 1541
1428 1624
1428 1703
1428 1709
1428 1756
1428 1815
1428 1831
1428 1904
1429 107
1429 483
1429 637
1429 917
1429 941
1429 968
1429 971
1429 1007
1429 1025
1429 1032
1429 1070
1429 1086
1429 1104
1429 1204
1429 1215
1429 1247
1429 1273
1429 1281
1429 1303
1429 1412
1429 1427
1429 1464
1429 1487
1429 1489
1429 1502
1429 1503
1429 1515
1429 1526
1429 1649
1429 1661
1429 1704
1429 1706
1429 1729
1429 1786
1429 1794
1429 1828
1429 1844
1429 1850
1430 107
1430 1660
1431 107
1431 906
1431 916
1431 921
1431 925
1431 934
1431 946
1431 947
1431 952
1431 953
1431 960
1431 966
1431 967
1431 972
1431 978
1431 980
1431 993
1431 995
1431 999
1431 1003
1431 1004
1431 1006
1431 1017
1431 1024
1431 1026
1431 1048
1431 1049
1431 1055
1431 1059
1431 1063
1431 1069
1431 1076
1431 1078
1431 1079
1431 1083
1431 1086
1431 1101
1431 1107
1431 1117
1431 1125
1431 1126
1431 1128
1431 1132
1431 1135
1431 1146
1431 1153
1431 1156
1431 1163
1431 1172
1431 1173
1431 1175
1431 1181
1431 1182
1431 1184
1431 1185
1431 1191
1431 1195
1431 1198
1431 1199
1431 1207
1431 1209
1431 1211
1431 1222
1431 1230
1431 1238
1431 1242
1431 1243
1431 1250
1431 1255
1431 1256
1431 1266
1431 1267
1431 1269
1431 1271
1431 1272
1431 1280
1431 1285
1431 1288
1431 1289
1431 1291
1431 1302
1431 1305
1431 1312
1431 1329
1431 1330
1431 1331
1431 1334
1431 1335
1431 1339
1431 1341
1431 1344
1431 1351
1431 1352
1431 1361
1431 1365
1431 1367
1431 1370
1431 1376
1431 1377
1431 1380
1431 1389
1431 1390
1431 1391
1431 1399
1431 1402
1431 1409
1431 1416
1431 1420
1431 1434
1431 1439
1431 1441
1431 1447
1431 1449
1431 1456
1431 1457
1431 1467
1431 1470
1431 1471
1431 1480
1431 1483
1431 1488
1431 1491
1431 1509
1431 1516
1431 1520
1431 1522
1431 1530
1431 1535
1431 1538
1431 1539
1431 1542
1431 1544
1431 1547
1431 1551
1431 1554
1431 1557
1431 1559
1431 1564
1431 1570
1431 1584
1431 1585
1431 1589
1431 1590
1431 1597
1431 1598
1431 1600
1431 1603
1431 1604
1431 1605
1431 1608
1431 1610
1431 1612
1431 1613
1431 1614
1431 1619
1431 1620
1431 1621
1431 1622
1431 1623
1431 1643
1431 1662
1431 1663
1431 1665
1431 1668
1431 1669
1431 1675
1431 1683
1431 1685
1431 1689
1431 1712
1431 1714
1431 1717
1431 1721
1431 1730
1431 1734
1431 1735
1431 1736
1431 1737
1431 1741
1431 1746
1431 1750
1431 1752
1431 1757
1431 1761
1431 1768
1431 1779
1431 1782
1431 1789
1431 1791
1431 1793
1431 1796
1431 1799
1431 1800
1431 1804
1431 1809
1431 1810
1431 1813
1431 1816
1431 1819
1431 1823
1431 1826
1431 1827
1431 1832
1431 1833
1431 1835
1431 1839
1431 1842
1431 1845
1431 1849
1431 1864
1431 1867
1431 1868
1431 1877
1431 1879
1431 1886
1431 1888
1431 1898
1431 1900
1431 1902
1431 1905
1432 107
1432 896
1432 957
1432 989
1432 1019
1432 1021
1432 1036
1432 1060
1432 1067
1432 1082
1432 1100
1432 1104
1432 1115
1432 1158
1432 1190
1432 1192
1432 1204
1432 1221
1432 1229
1432 1231
1432 1235
1432 1257
1432 1273
1432 1277
1432 1279
1432 1322
1432 1345
1432 1347
1432 1350
1432 1392
1432 1413
1432 1438
1432 1462
1432 1479
1432 1495
1432 1573
1432 1578
1432 1583
1432 1596
1432 1611
1432 1628
1432 1635
1432 1647
1432 1661
1432 1680
1432 1715
1432 1716
1432 1824
1432 1841
1432 1857
1432 1859
1432 1862
1432 1875
1432 1899
1432 1903
1433 107
1433 908
1433 970
1433 1033
1433 1136
1433 1174
1433 1274
1433 1307
1433 1325
1433 1360
1433 1410
1433 1421
1433 1494
1433 1511
1433 1567
1433 1615
1433 1687
1433 1698
1433 1705
1433 1708
1433 1806
1433 1825
1433 1866
1434 107
1434 1055
1434 1266
1434 1431
1434 1441
1434 1460
1434 1544
1434 1564
1434 1585
1434 1590
1434 1666
1434 1779
1434 1822
1434 1846
1434 1860
1435 107
1435 475
1435 526
1435 566
1435 968
1435 978
1435 994
1435 1003
1435 1004
1435 1054
1435 1059
1435 1062
1435 1146
1435 1147
1435 1159
1435 1184
1435 1217
1435 1250
1435 1258
1435 1327
1435 1334
1435 1338
1435 1343
1435 1350
1435 1364
1435 1366
1435 1390
1435 1427
1435 1444
1435 1473
1435 1492
1435 1523
1435 1525
1435 1539
1435 1540
1435 1569
1435 1584
1435 1597
1435 1600
1435 1622
1435 1630
1435 1652
1435 1683
1435 1699
1435 1717
1435 1729
1435 1746
1435 1800
1435 1807
1435 1818
1435 1819
1435 1827
1435 1867
1435 1877
1435 1894
1435 1897
1436 107
1436 606
1436 637
1436 641
1436 909
1436 913
1436 917
1436 968
1436 1012
1436 1052
1436 1062
1436 1068
1436 1086
1436 1104
1436 1128
1436 1177
1436 1183
1436 1223
1436 1235
1436 1343
1436 1444
1436 1472
1436 1575
1436 1583
1436 1620
1436 1686
1436 1699
1436 1727
1436 1794
1436 1881
1437 107
1437 999
1437 1004
1437 1006
1437 1017
1437 1074
1437 1078
1437 1080
1437 1092
1437 1107
1437 1124
1437 1125
1437 1156
1437 1199
1437 1211
1437 1214
1437 1219
1437 1222
1437 1230
1437 1289
1437 1291
1437 1335
1437 1337
1437 1341
1437 1351
1437 1352
1437 1398
1437 1399
1437 1419
1437 1440
1437 1551
1437 1594
1437 1605
1437 1626
1437 1662
1437 1663
1437 1702
1437 1707
1437 1721
1437 1730
1437 1736
1437 1741
1437 1780
1437 1793
1437 1813
1437 1816
1437 1827
1437 1839
1437 1843
1437 1845
1437 1849
1437 1858
1437 1864
1437 1902
1437 1909
1437 1911
1438 107
1438 896
1438 902
1438 957
1438 975
1438 981
1438 988
1438 1067
1438 1082
1438 1129
1438 1148
1438 1192
1438 1235
1438 1277
1438 1292
1438 1298
1438 1315
1438 1322
1438 1345
1438 1347
1438 1379
1438 1423
1438 1432
1438 1459
1438 1462
1438 1573
1438 1583
1438 1587
1438 1592
1438 1611
1438 1628
1438 1636
1438 1859
1438 1899
1439 107
1439 978
1439 999
1439 1126
1439 1185
1439 1199
1439 1211
1439 1222
1439 1269
1439 1352
1439 1431
1439 1471
1439 1559
1439 1589
1439 1610
1439 1613
1439 1621
1439 1623
1439 1757
1439 1804
1439 1888
1440 107
1440 932
1440 978
1440 1123
1440 1124
1440 1305
1440 1361
1440 1419
1440 1437
1440 1523
1440 1537
1440 1590
1440 1594
1440 1626
1440 1639
1440 1702
1440 1718
1440 1780
1440 1805
1440 1817
1440 1843
1440 1852
1440 1858
1440 1863
1440 1865
1440 1883
1440 1909
1440 1911
1441 107
1441 967
1441 1050
1441 1055
1441 1197
1441 1266
1441 1337
1441 1431
1441 1434
1441 1544
1441 1564
1441 1585
1441 1666
1441 1779
1441 1822
1441 1905
1442 107
1442 899
1442 1024
1442 1133
1442 1471
1443 107
1443 1064
1443 1212
1443 1234
1443 1356
1443 1453
1443 1531
1443 1831
1443 1910
1444 107
1444 526
1444 606
1444 913
1444 917
1444 968
1444 1051
1444 1052
1444 1062
1444 1159
1444 1183
1444 1217
1444 1258
1444 1343
1444 1366
1444 1409
1444 1435
1444 1436
1444 1472
1444 1500
1444 1536
1444 1540
1444 1569
1444 1620
1444 1630
1444 1699
1444 1703
1444 1713
1444 1738
1444 1783
1444 1807
1444 1876
1445 107
1445 950
1445 951
1445 1023
1445 1274
1445 1505
1445 1687
1445 1702
1445 1806
1446 107
1446 366
1446 428
1446 483
1446 517
1446 580
1446 641
1446 915
1446 930
1446 948
1446 1070
1446 1080
1446 1113
1446 1142
1446 1210
1446 1313
1446 1318
1446 1332
1446 1358
1446 1427
1446 1514
1446 1549
1446 1565
1446 1574
1446 1616
1446 1645
1446 1692
1446 1694
1446 1695
1446 1744
1446 1763
1446 1766
1446 1773
1446 1778
1446 1790
1446 1882
1447 107
1447 897
1447 920
1447 932
1447 953
1447 959
1447 960
1447 993
1447 995
1447 997
1447 1029
1447 1039
1447 1056
1447 1076
1447 1078
1447 1079
1447 1083
1447 1086
1447 1092
1447 1107
1447 1117
1447 1124
1447 1126
1447 1151
1447 1153
1447 1156
1447 1160
1447 1163
1447 1172
1447 1173
1447 1175
1447 1180
1447 1181
1447 1191
1447 1199
1447 1201
1447 1205
1447 1207
1447 1211
1447 1214
1447 1222
1447 1238
1447 1255
1447 1256
1447 1267
1447 1271
1447 1280
1447 1285
1447 1288
1447 1323
1447 1330
1447 1331
1447 1335
1447 1336
1447 1352
1447 1359
1447 1361
1447 1370
1447 1376
1447 1377
1447 1380
1447 1388
1447 1389
1447 1390
1447 1391
1447 1399
1447 1402
1447 1409
1447 1431
1447 1456
1447 1457
1447 1458
1447 1463
1447 1470
1447 1471
1447 1483
1447 1488
1447 1509
1447 1517
1447 1535
1447 1542
1447 1551
1447 1559
1447 1570
1447 1571
1447 1580
1447 1584
1447 1589
1447 1597
1447 1598
1447 1604
1447 1605
1447 1608
1447 1609
1447 1610
1447 1612
1447 1613
1447 1619
1447 1622
1447 1632
1447 1637
1447 1662
1447 1663
1447 1665
1447 1669
1447 1675
1447 1685
1447 1702
1447 1707
1447 1712
1447 1714
1447 1717
1447 1721
1447 1722
1447 1723
1447 1730
1447 1741
1447 1746
1447 1761
1447 1768
1447 1772
1447 1793
1447 1800
1447 1804
1447 1809
1447 1811
1447 1813
1447 1816
1447 1826
1447 1827
1447 1835
1447 1839
1447 1842
1447 1843
1447 1849
1447 1861
1447 1863
1447 1868
1447 1879
1447 1888
1447 1898
1447 1902
1448 107
1448 637
1448 641
1448 896
1448 902
1448 975
1448 981
1448 988
1448 994
1448 1019
1448 1021
1448 1036
1448 1044
1448 1067
1448 1070
1448 1104
1448 1120
1448 1158
1448 1190
1448 1192
1448 1227
1448 1231
1448 1235
1448 1277
1448 1279
1448 1298
1448 1322
1448 1345
1448 1347
1448 1379
1448 1404
1448 1423
1448 1426
1448 1459
1448 1462
1448 1472
1448 1475
1448 1479
1448 1573
1448 1576
1448 1591
1448 1596
1448 1611
1448 1628
1448 1636
1448 1655
1448 1691
1448 1786
1448 1790
1448 1857
1448 1873
1448 1893
1449 107
1449 897
1449 922
1449 925
1449 946
1449 947
1449 960
1449 966
1449 980
1449 1006
1449 1017
1449 1024
1449 1028
1449 1048
1449 1083
1449 1086
1449 1101
1449 1107
1449 1123
1449 1125
1449 1126
1449 1130
1449 1132
1449 1153
1449 1156
1449 1163
1449 1185
1449 1196
1449 1199
1449 1207
1449 1211
1449 1271
1449 1272
1449 1302
1449 1305
1449 1336
1449 1341
1449 1352
1449 1367
1449 1370
1449 1377
1449 1391
1449 1398
1449 1431
1449 1456
1449 1458
1449 1467
1449 1471
1449 1480
1449 1485
1449 1488
1449 1538
1449 1547
1449 1556
1449 1584
1449 1589
1449 1598
1449 1603
1449 1604
1449 1610
1449 1612
1449 1614
1449 1619
1449 1663
1449 1668
1449 1707
1449 1712
1449 1714
1449 1735
1449 1736
1449 1746
1449 1757
1449 1769
1449 1782
1449 1799
1449 1800
1449 1804
1449 1809
1449 1823
1449 1826
1449 1833
1449 1836
1449 1839
1449 1852
1449 1860
1449 1863
1449 1868
1449 1874
1449 1886
1449 1888
