1450 107
1450 990
1450 1048
1450 1140
1450 1171
1450 1411
1450 1505
1450 1534
1450 1561
1450 1656
1450 1666
1450 1678
1450 1684
1450 1726
1450 1792
1450 2968
1450 2976
1450 3011
1450 3179
1450 3245
1450 3263
1450 3278
1450 3289
1451 107
1451 917
1451 942
1451 969
1451 1014
1451 1020
1451 1066
1451 1076
1451 1099
1451 1102
1451 1243
1451 1245
1451 1261
1451 1273
1451 1282
1451 1373
1451 1396
1451 1495
1451 1502
1451 1515
1451 1582
1451 1729
1451 1732
1451 1742
1451 1783
1451 1786
1451 1794
1451 1820
1451 1824
1451 1871
1451 1894
1452 107
1452 901
1452 903
1452 938
1452 958
1452 963
1452 992
1452 1097
1452 1118
1452 1137
1452 1216
1452 1232
1452 1319
1452 1333
1452 1371
1452 1378
1452 1468
1452 1493
1452 1533
1452 1548
1452 1568
1452 1593
1452 1601
1452 1629
1452 1648
1452 1733
1452 1747
1452 1784
1452 1787
1452 1798
1452 1802
1452 1837
1452 1880
1452 1895
1453 107
1453 913
1453 914
1453 931
1453 939
1453 962
1453 1052
1453 1064
1453 1212
1453 1217
1453 1234
1453 1247
1453 1330
1453 1356
1453 1408
1453 1443
1453 1478
1453 1575
1453 1621
1453 1671
1453 1694
1453 1743
1453 1807
1453 1818
1453 1829
1453 1831
1453 1885
1453 1897
1454 107
1454 483
1454 896
1454 898
1454 917
1454 941
1454 942
1454 1014
1454 1018
1454 1020
1454 1032
1454 1066
1454 1099
1454 1102
1454 1108
1454 1148
1454 1158
1454 1204
1454 1245
1454 1261
1454 1273
1454 1277
1454 1282
1454 1284
1454 1309
1454 1316
1454 1324
1454 1373
1454 1382
1454 1396
1454 1495
1454 1502
1454 1503
1454 1515
1454 1636
1454 1661
1454 1704
1454 1706
1454 1729
1454 1732
1454 1742
1454 1751
1454 1783
1454 1786
1454 1812
1454 1820
1454 1824
1454 1828
1454 1871
1454 1875
1454 1893
1454 1894
1455 107
1455 483
1455 1473
1455 1545
1455 1654
1456 107
1456 916
1456 925
1456 934
1456 946
1456 953
1456 959
1456 960
1456 966
1456 982
1456 983
1456 997
1456 1006
1456 1017
1456 1024
1456 1040
1456 1068
1456 1078
1456 1083
1456 1086
1456 1091
1456 1101
1456 1107
1456 1117
1456 1123
1456 1125
1456 1126
1456 1130
1456 1132
1456 1153
1456 1156
1456 1163
1456 1172
1456 1175
1456 1184
1456 1185
1456 1199
1456 1201
1456 1205
1456 1207
1456 1238
1456 1250
1456 1256
1456 1269
1456 1271
1456 1280
1456 1285
1456 1287
1456 1288
1456 1302
1456 1330
1456 1331
1456 1335
1456 1336
1456 1352
1456 1361
1456 1370
1456 1380
1456 1388
1456 1390
1456 1399
1456 1402
1456 1416
1456 1420
1456 1431
1456 1447
1456 1449
1456 1457
1456 1471
1456 1480
1456 1483
1456 1488
1456 1516
1456 1524
1456 1539
1456 1542
1456 1547
1456 1556
1456 1557
1456 1559
1456 1571
1456 1580
1456 1584
1456 1589
1456 1598
1456 1603
1456 1604
1456 1605
1456 1608
1456 1610
1456 1613
1456 1614
1456 1619
1456 1621
1456 1622
1456 1652
1456 1662
1456 1663
1456 1665
1456 1668
1456 1707
1456 1712
1456 1714
1456 1717
1456 1736
1456 1741
1456 1746
1456 1752
1456 1757
1456 1761
1456 1768
1456 1772
1456 1789
1456 1793
1456 1796
1456 1800
1456 1804
1456 1809
1456 1810
1456 1816
1456 1826
1456 1832
1456 1833
1456 1839
1456 1849
1456 1868
1456 1874
1456 1879
1456 1886
1456 1888
1456 1898
1456 1902
1457 107
1457 959
1457 966
1457 982
1457 983
1457 1017
1457 1040
1457 1056
1457 1068
1457 1078
1457 1083
1457 1086
1457 1091
1457 1107
1457 1125
1457 1153
1457 1175
1457 1199
1457 1238
1457 1256
1457 1271
1457 1285
1457 1288
1457 1331
1457 1370
1457 1380
1457 1390
1457 1391
1457 1399
1457 1431
1457 1447
1457 1456
1457 1471
1457 1488
1457 1491
1457 1547
1457 1584
1457 1598
1457 1600
1457 1605
1457 1610
1457 1612
1457 1619
1457 1621
1457 1622
1457 1663
1457 1665
1457 1707
1457 1712
1457 1714
1457 1746
1457 1757
1457 1800
1457 1809
1457 1816
1457 1826
1457 1832
1457 1833
1457 1839
1457 1868
1457 1888
1457 1898
1458 107
1458 897
1458 922
1458 995
1458 1024
1458 1084
1458 1107
1458 1123
1458 1124
1458 1130
1458 1211
1458 1256
1458 1361
1458 1398
1458 1409
1458 1447
1458 1449
1458 1467
1458 1480
1458 1488
1458 1590
1458 1665
1458 1718
1458 1768
1458 1769
1458 1774
1458 1782
1458 1805
1458 1817
1458 1845
1458 1846
1458 1852
1458 1863
1459 107
1459 641
1459 896
1459 902
1459 957
1459 975
1459 981
1459 984
1459 988
1459 994
1459 1009
1459 1014
1459 1015
1459 1019
1459 1020
1459 1021
1459 1036
1459 1044
1459 1060
1459 1066
1459 1067
1459 1082
1459 1100
1459 1102
1459 1120
1459 1129
1459 1148
1459 1158
1459 1190
1459 1192
1459 1204
1459 1215
1459 1221
1459 1227
1459 1229
1459 1231
1459 1235
1459 1257
1459 1277
1459 1279
1459 1282
1459 1284
1459 1286
1459 1292
1459 1298
1459 1315
1459 1322
1459 1345
1459 1347
1459 1373
1459 1379
1459 1381
1459 1392
1459 1404
1459 1423
1459 1426
1459 1438
1459 1448
1459 1462
1459 1475
1459 1479
1459 1489
1459 1495
1459 1502
1459 1515
1459 1550
1459 1573
1459 1576
1459 1583
1459 1587
1459 1591
1459 1592
1459 1596
1459 1611
1459 1628
1459 1636
1459 1647
1459 1649
1459 1655
1459 1661
1459 1680
1459 1682
1459 1691
1459 1706
1459 1715
1459 1716
1459 1720
1459 1742
1459 1783
1459 1786
1459 1841
1459 1848
1459 1857
1459 1859
1459 1862
1459 1872
1459 1873
1459 1875
1459 1887
1459 1893
1459 1899
1459 1903
1460 107
1460 897
1460 925
1460 927
1460 980
1460 993
1460 995
1460 1026
1460 1029
1460 1074
1460 1075
1460 1083
1460 1107
1460 1123
1460 1130
1460 1173
1460 1175
1460 1265
1460 1269
1460 1272
1460 1290
1460 1323
1460 1329
1460 1369
1460 1376
1460 1434
1460 1470
1460 1480
1460 1501
1460 1505
1460 1509
1460 1513
1460 1522
1460 1570
1460 1590
1460 1622
1460 1637
1460 1639
1460 1662
1460 1730
1460 1765
1460 1768
1460 1782
1460 1835
1460 1842
1460 1851
1461 107
1461 973
1461 995
1461 1165
1461 1178
1461 1369
1461 1505
1461 1758
1462 107
1462 896
1462 902
1462 941
1462 957
1462 975
1462 981
1462 988
1462 989
1462 1014
1462 1015
1462 1019
1462 1021
1462 1036
1462 1067
1462 1082
1462 1100
1462 1104
1462 1115
1462 1120
1462 1129
1462 1148
1462 1158
1462 1190
1462 1192
1462 1204
1462 1221
1462 1227
1462 1231
1462 1235
1462 1257
1462 1277
1462 1279
1462 1284
1462 1286
1462 1292
1462 1298
1462 1315
1462 1322
1462 1345
1462 1347
1462 1379
1462 1392
1462 1404
1462 1413
1462 1423
1462 1426
1462 1432
1462 1438
1462 1448
1462 1459
1462 1475
1462 1479
1462 1550
1462 1573
1462 1576
1462 1578
1462 1583
1462 1587
1462 1591
1462 1596
1462 1611
1462 1628
1462 1635
1462 1636
1462 1647
1462 1655
1462 1680
1462 1691
1462 1715
1462 1716
1462 1720
1462 1728
1462 1764
1462 1790
1462 1841
1462 1857
1462 1859
1462 1862
1462 1872
1462 1873
1462 1884
1462 1899
1462 1903
1463 107
1463 1086
1463 1358
1463 1447
1463 1675
1463 1741
1463 1789
1463 1804
1463 1833
1463 1888
1464 107
1464 483
1464 637
1464 907
1464 930
1464 948
1464 1025
1464 1080
1464 1113
1464 1142
1464 1237
1464 1294
1464 1318
1464 1332
1464 1427
1464 1429
1464 1487
1464 1526
1464 1660
1464 1677
1464 1695
1464 1766
1464 1794
1464 1844
1464 1853
1464 1878
1465 107
1465 908
1465 1013
1465 1074
1465 1077
1465 1171
1465 1361
1465 1483
1465 1577
1465 1702
1465 1718
1465 1883
1465 1912
1465 1920
1465 1941
1465 1945
1465 1948
1465 1959
1465 2007
1465 2028
1465 2032
1465 2042
1465 2047
1465 2053
1465 2054
1465 2065
1465 2068
1465 2081
1465 2087
1465 2102
1465 2111
1465 2117
1465 2125
1465 2128
1465 2132
1465 2134
1465 2135
1465 2138
1465 2148
1465 2149
1465 2153
1465 2169
1465 2180
1465 2183
1465 2187
1465 2191
1465 2194
1465 2196
1465 2198
1465 2199
1465 2203
1465 2223
1465 2239
1465 2247
1465 2250
1465 2264
1465 2266
1465 2267
1465 2268
1465 2279
1465 2282
1465 2283
1465 2285
1465 2289
1465 2292
1465 2293
1465 2302
1465 2315
1465 2319
1465 2327
1465 2328
1465 2332
1465 2333
1465 2336
1465 2338
1465 2347
1465 2351
1465 2368
1465 2372
1465 2384
1465 2385
1465 2398
1465 2399
1465 2420
1465 2458
1465 2491
1465 2496
1465 2501
1465 2508
1465 2509
1465 2510
1465 2512
1465 2516
1465 2530
1465 2533
1465 2542
1465 2543
1465 2547
1465 2555
1465 2567
1465 2592
1465 2597
1465 2598
1465 2608
1465 2629
1465 2642
1465 2643
1465 2649
1466 107
1467 107
1467 897
1467 921
1467 922
1467 927
1467 934
1467 946
1467 947
1467 952
1467 967
1467 980
1467 991
1467 993
1467 1004
1467 1017
1467 1028
1467 1048
1467 1059
1467 1076
1467 1078
1467 1086
1467 1107
1467 1123
1467 1126
1467 1128
1467 1130
1467 1132
1467 1135
1467 1146
1467 1149
1467 1175
1467 1185
1467 1195
1467 1196
1467 1198
1467 1199
1467 1211
1467 1255
1467 1267
1467 1269
1467 1272
1467 1291
1467 1302
1467 1305
1467 1312
1467 1329
1467 1334
1467 1339
1467 1341
1467 1352
1467 1371
1467 1376
1467 1377
1467 1389
1467 1390
1467 1391
1467 1398
1467 1399
1467 1405
1467 1416
1467 1420
1467 1431
1467 1449
1467 1458
1467 1480
1467 1488
1467 1491
1467 1509
1467 1516
1467 1520
1467 1522
1467 1528
1467 1539
1467 1551
1467 1554
1467 1559
1467 1584
1467 1589
1467 1590
1467 1597
1467 1598
1467 1603
1467 1612
1467 1613
1467 1614
1467 1617
1467 1621
1467 1623
1467 1637
1467 1639
1467 1643
1467 1662
1467 1663
1467 1669
1467 1685
1467 1707
1467 1714
1467 1730
1467 1734
1467 1735
1467 1746
1467 1750
1467 1757
1467 1761
1467 1765
1467 1768
1467 1769
1467 1782
1467 1791
1467 1799
1467 1800
1467 1804
1467 1805
1467 1823
1467 1827
1467 1833
1467 1835
1467 1839
1467 1843
1467 1846
1467 1851
1467 1867
1467 1886
1467 1888
1468 107
1468 901
1468 903
1468 938
1468 958
1468 963
1468 992
1468 1097
1468 1118
1468 1137
1468 1216
1468 1232
1468 1319
1468 1333
1468 1371
1468 1378
1468 1452
1468 1493
1468 1533
1468 1548
1468 1568
1468 1601
1468 1648
1468 1733
1468 1787
1468 1798
1468 1802
1468 1837
1468 1880
1468 1892
1468 1895
1469 107
1469 389
1469 917
1469 924
1469 940
1469 944
1469 964
1469 1005
1469 1011
1469 1037
1469 1041
1469 1062
1469 1070
1469 1109
1469 1139
1469 1189
1469 1213
1469 1226
1469 1236
1469 1246
1469 1259
1469 1260
1469 1275
1469 1299
1469 1338
1469 1348
1469 1354
1469 1362
1469 1373
1469 1415
1469 1428
1469 1472
1469 1482
1469 1496
1469 1504
1469 1507
1469 1536
1469 1541
1469 1624
1469 1633
1469 1634
1469 1664
1469 1667
1469 1672
1469 1703
1469 1709
1469 1725
1469 1739
1469 1770
1469 1783
1469 1815
1469 1866
1469 1869
1469 1876
1469 1889
1469 1904
1469 1906
1470 107
1470 897
1470 953
1470 993
1470 995
1470 997
1470 1029
1470 1058
1470 1074
1470 1083
1470 1084
1470 1117
1470 1124
1470 1126
1470 1135
1470 1153
1470 1156
1470 1160
1470 1173
1470 1180
1470 1191
1470 1201
1470 1205
1470 1219
1470 1238
1470 1256
1470 1280
1470 1288
1470 1323
1470 1331
1470 1359
1470 1361
1470 1377
1470 1388
1470 1389
1470 1391
1470 1409
1470 1431
1470 1447
1470 1460
1470 1483
1470 1509
1470 1519
1470 1535
1470 1551
1470 1553
1470 1559
1470 1563
1470 1570
1470 1590
1470 1604
1470 1605
1470 1609
1470 1620
1470 1637
1470 1663
1470 1669
1470 1675
1470 1717
1470 1730
1470 1741
1470 1768
1470 1791
1470 1811
1470 1813
1470 1826
1470 1835
1470 1843
1470 1861
1470 1868
1470 1888
1471 107
1471 906
1471 916
1471 921
1471 925
1471 934
1471 947
1471 953
1471 960
1471 966
1471 978
1471 993
1471 997
1471 999
1471 1004
1471 1006
1471 1017
1471 1024
1471 1028
1471 1047
1471 1048
1471 1059
1471 1078
1471 1079
1471 1083
1471 1086
1471 1091
1471 1101
1471 1107
1471 1123
1471 1125
1471 1126
1471 1130
1471 1132
1471 1133
1471 1146
1471 1153
1471 1163
1471 1172
1471 1175
1471 1180
1471 1184
1471 1185
1471 1198
1471 1199
1471 1201
1471 1207
1471 1211
1471 1214
1471 1222
1471 1238
1471 1242
1471 1255
1471 1256
1471 1269
1471 1271
1471 1278
1471 1285
1471 1287
1471 1288
1471 1289
1471 1291
1471 1302
1471 1305
1471 1329
1471 1330
1471 1331
1471 1334
1471 1335
1471 1339
1471 1341
1471 1352
1471 1367
1471 1369
1471 1370
1471 1376
1471 1377
1471 1390
1471 1398
1471 1399
1471 1416
1471 1431
1471 1439
1471 1442
1471 1447
1471 1449
1471 1456
1471 1457
1471 1480
1471 1483
1471 1488
1471 1491
1471 1509
1471 1516
1471 1530
1471 1538
1471 1547
1471 1551
1471 1554
1471 1556
1471 1559
1471 1561
1471 1563
1471 1580
1471 1584
1471 1589
1471 1590
1471 1597
1471 1598
1471 1600
1471 1603
1471 1604
1471 1605
1471 1610
1471 1612
1471 1613
1471 1614
1471 1619
1471 1621
1471 1623
1471 1637
1471 1643
1471 1652
1471 1659
1471 1662
1471 1663
1471 1668
1471 1675
1471 1683
1471 1707
1471 1712
1471 1714
1471 1717
1471 1730
1471 1735
1471 1736
1471 1741
1471 1746
1471 1752
1471 1753
1471 1757
1471 1761
1471 1768
1471 1772
1471 1789
1471 1793
1471 1799
1471 1800
1471 1804
1471 1809
1471 1816
1471 1821
1471 1823
1471 1826
1471 1827
1471 1832
1471 1833
1471 1835
1471 1839
1471 1842
1471 1849
1471 1863
1471 1868
1471 1879
1471 1886
1471 1888
1471 1898
1471 1902
1471 1909
1472 107
1472 389
1472 917
1472 924
1472 940
1472 944
1472 949
1472 1010
1472 1011
1472 1035
1472 1037
1472 1041
1472 1051
1472 1052
1472 1070
1472 1072
1472 1091
1472 1109
1472 1121
1472 1127
1472 1131
1472 1139
1472 1159
1472 1166
1472 1167
1472 1168
1472 1183
1472 1188
1472 1189
1472 1221
1472 1225
1472 1226
1472 1236
1472 1244
1472 1259
1472 1260
1472 1275
1472 1296
1472 1299
1472 1306
1472 1308
1472 1310
1472 1311
1472 1338
1472 1348
1472 1355
1472 1366
1472 1415
1472 1418
1472 1428
1472 1436
1472 1444
1472 1448
1472 1469
1472 1482
1472 1496
1472 1500
1472 1504
1472 1507
1472 1525
1472 1529
1472 1536
1472 1541
1472 1569
1472 1575
1472 1624
1472 1630
1472 1633
1472 1634
1472 1650
1472 1667
1472 1672
1472 1681
1472 1686
1472 1699
1472 1703
1472 1709
1472 1725
1472 1727
1472 1738
1472 1770
1472 1781
1472 1783
1472 1807
1472 1815
1472 1847
1472 1869
1472 1876
1472 1904
1472 1906
1473 107
1473 389
1473 483
1473 637
1473 651
1473 975
1473 994
1473 1014
1473 1032
1473 1051
1473 1064
1473 1066
1473 1070
1473 1080
1473 1104
1473 1113
1473 1152
1473 1159
1473 1217
1473 1237
1473 1258
1473 1275
1473 1304
1473 1334
1473 1338
1473 1343
1473 1355
1473 1358
1473 1366
1473 1399
1473 1427
1473 1435
1473 1455
1473 1487
1473 1502
1473 1525
1473 1536
1473 1545
1473 1569
1473 1574
1473 1584
1473 1630
1473 1654
1473 1673
1473 1699
1473 1703
1473 1709
1473 1738
1473 1762
1473 1767
1473 1786
1473 1807
1473 1818
1473 1901
1474 107
1474 1000
1474 1134
1474 1840
1475 107
1475 353
1475 483
1475 637
1475 641
1475 896
1475 957
1475 975
1475 981
1475 1009
1475 1019
1475 1020
1475 1021
1475 1036
1475 1060
1475 1067
1475 1082
1475 1100
1475 1102
1475 1104
1475 1120
1475 1129
1475 1148
1475 1190
1475 1204
1475 1215
1475 1227
1475 1231
1475 1235
1475 1261
1475 1277
1475 1279
1475 1282
1475 1284
1475 1292
1475 1298
1475 1322
1475 1345
1475 1347
1475 1379
1475 1381
1475 1392
1475 1404
1475 1413
1475 1426
1475 1448
1475 1459
1475 1462
1475 1479
1475 1502
1475 1573
1475 1576
1475 1591
1475 1596
1475 1611
1475 1628
1475 1636
1475 1649
1475 1661
1475 1682
1475 1691
1475 1706
1475 1715
1475 1716
1475 1742
1475 1786
1475 1790
1475 1818
1475 1862
1475 1887
1475 1893
1475 1899
1476 107
1476 1150
1476 1527
1476 1642
1476 1670
1477 107
1477 920
1477 1283
1477 1505
1477 1585
1477 1641
1477 1666
1477 1792
1477 1909
1478 107
1478 939
1478 1064
1478 1212
1478 1342
1478 1356
1478 1372
1478 1425
1478 1453
1478 1545
1478 1566
1478 1671
1478 1694
1478 1743
1478 1829
1478 1831
1478 1910
1479 107
1479 637
1479 896
1479 902
1479 954
1479 957
1479 975
1479 981
1479 988
1479 994
1479 1015
1479 1018
1479 1019
1479 1021
1479 1036
1479 1060
1479 1067
1479 1100
1479 1104
1479 1120
1479 1129
1479 1148
1479 1158
1479 1190
1479 1192
1479 1204
1479 1221
1479 1227
1479 1235
1479 1257
1479 1277
1479 1279
1479 1284
1479 1292
1479 1298
1479 1315
1479 1322
1479 1345
1479 1347
1479 1379
1479 1392
1479 1404
1479 1413
1479 1423
1479 1426
1479 1432
1479 1448
1479 1459
1479 1462
1479 1475
1479 1502
1479 1515
1479 1573
1479 1576
1479 1578
1479 1583
1479 1587
1479 1595
1479 1596
1479 1611
1479 1628
1479 1636
1479 1655
1479 1661
1479 1680
1479 1682
1479 1691
1479 1715
1479 1716
1479 1720
1479 1786
1479 1790
1479 1830
1479 1841
1479 1857
1479 1859
1479 1862
1479 1871
1479 1872
1479 1873
1479 1884
1479 1893
1479 1899
1479 1903
1480 107
1480 897
1480 906
1480 922
1480 946
1480 960
1480 967
1480 997
1480 1003
1480 1004
1480 1006
1480 1017
1480 1024
1480 1076
1480 1083
1480 1086
1480 1101
1480 1123
1480 1125
1480 1126
1480 1130
1480 1132
1480 1153
1480 1163
1480 1172
1480 1175
1480 1199
1480 1201
1480 1207
1480 1211
1480 1214
1480 1242
1480 1256
1480 1269
1480 1271
1480 1305
1480 1337
1480 1370
1480 1390
1480 1398
1480 1416
1480 1431
1480 1449
1480 1456
1480 1458
1480 1460
1480 1467
1480 1471
1480 1488
1480 1501
1480 1513
1480 1556
1480 1590
1480 1598
1480 1600
1480 1610
1480 1612
1480 1614
1480 1619
1480 1620
1480 1621
1480 1639
1480 1652
1480 1653
1480 1662
1480 1666
1480 1668
1480 1712
1480 1721
1480 1752
1480 1757
1480 1758
1480 1765
1480 1768
1480 1774
1480 1782
1480 1789
1480 1800
1480 1804
1480 1805
1480 1809
1480 1816
1480 1821
1480 1833
1480 1839
1480 1849
1480 1851
1480 1858
1480 1863
1480 1874
1480 1879
1480 1886
1480 1888
1481 107
1481 917
1481 1051
1481 1159
1481 1167
1481 1241
1481 1246
1481 1366
1481 1373
1481 1503
1481 1569
1481 1591
1481 1633
1481 1749
1481 1783
1481 1828
1481 1876
1482 107
1482 924
1482 964
1482 977
1482 1011
1482 1037
1482 1041
1482 1052
1482 1070
1482 1072
1482 1109
1482 1121
1482 1139
1482 1169
1482 1188
1482 1189
1482 1217
1482 1226
1482 1236
1482 1246
1482 1259
1482 1275
1482 1299
1482 1311
1482 1338
1482 1348
1482 1366
1482 1415
1482 1428
1482 1469
1482 1472
1482 1496
1482 1504
1482 1525
1482 1529
1482 1536
1482 1541
1482 1624
1482 1630
1482 1634
1482 1650
1482 1681
1482 1703
1482 1709
1482 1770
1482 1847
1482 1869
1482 1876
1482 1904
1483 107
1483 897
1483 916
1483 932
1483 953
1483 959
1483 995
1483 997
1483 1029
1483 1056
1483 1074
1483 1083
1483 1086
1483 1117
1483 1135
1483 1153
1483 1156
1483 1160
1483 1172
1483 1173
1483 1180
1483 1201
1483 1205
1483 1214
1483 1220
1483 1238
1483 1243
1483 1256
1483 1267
1483 1271
1483 1280
1483 1289
1483 1330
1483 1331
1483 1335
1483 1359
1483 1370
1483 1377
1483 1388
1483 1402
1483 1409
1483 1420
1483 1431
1483 1447
1483 1456
1483 1465
1483 1470
1483 1471
1483 1498
1483 1517
1483 1535
1483 1551
1483 1570
1483 1571
1483 1580
1483 1584
1483 1589
1483 1597
1483 1598
1483 1604
1483 1605
1483 1609
1483 1613
1483 1619
1483 1621
1483 1632
1483 1637
1483 1663
1483 1665
1483 1669
1483 1685
1483 1707
1483 1714
1483 1722
1483 1723
1483 1730
1483 1736
1483 1741
1483 1746
1483 1768
1483 1772
1483 1793
1483 1800
1483 1809
1483 1813
1483 1816
1483 1826
1483 1832
1483 1835
1483 1842
1483 1849
1483 1868
1483 1879
1483 1888
1483 1898
1483 1902
1484 107
1484 920
1484 967
1484 978
1484 980
1484 993
1484 1003
1484 1048
1484 1116
1484 1175
1484 1185
1484 1230
1484 1265
1484 1269
1484 1331
1484 1352
1484 1610
1484 1754
1484 1800
1484 1845
1484 1874
1484 1888
1485 107
1485 925
1485 946
1485 967
1485 1048
1485 1076
1485 1092
1485 1123
1485 1124
1485 1126
1485 1149
1485 1175
1485 1196
1485 1272
1485 1305
1485 1312
1485 1352
1485 1376
1485 1390
1485 1405
1485 1420
1485 1449
1485 1509
1485 1520
1485 1554
1485 1559
1485 1563
1485 1612
1485 1618
1485 1637
1485 1644
1485 1659
1485 1718
1485 1730
1485 1735
1485 1753
1485 1769
1485 1774
1485 1782
1485 1799
1485 1813
1485 1827
1485 1835
1485 1836
1485 1845
1485 1846
1485 1891
1486 107
1486 171
1486 1171
1486 1297
1486 1387
1487 107
1487 353
1487 376
1487 483
1487 484
1487 517
1487 526
1487 538
1487 606
1487 637
1487 651
1487 905
1487 913
1487 915
1487 948
1487 953
1487 962
1487 968
1487 1001
1487 1025
1487 1029
1487 1080
1487 1095
1487 1114
1487 1155
1487 1160
1487 1173
1487 1217
1487 1222
1487 1237
1487 1238
1487 1332
1487 1357
1487 1374
1487 1377
1487 1397
1487 1400
1487 1422
1487 1427
1487 1429
1487 1464
1487 1473
1487 1497
1487 1536
1487 1543
1487 1545
1487 1574
1487 1604
1487 1620
1487 1646
1487 1660
1487 1675
1487 1677
1487 1692
1487 1744
1487 1794
1487 1813
1487 1844
1487 1853
1487 1881
1487 1885
1487 1897
1487 1910
1488 107
1488 932
1488 946
1488 953
1488 960
1488 966
1488 972
1488 978
1488 982
1488 983
1488 995
1488 1003
1488 1006
1488 1024
1488 1059
1488 1063
1488 1068
1488 1069
1488 1078
1488 1083
1488 1086
1488 1101
1488 1107
1488 1117
1488 1123
1488 1124
1488 1125
1488 1126
1488 1130
1488 1132
1488 1153
1488 1156
1488 1160
1488 1163
1488 1184
1488 1185
1488 1191
1488 1198
1488 1199
1488 1205
1488 1207
1488 1211
1488 1230
1488 1238
1488 1250
1488 1256
1488 1271
1488 1272
1488 1280
1488 1285
1488 1288
1488 1291
1488 1293
1488 1302
1488 1305
1488 1330
1488 1331
1488 1335
1488 1336
1488 1341
1488 1352
1488 1359
1488 1361
1488 1367
1488 1370
1488 1377
1488 1380
1488 1390
1488 1391
1488 1398
1488 1399
1488 1402
1488 1409
1488 1431
1488 1447
1488 1449
1488 1456
1488 1457
1488 1458
1488 1467
1488 1471
1488 1480
1488 1516
1488 1522
1488 1530
1488 1539
1488 1542
1488 1547
1488 1554
1488 1557
1488 1559
1488 1584
1488 1598
1488 1604
1488 1605
1488 1610
1488 1619
1488 1621
1488 1662
1488 1663
1488 1665
1488 1668
1488 1689
1488 1707
1488 1712
1488 1714
1488 1717
1488 1722
1488 1737
1488 1741
1488 1746
1488 1752
1488 1768
1488 1782
1488 1789
1488 1793
1488 1800
1488 1804
1488 1809
1488 1810
1488 1813
1488 1816
1488 1823
1488 1826
1488 1827
1488 1832
1488 1833
1488 1836
1488 1839
1488 1845
1488 1863
1488 1868
1488 1879
1488 1888
1488 1898
1489 107
1489 971
1489 1032
1489 1204
1489 1215
1489 1273
1489 1429
1489 1459
1489 1495
1489 1502
1489 1503
1489 1515
1489 1591
1489 1649
1489 1661
1489 1704
1489 1706
1489 1729
1489 1783
1489 1794
1489 1850
1489 1893
1490 107
1490 366
1490 483
1490 606
1490 1155
1490 1358
1490 1616
1490 1631
1490 1673
1491 107
1491 925
1491 934
1491 946
1491 947
1491 952
1491 966
1491 978
1491 980
1491 982
1491 993
1491 999
1491 1004
1491 1017
1491 1024
1491 1028
1491 1059
1491 1076
1491 1078
1491 1079
1491 1107
1491 1125
1491 1126
1491 1128
1491 1146
1491 1153
1491 1181
1491 1184
1491 1185
1491 1191
1491 1198
1491 1199
1491 1211
1491 1230
1491 1242
1491 1250
1491 1267
1491 1269
1491 1272
1491 1288
1491 1289
1491 1291
1491 1302
1491 1335
1491 1336
1491 1339
1491 1340
1491 1341
1491 1344
1491 1352
1491 1365
1491 1367
1491 1376
1491 1377
1491 1390
1491 1391
1491 1399
1491 1416
1491 1420
1491 1431
1491 1457
1491 1467
1491 1471
1491 1516
1491 1522
1491 1530
1491 1532
1491 1538
1491 1539
1491 1547
1491 1551
1491 1557
1491 1559
1491 1572
1491 1584
1491 1589
1491 1597
1491 1603
1491 1608
1491 1612
1491 1613
1491 1617
1491 1621
1491 1622
1491 1623
1491 1644
1491 1653
1491 1662
1491 1663
1491 1668
1491 1669
1491 1678
1491 1689
1491 1707
1491 1712
1491 1714
1491 1721
1491 1730
1491 1735
1491 1736
1491 1737
1491 1746
1491 1750
1491 1752
1491 1761
1491 1789
1491 1791
1491 1793
1491 1795
1491 1799
1491 1800
1491 1804
1491 1810
1491 1813
1491 1823
1491 1826
1491 1827
1491 1833
1491 1839
1491 1842
1491 1849
1491 1864
1491 1867
1491 1879
1491 1888
1492 107
1492 483
1492 994
1492 1148
1492 1194
1492 1217
1492 1258
1492 1284
1492 1334
1492 1343
1492 1366
1492 1435
1492 1569
1493 107
1493 901
1493 903
1493 938
1493 958
1493 963
1493 1097
1493 1118
1493 1137
1493 1216
1493 1319
1493 1333
1493 1363
1493 1378
1493 1452
1493 1468
1493 1548
1493 1568
1493 1601
1493 1648
1493 1733
1493 1787
1493 1798
1493 1837
1493 1880
1493 1895
1494 107
1494 900
1494 928
1494 950
1494 1061
1494 1085
1494 1136
1494 1144
1494 1174
1494 1307
1494 1328
1494 1360
1494 1410
1494 1421
1494 1433
1494 1511
1494 1555
1494 1567
1494 1588
1494 1593
1494 1615
1494 1676
1494 1687
1494 1705
1494 1803
1494 1825
1495 107
1495 483
1495 896
1495 919
1495 942
1495 954
1495 971
1495 984
1495 1014
1495 1015
1495 1018
1495 1020
1495 1021
1495 1032
1495 1066
1495 1081
1495 1099
1495 1102
1495 1104
1495 1108
1495 1158
1495 1166
1495 1170
1495 1204
1495 1215
1495 1245
1495 1261
1495 1281
1495 1282
1495 1303
1495 1309
1495 1324
1495 1345
1495 1347
1495 1373
1495 1382
1495 1396
1495 1406
1495 1413
1495 1432
1495 1451
1495 1454
1495 1459
1495 1489
1495 1502
1495 1508
1495 1515
1495 1573
1495 1583
1495 1591
1495 1595
1495 1649
1495 1661
1495 1706
1495 1715
1495 1729
1495 1732
1495 1751
1495 1783
1495 1786
1495 1812
1495 1820
1495 1824
1495 1871
1495 1893
1495 1894
1495 1907
1496 107
1496 389
1496 924
1496 1010
1496 1035
1496 1041
1496 1051
1496 1052
1496 1070
1496 1106
1496 1109
1496 1121
1496 1159
1496 1189
1496 1213
1496 1226
1496 1259
1496 1275
1496 1296
1496 1311
1496 1338
1496 1348
1496 1355
1496 1366
1496 1385
1496 1415
1496 1469
1496 1472
1496 1482
1496 1504
1496 1507
1496 1525
1496 1529
1496 1536
1496 1541
1496 1545
1496 1569
1496 1574
1496 1624
1496 1630
1496 1681
1496 1703
1496 1709
1496 1727
1496 1745
1496 1770
1496 1847
1496 1904
1497 107
1497 913
1497 939
1497 1064
1497 1135
1497 1212
1497 1222
1497 1238
1497 1243
1497 1356
1497 1377
1497 1487
1497 1566
1497 1599
1497 1604
1497 1620
1497 1646
1497 1671
1497 1675
1497 1683
1497 1731
1497 1743
1497 1761
1497 1813
1497 1814
1497 1831
1497 1881
1497 1885
1497 1910
1498 107
1498 1220
1498 1483
1498 1537
1498 1571
1498 1827
1499 107
1499 956
1499 979
1499 1016
1499 1138
1499 1177
1499 1218
1499 1403
1499 1546
1499 1552
1499 1562
1499 1889
