150 0
150 64
150 100
150 119
150 128
150 163
150 171
150 189
150 217
150 324
150 329
151 0
151 14
151 28
151 41
151 144
151 310
151 312
152 0
152 4
152 181
152 275
152 339
153 0
153 280
154 0
154 219
155 0
155 23
155 157
156 0
156 5
156 9
156 67
156 85
156 122
156 136
156 188
156 235
156 258
156 272
156 295
157 0
157 124
157 155
158 0
158 5
158 22
158 25
158 26
158 40
158 60
158 67
158 82
158 109
158 113
158 132
158 142
158 168
158 232
158 242
158 248
158 291
158 304
158 315
158 317
158 322
158 325
158 332
158 339
159 0
159 21
159 108
159 127
159 139
159 172
159 184
159 197
159 272
159 277
159 281
159 284
159 320
159 345
160 0
160 260
161 0
161 9
161 21
161 26
161 39
161 56
161 62
161 67
161 87
161 118
161 122
161 142
161 199
161 203
161 213
161 252
161 258
161 271
161 277
161 304
161 308
161 314
161 322
161 325
161 339
162 0
162 20
162 116
162 149
162 312
162 326
162 333
162 343
163 0
163 100
163 119
163 150
163 173
163 249
164 0
164 88
164 285
165 0
165 21
165 39
165 72
165 113
165 121
165 169
165 188
165 200
165 334
165 342
166 0
166 173
166 198
166 202
167 0
167 32
167 93
167 137
167 243
167 310
167 337
168 0
168 7
168 22
168 31
168 129
168 158
168 277
168 291
168 304
168 339
168 347
169 0
169 5
169 9
169 10
169 21
169 25
169 26
169 40
169 56
169 67
169 82
169 103
169 104
169 106
169 109
169 113
169 121
169 122
169 125
169 128
169 136
169 142
169 165
169 185
169 236
169 239
169 248
169 252
169 257
169 271
169 277
169 280
169 291
169 315
169 318
169 322
169 332
169 334
170 0
170 3
170 9
170 21
170 25
170 26
170 55
170 56
170 62
170 67
170 75
170 82
170 85
170 98
170 119
170 122
170 124
170 128
170 142
170 176
170 185
170 186
170 188
170 200
170 203
170 211
170 223
170 239
170 250
170 252
170 260
170 268
170 271
170 274
170 277
170 285
170 290
170 304
170 313
170 315
170 322
170 323
170 332
170 334
170 341
170 342
171 0
171 58
171 64
171 107
171 119
171 150
171 189
171 217
171 904
171 1171
171 1193
171 1297
171 1387
171 1486
171 1549
171 1684
171 2704
171 2740
171 2838
171 2885
171 3003
171 3290
172 0
172 13
172 16
172 26
172 29
172 40
172 56
172 59
172 72
172 82
172 98
172 103
172 113
172 118
172 128
172 141
172 159
172 199
172 203
172 211
172 212
172 223
172 231
172 232
172 238
172 239
172 252
172 261
172 265
172 268
172 271
172 277
172 298
172 304
172 308
172 313
172 325
172 329
172 331
172 332
172 342
173 0
173 34
173 80
173 163
173 166
173 202
173 348
173 414
173 427
173 464
173 549
173 649
174 0
174 19
174 112
174 293
175 0
175 19
175 23
175 46
175 68
175 86
175 99
175 102
175 143
175 177
175 225
175 227
175 263
175 277
175 278
175 296
175 321
176 0
176 9
176 25
176 26
176 85
176 119
176 122
176 128
176 148
176 170
176 188
176 239
176 271
176 290
177 0
177 46
177 68
177 86
177 99
177 131
177 143
177 175
177 225
177 227
177 278
178 0
178 30
178 38
178 88
178 186
178 206
178 213
178 231
178 272
178 303
178 322
178 329
178 345
179 0
179 90
179 145
180 0
180 5
180 24
180 48
180 53
180 80
180 92
180 94
180 101
180 187
180 194
180 196
180 204
180 242
180 249
180 254
180 266
180 299
180 302
180 346
181 0
181 4
181 78
181 152
181 195
181 218
181 273
181 275
181 306
181 328
182 0
182 97
182 253
183 0
183 133
184 0
184 21
184 36
184 57
184 108
184 127
184 135
184 139
184 159
184 197
184 251
184 272
184 281
184 284
184 309
184 320
184 329
184 346
185 0
185 9
185 22
185 25
185 26
185 55
185 56
185 67
185 79
185 103
185 119
185 148
185 169
185 170
185 188
185 200
185 271
185 272
185 274
185 280
185 285
185 290
185 297
185 315
185 322
185 344
186 0
186 9
186 21
186 25
186 26
186 45
186 55
186 56
186 59
186 62
186 67
186 88
186 98
186 104
186 109
186 113
186 122
186 123
186 128
186 142
186 170
186 178
186 188
186 199
186 200
186 203
186 213
186 221
186 222
186 223
186 236
186 239
186 252
186 271
186 272
186 277
186 285
186 303
186 322
186 323
186 325
186 331
186 341
186 345
187 0
187 5
187 24
187 80
187 92
187 94
187 101
187 180
187 194
187 242
187 249
187 254
187 266
187 299
187 302
187 346
188 0
188 3
188 9
188 13
188 21
188 25
188 26
188 30
188 56
188 67
188 75
188 79
188 85
188 104
188 113
188 119
188 122
188 133
188 142
188 156
188 165
188 170
188 176
188 185
188 186
188 200
188 208
188 223
188 224
188 239
188 252
188 258
188 271
188 272
188 274
188 277
188 280
188 285
188 290
188 291
188 297
188 304
188 315
188 322
188 323
188 334
188 341
188 342
189 0
189 64
189 100
189 119
189 150
189 171
189 217
190 0
190 23
190 96
190 229
191 0
191 53
191 130
192 0
192 49
192 52
192 115
192 205
193 0
193 8
193 61
193 91
193 259
194 0
194 1
194 24
194 53
194 80
194 92
194 94
194 101
194 180
194 187
194 196
194 204
194 242
194 249
194 254
194 266
194 299
194 302
194 346
195 0
195 4
195 78
195 181
195 218
195 273
195 275
195 306
195 328
196 0
196 53
196 67
196 92
196 180
196 194
196 204
196 249
196 254
196 266
196 285
196 330
196 346
197 0
197 21
197 36
197 108
197 127
197 135
197 139
197 159
197 184
197 251
197 272
197 281
197 284
197 309
197 320
197 329
198 0
198 166
198 348
198 351
198 364
198 393
198 399
198 441
198 476
198 501
198 549
198 564
199 0
199 9
199 13
199 25
199 26
199 40
199 48
199 56
199 62
199 67
199 72
199 82
199 98
199 113
199 118
199 119
199 128
199 134
199 141
199 161
199 172
199 186
199 200
199 203
199 211
199 212
199 222
199 223
199 231
199 232
199 238
199 239
199 252
199 261
199 265
199 271
199 288
199 291
199 298
199 304
199 313
199 314
199 315
199 322
199 324
199 325
199 342
