1500 107
1500 924
1500 965
1500 1010
1500 1035
1500 1051
1500 1070
1500 1159
1500 1167
1500 1170
1500 1188
1500 1225
1500 1227
1500 1228
1500 1275
1500 1299
1500 1304
1500 1355
1500 1412
1500 1444
1500 1472
1500 1504
1500 1525
1500 1536
1500 1630
1500 1633
1500 1634
1500 1686
1500 1785
1501 107
1501 1017
1501 1024
1501 1123
1501 1124
1501 1125
1501 1130
1501 1151
1501 1157
1501 1399
1501 1460
1501 1480
1501 1513
1501 1639
1501 1765
1501 1845
1501 1851
1501 1909
1502 107
1502 896
1502 917
1502 933
1502 941
1502 942
1502 954
1502 969
1502 971
1502 975
1502 981
1502 984
1502 1014
1502 1020
1502 1032
1502 1102
1502 1108
1502 1158
1502 1192
1502 1204
1502 1215
1502 1227
1502 1235
1502 1241
1502 1247
1502 1273
1502 1281
1502 1282
1502 1284
1502 1303
1502 1322
1502 1347
1502 1373
1502 1406
1502 1412
1502 1423
1502 1429
1502 1451
1502 1454
1502 1459
1502 1473
1502 1475
1502 1479
1502 1489
1502 1495
1502 1503
1502 1515
1502 1573
1502 1587
1502 1591
1502 1596
1502 1636
1502 1649
1502 1704
1502 1706
1502 1725
1502 1729
1502 1732
1502 1742
1502 1783
1502 1786
1502 1794
1502 1812
1502 1828
1502 1848
1502 1850
1502 1871
1502 1893
1502 1894
1502 1907
1503 107
1503 917
1503 933
1503 942
1503 971
1503 1020
1503 1032
1503 1158
1503 1166
1503 1204
1503 1215
1503 1241
1503 1247
1503 1273
1503 1373
1503 1429
1503 1454
1503 1481
1503 1489
1503 1502
1503 1649
1503 1706
1503 1729
1503 1783
1503 1794
1503 1828
1503 1850
1503 1894
1504 107
1504 917
1504 940
1504 944
1504 1005
1504 1011
1504 1037
1504 1041
1504 1052
1504 1066
1504 1070
1504 1072
1504 1131
1504 1139
1504 1159
1504 1166
1504 1167
1504 1188
1504 1221
1504 1225
1504 1236
1504 1246
1504 1259
1504 1260
1504 1275
1504 1296
1504 1299
1504 1306
1504 1310
1504 1338
1504 1355
1504 1366
1504 1418
1504 1469
1504 1472
1504 1482
1504 1496
1504 1500
1504 1507
1504 1525
1504 1536
1504 1541
1504 1624
1504 1630
1504 1633
1504 1634
1504 1672
1504 1699
1504 1703
1504 1709
1504 1725
1504 1770
1504 1783
1504 1785
1504 1815
1504 1876
1504 1904
1504 1906
1505 107
1505 923
1505 929
1505 961
1505 973
1505 990
1505 991
1505 996
1505 1008
1505 1087
1505 1098
1505 1140
1505 1165
1505 1193
1505 1283
1505 1317
1505 1369
1505 1384
1505 1445
1505 1450
1505 1460
1505 1461
1505 1477
1505 1528
1505 1534
1505 1552
1505 1561
1505 1593
1505 1656
1505 1666
1505 1674
1505 1684
1505 1701
1505 1758
1505 2678
1505 2725
1505 2734
1505 2760
1505 2764
1505 2826
1505 2883
1505 2964
1505 2968
1505 2976
1505 3005
1505 3011
1505 3019
1505 3020
1505 3062
1505 3079
1505 3164
1505 3165
1505 3168
1505 3205
1505 3245
1505 3258
1505 3278
1505 3386
1505 3409
1506 107
1506 363
1506 484
1506 936
1506 1001
1506 1155
1506 1512
1506 1616
1507 107
1507 389
1507 917
1507 949
1507 964
1507 1005
1507 1041
1507 1052
1507 1070
1507 1072
1507 1089
1507 1106
1507 1109
1507 1121
1507 1159
1507 1189
1507 1213
1507 1226
1507 1259
1507 1306
1507 1311
1507 1348
1507 1415
1507 1469
1507 1472
1507 1496
1507 1504
1507 1541
1507 1624
1507 1630
1507 1667
1507 1672
1507 1681
1507 1770
1507 1783
1507 1847
1507 1876
1508 107
1508 483
1508 934
1508 942
1508 1014
1508 1018
1508 1020
1508 1066
1508 1099
1508 1102
1508 1245
1508 1261
1508 1273
1508 1277
1508 1281
1508 1282
1508 1309
1508 1373
1508 1382
1508 1396
1508 1495
1508 1638
1508 1729
1508 1742
1508 1751
1508 1783
1508 1786
1508 1820
1508 1824
1508 1848
1508 1871
1508 1893
1508 1894
1509 107
1509 916
1509 921
1509 925
1509 926
1509 932
1509 934
1509 946
1509 947
1509 953
1509 967
1509 978
1509 993
1509 997
1509 1026
1509 1028
1509 1047
1509 1048
1509 1059
1509 1076
1509 1086
1509 1107
1509 1124
1509 1126
1509 1132
1509 1135
1509 1146
1509 1173
1509 1175
1509 1182
1509 1184
1509 1185
1509 1195
1509 1199
1509 1205
1509 1211
1509 1214
1509 1219
1509 1222
1509 1230
1509 1238
1509 1243
1509 1255
1509 1256
1509 1267
1509 1269
1509 1272
1509 1280
1509 1305
1509 1321
1509 1323
1509 1329
1509 1331
1509 1334
1509 1352
1509 1359
1509 1361
1509 1367
1509 1369
1509 1376
1509 1377
1509 1390
1509 1391
1509 1399
1509 1405
1509 1416
1509 1420
1509 1431
1509 1447
1509 1460
1509 1467
1509 1470
1509 1471
1509 1485
1509 1513
1509 1516
1509 1517
1509 1520
1509 1528
1509 1551
1509 1554
1509 1559
1509 1563
1509 1570
1509 1584
1509 1589
1509 1590
1509 1603
1509 1604
1509 1608
1509 1609
1509 1610
1509 1612
1509 1613
1509 1617
1509 1621
1509 1622
1509 1639
1509 1643
1509 1659
1509 1663
1509 1669
1509 1675
1509 1683
1509 1689
1509 1718
1509 1730
1509 1735
1509 1746
1509 1752
1509 1761
1509 1765
1509 1768
1509 1774
1509 1791
1509 1795
1509 1799
1509 1800
1509 1804
1509 1823
1509 1827
1509 1833
1509 1835
1509 1839
1509 1842
1509 1861
1509 1864
1509 1886
1509 1888
1509 1891
1509 1901
1510 107
1510 1650
1510 1770
1510 1778
1511 107
1511 908
1511 951
1511 970
1511 1033
1511 1085
1511 1098
1511 1136
1511 1144
1511 1174
1511 1187
1511 1274
1511 1307
1511 1325
1511 1328
1511 1360
1511 1433
1511 1494
1511 1553
1511 1555
1511 1567
1511 1615
1511 1656
1511 1676
1511 1687
1511 1698
1511 1705
1511 1806
1511 1825
1511 1866
1512 107
1512 353
1512 363
1512 366
1512 428
1512 483
1512 484
1512 517
1512 566
1512 601
1512 606
1512 637
1512 651
1512 936
1512 1001
1512 1114
1512 1179
1512 1223
1512 1237
1512 1313
1512 1320
1512 1358
1512 1374
1512 1400
1512 1506
1512 1543
1512 1616
1512 1660
1512 1673
1512 1694
1512 1740
1512 1767
1512 1790
1512 1878
1513 107
1513 897
1513 927
1513 993
1513 1003
1513 1029
1513 1048
1513 1055
1513 1075
1513 1083
1513 1123
1513 1130
1513 1175
1513 1195
1513 1222
1513 1255
1513 1265
1513 1269
1513 1272
1513 1305
1513 1312
1513 1329
1513 1376
1513 1377
1513 1398
1513 1405
1513 1420
1513 1460
1513 1480
1513 1501
1513 1509
1513 1522
1513 1528
1513 1535
1513 1584
1513 1590
1513 1621
1513 1622
1513 1637
1513 1639
1513 1718
1513 1730
1513 1765
1513 1779
1513 1782
1513 1791
1513 1835
1513 1842
1513 1846
1513 1851
1513 1852
1513 1883
1514 107
1514 353
1514 363
1514 366
1514 475
1514 483
1514 484
1514 517
1514 580
1514 606
1514 930
1514 976
1514 1080
1514 1122
1514 1142
1514 1237
1514 1300
1514 1320
1514 1349
1514 1358
1514 1446
1514 1574
1514 1602
1514 1616
1514 1645
1514 1677
1514 1679
1514 1694
1514 1740
1514 1744
1514 1801
1514 1844
1514 1878
1514 1882
1514 1893
1515 107
1515 483
1515 596
1515 896
1515 898
1515 917
1515 942
1515 954
1515 988
1515 1014
1515 1032
1515 1060
1515 1066
1515 1067
1515 1081
1515 1099
1515 1108
1515 1166
1515 1190
1515 1192
1515 1204
1515 1215
1515 1221
1515 1227
1515 1261
1515 1273
1515 1277
1515 1281
1515 1282
1515 1309
1515 1324
1515 1345
1515 1373
1515 1396
1515 1423
1515 1426
1515 1427
1515 1429
1515 1451
1515 1454
1515 1459
1515 1479
1515 1489
1515 1495
1515 1502
1515 1573
1515 1582
1515 1591
1515 1595
1515 1636
1515 1638
1515 1649
1515 1661
1515 1704
1515 1706
1515 1729
1515 1732
1515 1742
1515 1783
1515 1786
1515 1794
1515 1820
1515 1824
1515 1828
1515 1848
1515 1871
1515 1875
1515 1893
1515 1899
1516 107
1516 916
1516 921
1516 925
1516 934
1516 946
1516 947
1516 952
1516 966
1516 967
1516 978
1516 980
1516 982
1516 993
1516 999
1516 1003
1516 1004
1516 1006
1516 1017
1516 1024
1516 1028
1516 1059
1516 1076
1516 1078
1516 1079
1516 1086
1516 1101
1516 1107
1516 1117
1516 1125
1516 1126
1516 1128
1516 1132
1516 1135
1516 1149
1516 1153
1516 1163
1516 1181
1516 1184
1516 1185
1516 1191
1516 1198
1516 1199
1516 1207
1516 1211
1516 1230
1516 1242
1516 1255
1516 1256
1516 1267
1516 1269
1516 1272
1516 1287
1516 1291
1516 1293
1516 1302
1516 1305
1516 1329
1516 1331
1516 1334
1516 1335
1516 1336
1516 1340
1516 1341
1516 1351
1516 1352
1516 1361
1516 1367
1516 1370
1516 1376
1516 1377
1516 1380
1516 1390
1516 1391
1516 1399
1516 1401
1516 1416
1516 1420
1516 1431
1516 1456
1516 1467
1516 1471
1516 1488
1516 1491
1516 1509
1516 1520
1516 1522
1516 1530
1516 1539
1516 1547
1516 1551
1516 1554
1516 1557
1516 1559
1516 1570
1516 1584
1516 1589
1516 1597
1516 1598
1516 1600
1516 1603
1516 1604
1516 1608
1516 1610
1516 1612
1516 1613
1516 1614
1516 1617
1516 1619
1516 1621
1516 1622
1516 1623
1516 1643
1516 1653
1516 1662
1516 1663
1516 1665
1516 1668
1516 1669
1516 1675
1516 1689
1516 1707
1516 1712
1516 1714
1516 1717
1516 1721
1516 1730
1516 1735
1516 1736
1516 1737
1516 1741
1516 1746
1516 1750
1516 1752
1516 1757
1516 1761
1516 1768
1516 1782
1516 1789
1516 1791
1516 1793
1516 1799
1516 1800
1516 1804
1516 1810
1516 1813
1516 1816
1516 1819
1516 1823
1516 1826
1516 1827
1516 1833
1516 1835
1516 1839
1516 1849
1516 1867
1516 1868
1516 1879
1516 1888
1517 107
1517 932
1517 953
1517 995
1517 997
1517 1026
1517 1086
1517 1156
1517 1172
1517 1173
1517 1191
1517 1205
1517 1238
1517 1302
1517 1359
1517 1370
1517 1399
1517 1409
1517 1447
1517 1483
1517 1509
1517 1580
1517 1604
1517 1610
1517 1613
1517 1622
1517 1663
1517 1665
1517 1685
1517 1722
1517 1730
1517 1741
1517 1813
1517 1827
1517 1845
1517 1898
1518 107
1518 908
1518 1038
1518 1085
1518 1161
1518 1301
1518 1327
1518 1337
1518 1537
1518 1567
1518 1620
1518 1683
1518 1774
1518 1866
1519 107
1519 526
1519 897
1519 959
1519 960
1519 995
1519 1029
1519 1040
1519 1048
1519 1056
1519 1074
1519 1084
1519 1160
1519 1173
1519 1219
1519 1329
1519 1470
1519 1527
1519 1528
1519 1535
1519 1553
1519 1557
1519 1570
1519 1620
1519 1642
1519 1674
1519 1688
1519 1768
1519 1832
1519 1845
1519 1861
1519 1864
1519 1900
1520 107
1520 906
1520 921
1520 925
1520 927
1520 953
1520 967
1520 978
1520 980
1520 997
1520 1003
1520 1026
1520 1028
1520 1047
1520 1059
1520 1075
1520 1076
1520 1078
1520 1124
1520 1126
1520 1146
1520 1156
1520 1164
1520 1173
1520 1180
1520 1184
1520 1185
1520 1195
1520 1205
1520 1211
1520 1222
1520 1238
1520 1255
1520 1256
1520 1265
1520 1267
1520 1272
1520 1283
1520 1290
1520 1312
1520 1323
1520 1327
1520 1330
1520 1334
1520 1352
1520 1361
1520 1367
1520 1376
1520 1377
1520 1388
1520 1390
1520 1391
1520 1411
1520 1420
1520 1431
1520 1467
1520 1485
1520 1509
1520 1516
1520 1523
1520 1530
1520 1540
1520 1551
1520 1554
1520 1557
1520 1559
1520 1563
1520 1584
1520 1589
1520 1590
1520 1597
1520 1600
1520 1603
1520 1610
1520 1612
1520 1613
1520 1621
1520 1622
1520 1639
1520 1643
1520 1659
1520 1662
1520 1663
1520 1669
1520 1675
1520 1683
1520 1685
1520 1689
1520 1700
1520 1707
1520 1714
1520 1717
1520 1730
1520 1746
1520 1750
1520 1752
1520 1761
1520 1765
1520 1768
1520 1791
1520 1793
1520 1795
1520 1799
1520 1800
1520 1804
1520 1813
1520 1816
1520 1819
1520 1827
1520 1833
1520 1835
1520 1842
1520 1846
1520 1861
1520 1877
1520 1888
1520 1891
1521 107
1521 1321
1521 1626
1521 1702
1521 1909
1521 1911
1522 107
1522 897
1522 916
1522 921
1522 934
1522 946
1522 947
1522 952
1522 966
1522 967
1522 978
1522 982
1522 993
1522 1004
1522 1006
1522 1017
1522 1026
1522 1028
1522 1048
1522 1049
1522 1059
1522 1074
1522 1075
1522 1076
1522 1078
1522 1079
1522 1086
1522 1101
1522 1107
1522 1110
1522 1116
1522 1117
1522 1124
1522 1125
1522 1126
1522 1128
1522 1132
1522 1135
1522 1146
1522 1153
1522 1173
1522 1175
1522 1181
1522 1182
1522 1184
1522 1185
1522 1199
1522 1205
1522 1209
1522 1211
1522 1214
1522 1230
1522 1238
1522 1243
1522 1250
1522 1255
1522 1267
1522 1269
1522 1290
1522 1293
1522 1312
1522 1329
1522 1331
1522 1335
1522 1351
1522 1352
1522 1367
1522 1369
1522 1370
1522 1376
1522 1377
1522 1380
1522 1388
1522 1390
1522 1391
1522 1393
1522 1399
1522 1420
1522 1431
1522 1460
1522 1467
1522 1488
1522 1491
1522 1513
1522 1516
1522 1528
1522 1530
1522 1532
1522 1547
1522 1551
1522 1553
1522 1554
1522 1557
1522 1559
1522 1563
1522 1570
1522 1584
1522 1589
1522 1590
1522 1600
1522 1603
1522 1604
1522 1608
1522 1609
1522 1612
1522 1613
1522 1617
1522 1620
1522 1621
1522 1622
1522 1632
1522 1639
1522 1643
1522 1659
1522 1663
1522 1668
1522 1669
1522 1683
1522 1685
1522 1688
1522 1689
1522 1707
1522 1712
1522 1714
1522 1718
1522 1730
1522 1735
1522 1746
1522 1750
1522 1752
1522 1761
1522 1765
1522 1768
1522 1791
1522 1795
1522 1799
1522 1800
1522 1804
1522 1816
1522 1821
1522 1823
1522 1826
1522 1827
1522 1833
1522 1835
1522 1839
1522 1842
1522 1845
1522 1851
1522 1864
1522 1868
1522 1877
1522 1879
1522 1886
1522 1888
1522 1898
1523 107
1523 916
1523 925
1523 951
1523 967
1523 968
1523 1003
1523 1004
1523 1028
1523 1047
1523 1049
1523 1059
1523 1075
1523 1076
1523 1079
1523 1110
1523 1126
1523 1146
1523 1184
1523 1278
1523 1283
1523 1290
1523 1327
1523 1352
1523 1369
1523 1376
1523 1380
1523 1390
1523 1411
1523 1420
1523 1435
1523 1440
1523 1520
1523 1532
1523 1540
1523 1554
1523 1557
1523 1572
1523 1600
1523 1609
1523 1617
1523 1618
1523 1621
1523 1622
1523 1632
1523 1659
1523 1663
1523 1674
1523 1683
1523 1689
1523 1718
1523 1723
1523 1724
1523 1746
1523 1750
1523 1768
1523 1780
1523 1795
1523 1800
1523 1811
1523 1819
1523 1827
1523 1835
1523 1852
1523 1863
1523 1867
1523 1877
1523 1891
1523 1911
1524 107
1524 916
1524 925
1524 967
1524 1004
1524 1059
1524 1079
1524 1153
1524 1184
1524 1242
1524 1250
1524 1256
1524 1278
1524 1290
1524 1305
1524 1344
1524 1367
1524 1375
1524 1390
1524 1416
1524 1456
1524 1557
1524 1572
1524 1580
1524 1589
1524 1608
1524 1613
1524 1623
1524 1688
1524 1689
1524 1730
1524 1746
1524 1752
1524 1757
1524 1772
1524 1796
1524 1800
1524 1804
1524 1827
1524 1867
1524 1888
1525 107
1525 917
1525 924
1525 944
1525 994
1525 1010
1525 1035
1525 1037
1525 1051
1525 1052
1525 1070
1525 1152
1525 1159
1525 1166
1525 1183
1525 1217
1525 1221
1525 1258
1525 1260
1525 1275
1525 1296
1525 1299
1525 1306
1525 1334
1525 1338
1525 1343
1525 1355
1525 1366
1525 1418
1525 1427
1525 1435
1525 1472
1525 1473
1525 1482
1525 1496
1525 1500
1525 1504
1525 1529
1525 1536
1525 1541
1525 1549
1525 1569
1525 1630
1525 1634
1525 1681
1525 1686
1525 1699
1525 1703
1525 1709
1525 1745
1525 1770
1525 1781
1525 1783
1525 1785
1525 1807
1525 1876
1525 1897
1526 107
1526 637
1526 651
1526 930
1526 948
1526 1025
1526 1080
1526 1110
1526 1237
1526 1427
1526 1429
1526 1464
1526 1545
1526 1565
1526 1645
1526 1692
1526 1696
1526 1766
1526 1794
1526 1844
1526 1853
1526 1878
1527 107
1527 960
1527 1056
1527 1173
1527 1409
1527 1476
1527 1519
1527 1642
1527 1670
1527 1674
1527 1852
1527 1911
1528 107
1528 526
1528 906
1528 927
1528 947
1528 967
1528 1048
1528 1049
1528 1056
1528 1073
1528 1075
1528 1110
1528 1146
1528 1175
1528 1182
1528 1191
1528 1209
1528 1243
1528 1255
1528 1265
1528 1269
1528 1290
1528 1329
1528 1352
1528 1376
1528 1377
1528 1393
1528 1407
1528 1416
1528 1467
1528 1505
1528 1509
1528 1513
1528 1519
1528 1522
1528 1557
1528 1559
1528 1563
1528 1589
1528 1603
1528 1608
1528 1609
1528 1612
1528 1613
1528 1620
1528 1637
1528 1663
1528 1669
1528 1675
1528 1685
1528 1688
1528 1710
1528 1722
1528 1723
1528 1724
1528 1730
1528 1746
1528 1753
1528 1754
1528 1757
1528 1765
1528 1768
1528 1782
1528 1791
1528 1811
1528 1813
1528 1827
1528 1835
1528 1845
1528 1864
1529 107
1529 353
1529 363
1529 949
1529 1010
1529 1035
1529 1037
1529 1052
1529 1054
1529 1070
1529 1093
1529 1169
1529 1183
1529 1189
1529 1221
1529 1236
1529 1268
1529 1296
1529 1348
1529 1385
1529 1472
1529 1482
1529 1496
1529 1525
1529 1569
1529 1574
1529 1630
1529 1650
1529 1667
1529 1699
1529 1709
1529 1727
1529 1745
1529 1761
1529 1770
1529 1778
1529 1781
1529 1783
1529 1785
1529 1807
1529 1828
1529 1855
1530 107
1530 897
1530 916
1530 925
1530 927
1530 946
1530 952
1530 953
1530 993
1530 999
1530 1006
1530 1017
1530 1024
1530 1059
1530 1076
1530 1078
1530 1079
1530 1107
1530 1125
1530 1132
1530 1172
1530 1181
1530 1184
1530 1185
1530 1198
1530 1199
1530 1211
1530 1214
1530 1230
1530 1238
1530 1243
1530 1250
1530 1267
1530 1289
1530 1291
1530 1323
1530 1331
1530 1335
1530 1339
1530 1341
1530 1352
1530 1365
1530 1367
1530 1390
1530 1391
1530 1399
1530 1416
1530 1420
1530 1431
1530 1471
1530 1488
1530 1491
1530 1516
1530 1520
1530 1522
1530 1554
1530 1559
1530 1563
1530 1580
1530 1584
1530 1589
1530 1597
1530 1598
1530 1603
1530 1608
1530 1610
1530 1612
1530 1613
1530 1617
1530 1643
1530 1662
1530 1663
1530 1668
1530 1669
1530 1689
1530 1707
1530 1714
1530 1721
1530 1730
1530 1735
1530 1736
1530 1737
1530 1746
1530 1750
1530 1752
1530 1754
1530 1768
1530 1793
1530 1795
1530 1800
1530 1804
1530 1809
1530 1810
1530 1813
1530 1823
1530 1826
1530 1827
1530 1833
1530 1839
1530 1849
1530 1867
1530 1868
1530 1879
1530 1888
1530 1902
1531 107
1531 917
1531 935
1531 1007
1531 1035
1531 1070
1531 1094
1531 1154
1531 1234
1531 1268
1531 1349
1531 1385
1531 1393
1531 1443
1531 1543
1531 1620
1531 1646
1531 1738
1531 1743
1531 1781
1531 1831
1531 1876
1532 107
1532 946
1532 999
1532 1004
1532 1028
1532 1059
1532 1076
1532 1079
1532 1181
1532 1184
1532 1198
1532 1250
1532 1339
1532 1340
1532 1344
1532 1375
1532 1399
1532 1416
1532 1491
1532 1522
1532 1523
1532 1597
1532 1604
1532 1617
1532 1623
1532 1632
1532 1653
1532 1700
1532 1707
1532 1746
1532 1757
1532 1789
1532 1800
1532 1810
1532 1827
1532 1833
1532 1867
1532 1886
1532 1888
1533 107
1533 901
1533 903
1533 917
1533 938
1533 958
1533 963
1533 992
1533 1097
1533 1118
1533 1137
1533 1186
1533 1216
1533 1232
1533 1314
1533 1319
1533 1333
1533 1363
1533 1371
1533 1378
1533 1452
1533 1468
1533 1548
1533 1568
1533 1601
1533 1629
1533 1733
1533 1747
1533 1758
1533 1787
1533 1798
1533 1802
1533 1837
1533 1880
1533 1895
1534 107
1534 990
1534 1049
1534 1098
1534 1140
1534 1171
1534 1173
1534 1317
1534 1450
1534 1505
1534 1577
1534 1642
1534 1666
1534 1674
1534 1684
1534 1687
1534 1701
1534 1758
1534 1825
1534 2693
1534 2764
1534 2822
1534 2883
1534 2979
1534 3101
1534 3222
1534 3245
1534 3248
1534 3263
1534 3265
1534 3278
1534 3361
1534 3385
1535 107
1535 897
1535 921
1535 932
1535 978
1535 993
1535 995
1535 997
1535 1029
1535 1101
1535 1117
1535 1126
1535 1160
1535 1172
1535 1173
1535 1199
1535 1201
1535 1205
1535 1238
1535 1280
1535 1323
1535 1330
1535 1334
1535 1352
1535 1359
1535 1377
1535 1388
1535 1389
1535 1391
1535 1393
1535 1399
1535 1409
1535 1431
1535 1447
1535 1470
1535 1483
1535 1513
1535 1519
1535 1537
1535 1551
1535 1559
1535 1570
1535 1571
1535 1604
1535 1608
1535 1609
1535 1639
1535 1663
1535 1669
1535 1675
1535 1685
1535 1717
1535 1730
1535 1768
1535 1793
1535 1804
1535 1811
1535 1813
1535 1835
1535 1842
1535 1843
1535 1861
1535 1868
1535 1898
1536 107
1536 363
1536 376
1536 428
1536 475
1536 483
1536 484
1536 566
1536 606
1536 637
1536 651
1536 905
1536 912
1536 917
1536 924
1536 943
1536 944
1536 949
1536 965
1536 968
1536 986
1536 1001
1536 1025
1536 1037
1536 1042
1536 1051
1536 1052
1536 1070
1536 1121
1536 1159
1536 1166
1536 1167
1536 1183
1536 1188
1536 1217
1536 1225
1536 1226
1536 1236
1536 1241
1536 1258
1536 1259
1536 1275
1536 1299
1536 1304
1536 1310
1536 1338
1536 1355
1536 1357
1536 1366
1536 1371
1536 1397
1536 1444
1536 1469
1536 1472
1536 1473
1536 1482
1536 1487
1536 1496
1536 1500
1536 1504
1536 1525
1536 1574
1536 1629
1536 1630
1536 1633
1536 1634
1536 1686
1536 1690
1536 1692
1536 1699
1536 1703
1536 1709
1536 1725
1536 1727
1536 1738
1536 1770
1536 1787
1536 1807
1536 1876
1536 1881
1536 1897
1536 1906
1537 107
1537 908
1537 950
1537 978
1537 982
1537 998
1537 1029
1537 1085
1537 1220
1537 1337
1537 1346
1537 1440
1537 1498
1537 1518
1537 1535
1537 1567
1537 1613
1537 1806
1537 1856
1538 107
1538 925
1538 934
1538 946
1538 999
1538 1004
1538 1078
1538 1107
1538 1117
1538 1124
1538 1125
1538 1128
1538 1146
1538 1149
1538 1156
1538 1184
1538 1195
1538 1198
1538 1199
1538 1211
1538 1242
1538 1269
1538 1302
1538 1305
1538 1335
1538 1339
1538 1340
1538 1341
1538 1344
1538 1365
1538 1375
1538 1398
1538 1416
1538 1420
1538 1431
1538 1449
1538 1471
1538 1491
1538 1542
1538 1556
1538 1559
1538 1563
1538 1584
1538 1589
1538 1603
1538 1612
1538 1621
1538 1623
1538 1643
1538 1652
1538 1653
1538 1662
1538 1665
1538 1707
1538 1714
1538 1717
1538 1730
1538 1735
1538 1750
1538 1757
1538 1769
1538 1780
1538 1789
1538 1793
1538 1799
1538 1800
1538 1810
1538 1821
1538 1833
1538 1839
1538 1874
1538 1888
1539 107
1539 925
1539 946
1539 947
1539 952
1539 993
1539 1003
1539 1004
1539 1059
1539 1075
1539 1076
1539 1079
1539 1086
1539 1107
1539 1126
1539 1128
1539 1132
1539 1146
1539 1173
1539 1182
1539 1184
1539 1199
1539 1214
1539 1238
1539 1255
1539 1329
1539 1331
1539 1340
1539 1352
1539 1367
1539 1376
1539 1377
1539 1390
1539 1391
1539 1416
1539 1431
1539 1435
1539 1456
1539 1467
1539 1488
1539 1491
1539 1516
1539 1540
1539 1551
1539 1557
1539 1559
1539 1584
1539 1603
1539 1608
1539 1612
1539 1620
1539 1621
1539 1622
1539 1623
1539 1632
1539 1639
1539 1652
1539 1653
1539 1663
1539 1669
1539 1683
1539 1689
1539 1721
1539 1724
1539 1746
1539 1750
1539 1752
1539 1768
1539 1789
1539 1791
1539 1795
1539 1816
1539 1819
1539 1827
1539 1835
1539 1839
1539 1861
1539 1867
1539 1877
1540 107
1540 526
1540 921
1540 951
1540 968
1540 995
1540 1003
1540 1054
1540 1059
1540 1062
1540 1079
1540 1088
1540 1110
1540 1116
1540 1146
1540 1151
1540 1161
1540 1175
1540 1183
1540 1217
1540 1230
1540 1283
1540 1327
1540 1334
1540 1339
1540 1343
1540 1352
1540 1361
1540 1364
1540 1377
1540 1390
1540 1391
1540 1393
1540 1411
1540 1435
1540 1444
1540 1520
1540 1523
1540 1539
1540 1554
1540 1557
1540 1569
1540 1584
1540 1597
1540 1600
1540 1618
1540 1622
1540 1630
1540 1652
1540 1669
1540 1683
1540 1689
1540 1699
1540 1711
1540 1717
1540 1718
1540 1730
1540 1800
1540 1807
1540 1813
1540 1818
1540 1819
1540 1827
1540 1845
1540 1864
1540 1867
1540 1877
1540 1891
1540 1909
1541 107
1541 917
1541 940
1541 949
1541 1011
1541 1037
1541 1041
1541 1052
1541 1072
1541 1109
1541 1121
1541 1189
1541 1226
1541 1259
1541 1311
1541 1348
1541 1415
1541 1428
1541 1469
1541 1472
1541 1482
1541 1496
1541 1504
1541 1507
1541 1525
1541 1624
1541 1672
1541 1681
1541 1699
1541 1727
1541 1770
1541 1847
1541 1904
1542 107
1542 960
1542 983
1542 1001
1542 1006
1542 1040
1542 1078
1542 1107
1542 1124
1542 1153
1542 1156
1542 1184
1542 1199
1542 1207
1542 1238
1542 1256
1542 1288
1542 1341
1542 1352
1542 1361
1542 1370
1542 1402
1542 1409
1542 1431
1542 1447
1542 1456
1542 1488
1542 1538
1542 1580
1542 1589
1542 1598
1542 1604
1542 1605
1542 1610
1542 1619
1542 1662
1542 1665
1542 1668
1542 1707
1542 1712
1542 1717
1542 1772
1542 1793
1542 1800
1542 1809
1542 1810
1542 1816
1542 1826
1542 1832
1542 1839
1542 1845
1542 1868
1542 1888
1542 1898
1542 1902
1543 107
1543 353
1543 483
1543 484
1543 517
1543 538
1543 580
1543 637
1543 948
1543 1001
1543 1080
1543 1094
1543 1114
1543 1122
1543 1154
1543 1237
1543 1313
1543 1318
1543 1332
1543 1349
1543 1358
1543 1487
1543 1512
1543 1531
1543 1574
1543 1660
1543 1677
1543 1679
1543 1692
1543 1844
1543 1870
1543 1878
1543 1881
1544 107
1544 1050
1544 1055
1544 1059
1544 1197
1544 1312
1544 1405
1544 1431
1544 1434
1544 1441
1544 1564
1544 1585
1544 1779
1544 1822
1544 1905
1545 107
1545 363
1545 389
1545 428
1545 475
1545 483
1545 484
1545 538
1545 637
1545 651
1545 915
1545 939
1545 962
1545 1025
1545 1080
1545 1094
1545 1179
1545 1190
1545 1212
1545 1320
1545 1358
1545 1385
1545 1400
1545 1425
1545 1427
1545 1455
1545 1473
1545 1478
1545 1487
1545 1496
1545 1526
1545 1574
1545 1654
1545 1679
1545 1696
1545 1743
1545 1762
1545 1767
1545 1778
1545 1831
1545 1844
1545 1853
1545 1910
1546 107
1546 1499
1546 1889
1547 107
1547 906
1547 916
1547 925
1547 946
1547 960
1547 966
1547 978
1547 980
1547 982
1547 983
1547 999
1547 1004
1547 1006
1547 1017
1547 1040
1547 1059
1547 1078
1547 1079
1547 1083
1547 1086
1547 1101
1547 1107
1547 1117
1547 1125
1547 1126
1547 1130
1547 1132
1547 1146
1547 1153
1547 1163
1547 1172
1547 1175
1547 1181
1547 1185
1547 1199
1547 1211
1547 1219
1547 1222
1547 1230
1547 1238
1547 1250
1547 1256
1547 1269
1547 1285
1547 1287
1547 1288
1547 1289
1547 1291
1547 1331
1547 1335
1547 1336
1547 1340
1547 1341
1547 1351
1547 1352
1547 1361
1547 1367
1547 1370
1547 1376
1547 1380
1547 1391
1547 1399
1547 1431
1547 1449
1547 1456
1547 1457
1547 1471
1547 1488
1547 1491
1547 1516
1547 1522
1547 1551
1547 1554
1547 1556
1547 1559
1547 1584
1547 1589
1547 1600
1547 1603
1547 1605
1547 1610
1547 1613
1547 1619
1547 1620
1547 1621
1547 1623
1547 1652
1547 1662
1547 1665
1547 1668
1547 1707
1547 1712
1547 1714
1547 1721
1547 1730
1547 1736
1547 1737
1547 1741
1547 1746
1547 1757
1547 1789
1547 1793
1547 1800
1547 1804
1547 1809
1547 1813
1547 1816
1547 1823
1547 1826
1547 1827
1547 1832
1547 1833
1547 1839
1547 1849
1547 1864
1547 1868
1547 1879
1547 1886
1547 1888
1547 1898
1547 1902
1548 107
1548 606
1548 901
1548 903
1548 938
1548 956
1548 958
1548 963
1548 992
1548 1097
1548 1118
1548 1137
1548 1186
1548 1216
1548 1232
1548 1314
1548 1319
1548 1333
1548 1363
1548 1371
1548 1378
1548 1424
1548 1452
1548 1468
1548 1493
1548 1533
1548 1568
1548 1601
1548 1648
1548 1733
1548 1747
1548 1787
1548 1798
1548 1802
1548 1837
1548 1880
1548 1892
1548 1895
1549 107
1549 171
1549 366
1549 428
1549 475
1549 641
1549 915
1549 924
1549 930
1549 948
1549 962
1549 1010
1549 1013
1549 1035
1549 1037
1549 1070
1549 1109
1549 1113
1549 1142
1549 1170
1549 1210
1549 1228
1549 1294
1549 1297
1549 1311
1549 1318
1549 1332
1549 1338
1549 1387
1549 1408
1549 1412
1549 1425
1549 1427
1549 1446
1549 1525
1549 1565
1549 1574
1549 1624
1549 1625
1549 1671
1549 1695
1549 1703
1549 1740
1549 1763
1549 1766
1549 1773
1549 1778
1549 1801
1549 1844
