1550 107
1550 896
1550 957
1550 1036
1550 1067
1550 1082
1550 1100
1550 1104
1550 1115
1550 1129
1550 1158
1550 1192
1550 1227
1550 1229
1550 1231
1550 1235
1550 1277
1550 1284
1550 1292
1550 1322
1550 1345
1550 1350
1550 1413
1550 1459
1550 1462
1550 1573
1550 1576
1550 1578
1550 1583
1550 1591
1550 1596
1550 1611
1550 1628
1550 1647
1550 1691
1550 1728
1550 1841
1550 1875
1551 107
1551 906
1551 916
1551 921
1551 925
1551 927
1551 934
1551 947
1551 953
1551 959
1551 960
1551 978
1551 980
1551 993
1551 995
1551 997
1551 999
1551 1006
1551 1017
1551 1029
1551 1039
1551 1047
1551 1048
1551 1056
1551 1059
1551 1074
1551 1076
1551 1078
1551 1079
1551 1083
1551 1092
1551 1101
1551 1107
1551 1117
1551 1124
1551 1125
1551 1126
1551 1132
1551 1146
1551 1149
1551 1156
1551 1160
1551 1172
1551 1173
1551 1180
1551 1184
1551 1191
1551 1199
1551 1201
1551 1205
1551 1211
1551 1214
1551 1219
1551 1222
1551 1230
1551 1238
1551 1255
1551 1256
1551 1272
1551 1280
1551 1289
1551 1291
1551 1323
1551 1329
1551 1330
1551 1331
1551 1334
1551 1335
1551 1341
1551 1351
1551 1352
1551 1359
1551 1361
1551 1367
1551 1376
1551 1377
1551 1388
1551 1389
1551 1390
1551 1391
1551 1393
1551 1399
1551 1407
1551 1409
1551 1420
1551 1431
1551 1437
1551 1447
1551 1467
1551 1470
1551 1471
1551 1483
1551 1491
1551 1509
1551 1516
1551 1520
1551 1522
1551 1535
1551 1539
1551 1547
1551 1554
1551 1559
1551 1563
1551 1570
1551 1580
1551 1584
1551 1589
1551 1597
1551 1603
1551 1604
1551 1608
1551 1609
1551 1610
1551 1612
1551 1617
1551 1621
1551 1623
1551 1637
1551 1639
1551 1643
1551 1662
1551 1663
1551 1669
1551 1675
1551 1683
1551 1685
1551 1689
1551 1700
1551 1707
1551 1712
1551 1714
1551 1717
1551 1721
1551 1723
1551 1730
1551 1734
1551 1736
1551 1746
1551 1750
1551 1753
1551 1754
1551 1757
1551 1761
1551 1768
1551 1791
1551 1793
1551 1800
1551 1804
1551 1809
1551 1811
1551 1813
1551 1819
1551 1826
1551 1827
1551 1833
1551 1835
1551 1839
1551 1842
1551 1843
1551 1845
1551 1849
1551 1861
1551 1864
1551 1867
1551 1868
1551 1877
1551 1879
1551 1888
1551 1891
1551 1898
1551 1902
1552 107
1552 1058
1552 1499
1552 1505
1552 1642
1552 1674
1552 1858
1553 107
1553 897
1553 900
1553 953
1553 995
1553 1029
1553 1048
1553 1074
1553 1085
1553 1098
1553 1173
1553 1187
1553 1189
1553 1214
1553 1219
1553 1274
1553 1307
1553 1360
1553 1409
1553 1470
1553 1511
1553 1519
1553 1522
1553 1555
1553 1570
1553 1579
1553 1615
1553 1620
1553 1688
1553 1698
1553 1768
1553 1791
1553 1806
1553 1825
1553 1847
1553 1861
1553 1908
1554 107
1554 906
1554 916
1554 921
1554 925
1554 927
1554 946
1554 952
1554 967
1554 978
1554 980
1554 993
1554 995
1554 999
1554 1004
1554 1017
1554 1026
1554 1047
1554 1048
1554 1049
1554 1054
1554 1059
1554 1074
1554 1075
1554 1076
1554 1078
1554 1101
1554 1107
1554 1117
1554 1124
1554 1125
1554 1126
1554 1128
1554 1132
1554 1146
1554 1149
1554 1172
1554 1173
1554 1175
1554 1180
1554 1181
1554 1182
1554 1185
1554 1191
1554 1195
1554 1199
1554 1205
1554 1209
1554 1211
1554 1222
1554 1230
1554 1242
1554 1243
1554 1250
1554 1255
1554 1256
1554 1269
1554 1272
1554 1283
1554 1287
1554 1290
1554 1293
1554 1323
1554 1329
1554 1330
1554 1334
1554 1335
1554 1344
1554 1351
1554 1352
1554 1361
1554 1367
1554 1376
1554 1377
1554 1380
1554 1390
1554 1391
1554 1399
1554 1411
1554 1416
1554 1420
1554 1431
1554 1467
1554 1471
1554 1485
1554 1488
1554 1509
1554 1516
1554 1520
1554 1522
1554 1523
1554 1530
1554 1540
1554 1547
1554 1551
1554 1557
1554 1559
1554 1563
1554 1570
1554 1584
1554 1589
1554 1597
1554 1600
1554 1603
1554 1605
1554 1608
1554 1609
1554 1610
1554 1612
1554 1613
1554 1617
1554 1618
1554 1621
1554 1622
1554 1623
1554 1662
1554 1663
1554 1669
1554 1675
1554 1683
1554 1689
1554 1707
1554 1714
1554 1717
1554 1721
1554 1723
1554 1730
1554 1734
1554 1736
1554 1737
1554 1741
1554 1746
1554 1750
1554 1752
1554 1753
1554 1754
1554 1757
1554 1768
1554 1791
1554 1793
1554 1795
1554 1799
1554 1800
1554 1811
1554 1813
1554 1819
1554 1826
1554 1827
1554 1833
1554 1835
1554 1839
1554 1845
1554 1849
1554 1861
1554 1864
1554 1867
1554 1877
1554 1879
1554 1888
1554 1891
1555 107
1555 908
1555 950
1555 970
1555 1085
1555 1136
1555 1144
1555 1203
1555 1251
1555 1307
1555 1325
1555 1360
1555 1410
1555 1421
1555 1494
1555 1511
1555 1553
1555 1561
1555 1567
1555 1579
1555 1588
1555 1593
1555 1615
1555 1656
1555 1676
1555 1678
1555 1687
1555 1705
1555 1719
1555 1726
1555 1803
1555 1806
1555 1825
1555 1847
1555 1866
1556 107
1556 966
1556 1006
1556 1086
1556 1101
1556 1125
1556 1132
1556 1143
1556 1156
1556 1163
1556 1199
1556 1399
1556 1449
1556 1456
1556 1471
1556 1480
1556 1538
1556 1547
1556 1610
1556 1668
1556 1757
1556 1789
1556 1810
1556 1886
1556 1888
1557 107
1557 526
1557 906
1557 916
1557 921
1557 925
1557 946
1557 952
1557 967
1557 978
1557 980
1557 993
1557 1003
1557 1004
1557 1017
1557 1026
1557 1029
1557 1047
1557 1048
1557 1049
1557 1054
1557 1059
1557 1075
1557 1076
1557 1079
1557 1086
1557 1110
1557 1126
1557 1128
1557 1146
1557 1156
1557 1164
1557 1173
1557 1175
1557 1181
1557 1184
1557 1185
1557 1198
1557 1199
1557 1209
1557 1222
1557 1230
1557 1242
1557 1250
1557 1267
1557 1269
1557 1287
1557 1290
1557 1293
1557 1302
1557 1312
1557 1329
1557 1335
1557 1339
1557 1340
1557 1344
1557 1352
1557 1359
1557 1361
1557 1365
1557 1367
1557 1375
1557 1376
1557 1377
1557 1390
1557 1391
1557 1393
1557 1399
1557 1407
1557 1416
1557 1420
1557 1431
1557 1456
1557 1488
1557 1491
1557 1516
1557 1519
1557 1520
1557 1522
1557 1523
1557 1524
1557 1528
1557 1539
1557 1540
1557 1554
1557 1559
1557 1584
1557 1589
1557 1597
1557 1598
1557 1600
1557 1603
1557 1609
1557 1612
1557 1613
1557 1614
1557 1617
1557 1620
1557 1621
1557 1622
1557 1623
1557 1632
1557 1643
1557 1644
1557 1653
1557 1659
1557 1662
1557 1663
1557 1669
1557 1683
1557 1685
1557 1688
1557 1689
1557 1707
1557 1710
1557 1717
1557 1721
1557 1724
1557 1730
1557 1734
1557 1735
1557 1736
1557 1737
1557 1746
1557 1750
1557 1752
1557 1754
1557 1757
1557 1761
1557 1768
1557 1772
1557 1789
1557 1791
1557 1793
1557 1795
1557 1796
1557 1799
1557 1800
1557 1819
1557 1823
1557 1827
1557 1833
1557 1835
1557 1845
1557 1861
1557 1864
1557 1867
1557 1877
1557 1879
1557 1886
1557 1888
1558 107
1558 1860
1559 107
1559 916
1559 925
1559 934
1559 946
1559 947
1559 953
1559 960
1559 966
1559 967
1559 978
1559 980
1559 993
1559 995
1559 997
1559 1003
1559 1004
1559 1006
1559 1026
1559 1028
1559 1047
1559 1048
1559 1056
1559 1059
1559 1076
1559 1078
1559 1083
1559 1092
1559 1101
1559 1107
1559 1117
1559 1124
1559 1126
1559 1132
1559 1135
1559 1146
1559 1149
1559 1153
1559 1160
1559 1163
1559 1172
1559 1173
1559 1175
1559 1182
1559 1184
1559 1185
1559 1191
1559 1199
1559 1205
1559 1211
1559 1214
1559 1222
1559 1223
1559 1230
1559 1238
1559 1242
1559 1243
1559 1250
1559 1255
1559 1256
1559 1267
1559 1269
1559 1271
1559 1272
1559 1287
1559 1290
1559 1291
1559 1305
1559 1323
1559 1329
1559 1330
1559 1331
1559 1334
1559 1335
1559 1341
1559 1352
1559 1359
1559 1361
1559 1365
1559 1369
1559 1370
1559 1376
1559 1377
1559 1389
1559 1391
1559 1399
1559 1402
1559 1409
1559 1420
1559 1431
1559 1439
1559 1447
1559 1456
1559 1467
1559 1470
1559 1471
1559 1485
1559 1488
1559 1491
1559 1509
1559 1516
1559 1520
1559 1522
1559 1528
1559 1530
1559 1535
1559 1538
1559 1539
1559 1547
1559 1551
1559 1554
1559 1557
1559 1561
1559 1563
1559 1570
1559 1580
1559 1584
1559 1589
1559 1594
1559 1597
1559 1598
1559 1603
1559 1604
1559 1608
1559 1609
1559 1610
1559 1612
1559 1613
1559 1621
1559 1622
1559 1637
1559 1639
1559 1643
1559 1662
1559 1663
1559 1665
1559 1668
1559 1669
1559 1675
1559 1683
1559 1689
1559 1712
1559 1714
1559 1717
1559 1723
1559 1730
1559 1735
1559 1736
1559 1741
1559 1746
1559 1750
1559 1752
1559 1753
1559 1757
1559 1761
1559 1768
1559 1772
1559 1782
1559 1789
1559 1791
1559 1793
1559 1799
1559 1800
1559 1804
1559 1809
1559 1810
1559 1811
1559 1813
1559 1816
1559 1823
1559 1826
1559 1827
1559 1833
1559 1835
1559 1839
1559 1842
1559 1843
1559 1849
1559 1861
1559 1864
1559 1868
1559 1879
1559 1888
1559 1891
1559 1898
1559 1902
1560 107
1561 107
1561 913
1561 973
1561 991
1561 1161
1561 1165
1561 1317
1561 1321
1561 1327
1561 1337
1561 1360
1561 1369
1561 1450
1561 1471
1561 1505
1561 1555
1561 1559
1561 1621
1561 1626
1561 1656
1561 1678
1561 1702
1561 1852
1561 1863
1561 1911
1562 107
1562 947
1562 979
1562 1126
1562 1138
1562 1218
1562 1499
1562 1886
1562 1889
1562 1896
1563 107
1563 916
1563 921
1563 925
1563 927
1563 946
1563 947
1563 953
1563 967
1563 980
1563 997
1563 1003
1563 1017
1563 1048
1563 1059
1563 1076
1563 1086
1563 1107
1563 1124
1563 1126
1563 1146
1563 1149
1563 1156
1563 1184
1563 1185
1563 1191
1563 1195
1563 1196
1563 1198
1563 1199
1563 1211
1563 1222
1563 1230
1563 1243
1563 1255
1563 1256
1563 1272
1563 1290
1563 1305
1563 1312
1563 1323
1563 1327
1563 1329
1563 1334
1563 1339
1563 1341
1563 1352
1563 1361
1563 1369
1563 1376
1563 1377
1563 1399
1563 1409
1563 1420
1563 1470
1563 1471
1563 1485
1563 1509
1563 1520
1563 1522
1563 1528
1563 1530
1563 1538
1563 1551
1563 1554
1563 1559
1563 1570
1563 1584
1563 1589
1563 1590
1563 1603
1563 1610
1563 1612
1563 1613
1563 1621
1563 1622
1563 1637
1563 1643
1563 1662
1563 1663
1563 1665
1563 1669
1563 1675
1563 1683
1563 1689
1563 1707
1563 1717
1563 1730
1563 1735
1563 1736
1563 1752
1563 1753
1563 1768
1563 1769
1563 1774
1563 1782
1563 1793
1563 1795
1563 1799
1563 1800
1563 1804
1563 1810
1563 1813
1563 1827
1563 1833
1563 1835
1563 1836
1563 1839
1563 1845
1563 1852
1563 1861
1563 1891
1564 107
1564 1050
1564 1055
1564 1266
1564 1317
1564 1431
1564 1434
1564 1441
1564 1544
1564 1585
1564 1666
1564 1675
1564 1779
1564 1822
1564 1860
1564 1905
1565 107
1565 483
1565 538
1565 580
1565 606
1565 641
1565 651
1565 915
1565 930
1565 948
1565 1080
1565 1086
1565 1113
1565 1142
1565 1210
1565 1313
1565 1318
1565 1320
1565 1332
1565 1358
1565 1427
1565 1446
1565 1526
1565 1549
1565 1602
1565 1606
1565 1625
1565 1645
1565 1660
1565 1671
1565 1679
1565 1692
1565 1695
1565 1740
1565 1744
1565 1763
1565 1766
1565 1767
1565 1773
1565 1801
1565 1844
1565 1870
1565 1881
1565 1882
1566 107
1566 931
1566 939
1566 1064
1566 1212
1566 1234
1566 1343
1566 1356
1566 1407
1566 1478
1566 1497
1566 1599
1566 1671
1566 1680
1566 1731
1566 1743
1566 1761
1566 1814
1566 1831
1566 1910
1567 107
1567 908
1567 970
1567 1033
1567 1085
1567 1098
1567 1136
1567 1187
1567 1274
1567 1307
1567 1317
1567 1325
1567 1337
1567 1360
1567 1421
1567 1433
1567 1494
1567 1511
1567 1518
1567 1537
1567 1555
1567 1588
1567 1593
1567 1615
1567 1687
1567 1698
1567 1705
1567 1719
1567 1803
1567 1806
1567 1825
1567 1847
1567 1866
1568 107
1568 901
1568 903
1568 938
1568 963
1568 992
1568 1097
1568 1118
1568 1137
1568 1216
1568 1232
1568 1319
1568 1333
1568 1371
1568 1378
1568 1452
1568 1468
1568 1493
1568 1533
1568 1548
1568 1601
1568 1648
1568 1733
1568 1747
1568 1787
1568 1798
1568 1837
1568 1880
1568 1895
1569 107
1569 917
1569 994
1569 1051
1569 1093
1569 1106
1569 1159
1569 1167
1569 1183
1569 1217
1569 1221
1569 1246
1569 1258
1569 1322
1569 1334
1569 1343
1569 1364
1569 1366
1569 1418
1569 1435
1569 1444
1569 1472
1569 1473
1569 1481
1569 1492
1569 1496
1569 1525
1569 1529
1569 1540
1569 1591
1569 1611
1569 1630
1569 1635
1569 1646
1569 1650
1569 1658
1569 1699
1569 1703
1569 1709
1569 1738
1569 1745
1569 1781
1569 1783
1569 1807
1569 1818
1569 1862
1569 1872
1569 1903
1570 107
1570 897
1570 906
1570 921
1570 925
1570 927
1570 946
1570 967
1570 980
1570 995
1570 997
1570 1026
1570 1029
1570 1048
1570 1056
1570 1059
1570 1074
1570 1084
1570 1086
1570 1117
1570 1124
1570 1135
1570 1146
1570 1149
1570 1156
1570 1160
1570 1164
1570 1173
1570 1175
1570 1182
1570 1185
1570 1191
1570 1198
1570 1199
1570 1201
1570 1205
1570 1211
1570 1214
1570 1222
1570 1243
1570 1255
1570 1265
1570 1267
1570 1269
1570 1280
1570 1290
1570 1291
1570 1305
1570 1312
1570 1323
1570 1329
1570 1330
1570 1334
1570 1344
1570 1352
1570 1359
1570 1361
1570 1376
1570 1377
1570 1380
1570 1389
1570 1390
1570 1391
1570 1409
1570 1420
1570 1431
1570 1447
1570 1460
1570 1470
1570 1483
1570 1509
1570 1516
1570 1519
1570 1522
1570 1535
1570 1551
1570 1553
1570 1554
1570 1559
1570 1563
1570 1580
1570 1584
1570 1590
1570 1598
1570 1600
1570 1603
1570 1604
1570 1608
1570 1609
1570 1612
1570 1613
1570 1620
1570 1621
1570 1623
1570 1637
1570 1639
1570 1643
1570 1652
1570 1663
1570 1669
1570 1675
1570 1685
1570 1714
1570 1717
1570 1730
1570 1734
1570 1753
1570 1761
1570 1765
1570 1768
1570 1772
1570 1795
1570 1804
1570 1811
1570 1813
1570 1823
1570 1833
1570 1835
1570 1839
1570 1842
1570 1861
1570 1888
1570 1891
1570 1902
1571 107
1571 916
1571 932
1571 953
1571 960
1571 997
1571 1024
1571 1040
1571 1068
1571 1084
1571 1086
1571 1107
1571 1117
1571 1160
1571 1191
1571 1205
1571 1207
1571 1211
1571 1220
1571 1238
1571 1330
1571 1359
1571 1388
1571 1402
1571 1409
1571 1420
1571 1447
1571 1456
1571 1483
1571 1498
1571 1535
1571 1580
1571 1589
1571 1598
1571 1600
1571 1604
1571 1619
1571 1620
1571 1622
1571 1662
1571 1663
1571 1669
1571 1674
1571 1707
1571 1722
1571 1730
1571 1741
1571 1754
1571 1768
1571 1772
1571 1793
1571 1796
1571 1823
1571 1833
1571 1839
1571 1849
1571 1864
1571 1879
1571 1902
1571 1911
1572 107
1572 906
1572 925
1572 952
1572 966
1572 1049
1572 1054
1572 1059
1572 1075
1572 1112
1572 1184
1572 1209
1572 1242
1572 1250
1572 1278
1572 1339
1572 1340
1572 1344
1572 1352
1572 1367
1572 1375
1572 1390
1572 1416
1572 1491
1572 1523
1572 1524
1572 1597
1572 1644
1572 1653
1572 1659
1572 1688
1572 1724
1572 1730
1572 1737
1572 1746
1572 1752
1572 1757
1572 1789
1572 1799
1572 1800
1572 1810
1572 1827
1572 1877
1573 107
1573 637
1573 641
1573 896
1573 902
1573 933
1573 941
1573 957
1573 969
1573 975
1573 981
1573 988
1573 989
1573 994
1573 1007
1573 1009
1573 1014
1573 1018
1573 1021
1573 1036
1573 1060
1573 1067
1573 1081
1573 1082
1573 1100
1573 1104
1573 1120
1573 1129
1573 1148
1573 1158
1573 1192
1573 1204
1573 1227
1573 1231
1573 1235
1573 1257
1573 1277
1573 1284
1573 1292
1573 1298
1573 1303
1573 1315
1573 1322
1573 1345
1573 1347
1573 1373
1573 1379
1573 1381
1573 1404
1573 1413
1573 1414
1573 1423
1573 1426
1573 1432
1573 1438
1573 1448
1573 1459
1573 1462
1573 1475
1573 1479
1573 1495
1573 1502
1573 1515
1573 1550
1573 1576
1573 1578
1573 1583
1573 1587
1573 1591
1573 1592
1573 1595
1573 1596
1573 1611
1573 1628
1573 1636
1573 1655
1573 1661
1573 1682
1573 1691
1573 1715
1573 1716
1573 1786
1573 1857
1573 1862
1573 1871
1573 1873
1573 1884
1573 1893
1573 1899
1574 107
1574 353
1574 363
1574 366
1574 428
1574 483
1574 484
1574 517
1574 526
1574 538
1574 563
1574 566
1574 580
1574 606
1574 637
1574 641
1574 651
1574 914
1574 915
1574 930
1574 936
1574 948
1574 962
1574 976
1574 1013
1574 1114
1574 1122
1574 1142
1574 1155
1574 1179
1574 1200
1574 1210
1574 1237
1574 1300
1574 1320
1574 1349
1574 1357
1574 1358
1574 1374
1574 1385
1574 1408
1574 1425
1574 1446
1574 1473
1574 1487
1574 1496
1574 1514
1574 1529
1574 1536
1574 1543
1574 1545
1574 1549
1574 1616
1574 1625
1574 1645
1574 1677
1574 1679
1574 1692
1574 1695
1574 1740
1574 1744
1574 1763
1574 1766
1574 1773
1574 1778
1574 1870
1574 1882
1575 107
1575 913
1575 914
1575 1104
1575 1128
1575 1217
1575 1247
1575 1350
1575 1408
1575 1436
1575 1453
1575 1472
1575 1727
1575 1761
1575 1794
1575 1807
1575 1818
1575 1829
1575 1885
1575 1894
1576 107
1576 596
1576 896
1576 902
1576 957
1576 975
1576 988
1576 1015
1576 1036
1576 1060
1576 1067
1576 1082
1576 1100
1576 1104
1576 1115
1576 1120
1576 1129
1576 1148
1576 1158
1576 1192
1576 1204
1576 1227
1576 1229
1576 1231
1576 1235
1576 1257
1576 1277
1576 1279
1576 1284
1576 1292
1576 1315
1576 1322
1576 1345
1576 1379
1576 1404
1576 1413
1576 1423
1576 1448
1576 1459
1576 1462
1576 1475
1576 1479
1576 1550
1576 1573
1576 1578
1576 1583
1576 1587
1576 1592
1576 1596
1576 1611
1576 1628
1576 1636
1576 1647
1576 1655
1576 1680
1576 1682
1576 1691
1576 1715
1576 1716
1576 1720
1576 1728
1576 1841
1576 1862
1576 1872
1576 1884
1576 1899
1577 107
1577 1029
1577 1074
1577 1077
1577 1173
1577 1289
1577 1361
1577 1465
1577 1534
1577 1618
1577 1666
1577 1718
1577 1912
1577 1913
1577 1916
1577 1920
1577 1932
1577 1940
1577 1941
1577 1945
1577 1947
1577 1948
1577 1954
1577 1959
1577 1994
1577 2002
1577 2007
1577 2010
1577 2026
1577 2028
1577 2032
1577 2038
1577 2039
1577 2042
1577 2047
1577 2052
1577 2053
1577 2054
1577 2062
1577 2068
1577 2071
1577 2072
1577 2081
1577 2087
1577 2101
1577 2102
1577 2111
1577 2117
1577 2125
1577 2127
1577 2128
1577 2132
1577 2133
1577 2134
1577 2135
1577 2137
1577 2138
1577 2143
1577 2144
1577 2148
1577 2149
1577 2151
1577 2153
1577 2163
1577 2169
1577 2174
1577 2176
1577 2180
1577 2183
1577 2187
1577 2189
1577 2191
1577 2194
1577 2196
1577 2198
1577 2199
1577 2203
1577 2215
1577 2223
1577 2224
1577 2239
1577 2241
1577 2246
1577 2247
1577 2250
1577 2264
1577 2267
1577 2268
1577 2273
1577 2279
1577 2282
1577 2283
1577 2285
1577 2289
1577 2292
1577 2293
1577 2294
1577 2295
1577 2298
1577 2302
1577 2315
1577 2319
1577 2327
1577 2328
1577 2332
1577 2333
1577 2336
1577 2338
1577 2343
1577 2344
1577 2347
1577 2351
1577 2355
1577 2368
1577 2372
1577 2377
1577 2384
1577 2385
1577 2389
1577 2394
1577 2398
1577 2413
1577 2417
1577 2419
1577 2420
1577 2436
1577 2445
1577 2451
1577 2458
1577 2461
1577 2463
1577 2465
1577 2468
1577 2471
1577 2472
1577 2475
1577 2491
1577 2498
1577 2502
1577 2508
1577 2509
1577 2510
1577 2511
1577 2512
1577 2516
1577 2519
1577 2529
1577 2533
1577 2543
1577 2544
1577 2547
1577 2555
1577 2567
1577 2582
1577 2588
1577 2589
1577 2592
1577 2594
1577 2597
1577 2598
1577 2605
1577 2608
1577 2609
1577 2616
1577 2617
1577 2629
1577 2642
1577 2643
1577 2649
1577 2653
1578 107
1578 637
1578 896
1578 957
1578 1018
1578 1019
1578 1021
1578 1060
1578 1100
1578 1104
1578 1192
1578 1221
1578 1229
1578 1235
1578 1277
1578 1345
1578 1350
1578 1404
1578 1413
1578 1426
1578 1432
1578 1462
1578 1479
1578 1550
1578 1573
1578 1576
1578 1596
1578 1628
1578 1635
1578 1638
1578 1655
1578 1691
1578 1716
1578 1857
1578 1862
1578 1871
1579 107
1579 1098
1579 1360
1579 1553
1579 1555
1580 107
1580 916
1580 932
1580 946
1580 953
1580 993
1580 995
1580 997
1580 1029
1580 1056
1580 1068
1580 1078
1580 1117
1580 1124
1580 1132
1580 1153
1580 1163
1580 1172
1580 1173
1580 1201
1580 1205
1580 1211
1580 1214
1580 1222
1580 1238
1580 1269
1580 1330
1580 1335
1580 1336
1580 1352
1580 1359
1580 1388
1580 1390
1580 1402
1580 1409
1580 1420
1580 1447
1580 1456
1580 1471
1580 1483
1580 1517
1580 1524
1580 1530
1580 1542
1580 1551
1580 1559
1580 1570
1580 1571
1580 1589
1580 1598
1580 1604
1580 1605
1580 1608
1580 1610
1580 1613
1580 1614
1580 1621
1580 1637
1580 1662
1580 1663
1580 1665
1580 1707
1580 1736
1580 1741
1580 1746
1580 1768
1580 1772
1580 1791
1580 1793
1580 1800
1580 1804
1580 1805
1580 1816
1580 1833
1580 1839
1580 1842
1580 1849
1580 1861
1580 1868
1580 1879
1580 1888
1580 1898
1580 1902
1581 107
1582 107
1582 483
1582 917
1582 919
1582 941
1582 942
1582 984
1582 1014
1582 1020
1582 1032
1582 1066
1582 1099
1582 1102
1582 1108
1582 1245
1582 1261
1582 1281
1582 1282
1582 1303
1582 1309
1582 1324
1582 1373
1582 1382
1582 1396
1582 1451
1582 1515
1582 1661
1582 1728
1582 1729
1582 1732
1582 1742
1582 1751
1582 1783
1582 1786
1582 1812
1582 1820
1582 1828
1582 1848
1582 1871
1582 1893
1582 1894
1583 107
1583 896
1583 957
1583 975
1583 981
1583 988
1583 989
1583 1009
1583 1014
1583 1015
1583 1019
1583 1021
1583 1036
1583 1044
1583 1067
1583 1082
1583 1099
1583 1100
1583 1104
1583 1120
1583 1129
1583 1148
1583 1158
1583 1190
1583 1192
1583 1204
1583 1221
1583 1227
1583 1229
1583 1231
1583 1235
1583 1257
1583 1261
1583 1277
1583 1279
1583 1284
1583 1286
1583 1292
1583 1298
1583 1309
1583 1315
1583 1316
1583 1322
1583 1345
1583 1347
1583 1350
1583 1379
1583 1381
1583 1382
1583 1392
1583 1404
1583 1413
1583 1423
1583 1426
1583 1432
1583 1436
1583 1438
1583 1459
1583 1462
1583 1479
1583 1495
1583 1550
1583 1573
1583 1576
1583 1587
1583 1591
1583 1592
1583 1595
1583 1596
1583 1611
1583 1628
1583 1635
1583 1636
1583 1638
1583 1647
1583 1655
1583 1680
1583 1682
1583 1691
1583 1715
1583 1716
1583 1720
1583 1728
1583 1764
1583 1783
1583 1786
1583 1812
1583 1841
1583 1857
1583 1859
1583 1862
1583 1871
1583 1872
1583 1873
1583 1884
1583 1899
1583 1903
1584 107
1584 526
1584 637
1584 916
1584 920
1584 921
1584 925
1584 927
1584 934
1584 946
1584 947
1584 952
1584 960
1584 966
1584 967
1584 968
1584 980
1584 993
1584 994
1584 999
1584 1004
1584 1006
1584 1017
1584 1024
1584 1026
1584 1028
1584 1040
1584 1048
1584 1051
1584 1056
1584 1059
1584 1076
1584 1078
1584 1079
1584 1101
1584 1107
1584 1117
1584 1125
1584 1126
1584 1128
1584 1130
1584 1135
1584 1146
1584 1149
1584 1152
1584 1153
1584 1156
1584 1159
1584 1163
1584 1164
1584 1172
1584 1173
1584 1181
1584 1182
1584 1184
1584 1185
1584 1191
1584 1198
1584 1199
1584 1205
1584 1207
1584 1211
1584 1217
1584 1222
1584 1230
1584 1238
1584 1242
1584 1243
1584 1250
1584 1255
1584 1258
1584 1267
1584 1269
1584 1271
1584 1272
1584 1287
1584 1289
1584 1291
1584 1302
1584 1305
1584 1312
1584 1329
1584 1330
1584 1331
1584 1334
1584 1335
1584 1339
1584 1341
1584 1343
1584 1352
1584 1361
1584 1365
1584 1366
1584 1367
1584 1370
1584 1375
1584 1376
1584 1377
1584 1380
1584 1389
1584 1390
1584 1391
1584 1399
1584 1409
1584 1416
1584 1420
1584 1427
1584 1431
1584 1435
1584 1447
1584 1449
1584 1456
1584 1457
1584 1467
1584 1471
1584 1473
1584 1483
1584 1488
1584 1491
1584 1509
1584 1513
1584 1516
1584 1520
1584 1522
1584 1530
1584 1538
1584 1539
1584 1540
1584 1547
1584 1551
1584 1554
1584 1557
1584 1559
1584 1563
1584 1570
1584 1589
1584 1590
1584 1595
1584 1597
1584 1598
1584 1600
1584 1603
1584 1604
1584 1608
1584 1612
1584 1613
1584 1614
1584 1617
1584 1619
1584 1621
1584 1622
1584 1639
1584 1643
1584 1653
1584 1658
1584 1662
1584 1663
1584 1665
1584 1668
1584 1669
1584 1675
1584 1683
1584 1703
1584 1707
1584 1712
1584 1714
1584 1717
1584 1721
1584 1730
1584 1735
1584 1736
1584 1741
1584 1746
1584 1750
1584 1752
1584 1753
1584 1757
1584 1761
1584 1765
1584 1768
1584 1789
1584 1791
1584 1793
1584 1799
1584 1800
1584 1804
1584 1807
1584 1809
1584 1810
1584 1813
1584 1816
1584 1818
1584 1819
1584 1823
1584 1826
1584 1827
1584 1833
1584 1835
1584 1839
1584 1843
1584 1845
1584 1849
1584 1864
1584 1867
1584 1868
1584 1877
1584 1879
1584 1886
1584 1888
1584 1894
1584 1902
1585 107
1585 1050
1585 1055
1585 1123
1585 1193
1585 1266
1585 1272
1585 1337
1585 1431
1585 1434
1585 1441
1585 1477
1585 1544
1585 1564
1585 1590
1585 1666
1585 1779
1585 1822
1585 1860
1585 1905
1586 107
1586 1046
1586 1194
1587 107
1587 896
1587 975
1587 981
1587 1019
1587 1021
1587 1067
1587 1082
1587 1104
1587 1120
1587 1129
1587 1148
1587 1190
1587 1192
1587 1204
1587 1215
1587 1227
1587 1229
1587 1231
1587 1235
1587 1257
1587 1277
1587 1279
1587 1284
1587 1298
1587 1322
1587 1345
1587 1347
1587 1426
1587 1438
1587 1459
1587 1462
1587 1479
1587 1502
1587 1573
1587 1576
1587 1583
1587 1591
1587 1596
1587 1611
1587 1628
1587 1636
1587 1647
1587 1655
1587 1680
1587 1720
1587 1728
1587 1742
1587 1786
1587 1820
1587 1857
1587 1893
1587 1899
1588 107
1588 908
1588 1085
1588 1136
1588 1144
1588 1187
1588 1203
1588 1274
1588 1307
1588 1360
1588 1494
1588 1555
1588 1567
1588 1593
1588 1676
1588 1678
1588 1687
1588 1705
1588 1719
1588 1803
1588 1806
1588 1847
1588 1866
1589 107
1589 916
1589 921
1589 925
1589 927
1589 932
1589 934
1589 946
1589 947
1589 952
1589 953
1589 966
1589 967
1589 978
1589 980
1589 982
1589 993
1589 999
1589 1003
1589 1004
1589 1017
1589 1026
1589 1028
1589 1040
1589 1048
1589 1049
1589 1059
1589 1076
1589 1078
1589 1079
1589 1083
1589 1086
1589 1092
1589 1101
1589 1107
1589 1117
1589 1124
1589 1125
1589 1126
1589 1128
1589 1132
1589 1135
1589 1146
1589 1149
1589 1153
1589 1156
1589 1163
1589 1172
1589 1181
1589 1182
1589 1184
1589 1185
1589 1191
1589 1198
1589 1199
1589 1211
1589 1214
1589 1222
1589 1230
1589 1238
1589 1242
1589 1243
1589 1250
1589 1255
1589 1256
1589 1267
1589 1269
1589 1272
1589 1287
1589 1289
1589 1290
1589 1291
1589 1293
1589 1302
1589 1305
1589 1312
1589 1329
1589 1330
1589 1331
1589 1334
1589 1335
1589 1339
1589 1341
1589 1344
1589 1352
1589 1361
1589 1365
1589 1367
1589 1369
1589 1370
1589 1375
1589 1376
1589 1377
1589 1388
1589 1390
1589 1391
1589 1399
1589 1409
1589 1411
1589 1416
1589 1420
1589 1431
1589 1439
1589 1447
1589 1449
1589 1456
1589 1467
1589 1471
1589 1483
1589 1491
1589 1509
1589 1516
1589 1520
1589 1522
1589 1524
1589 1528
1589 1530
1589 1538
1589 1542
1589 1547
1589 1551
1589 1554
1589 1557
1589 1559
1589 1563
1589 1571
1589 1580
1589 1584
1589 1590
1589 1597
1589 1598
1589 1603
1589 1604
1589 1605
1589 1608
1589 1609
1589 1610
1589 1612
1589 1613
1589 1614
1589 1617
1589 1621
1589 1622
1589 1623
1589 1632
1589 1637
1589 1639
1589 1643
1589 1662
1589 1663
1589 1665
1589 1668
1589 1669
1589 1675
1589 1683
1589 1685
1589 1689
1589 1707
1589 1712
1589 1714
1589 1717
1589 1721
1589 1722
1589 1730
1589 1734
1589 1735
1589 1736
1589 1737
1589 1746
1589 1750
1589 1752
1589 1753
1589 1754
1589 1757
1589 1761
1589 1765
1589 1768
1589 1772
1589 1782
1589 1793
1589 1795
1589 1796
1589 1799
1589 1800
1589 1804
1589 1810
1589 1813
1589 1816
1589 1819
1589 1823
1589 1827
1589 1833
1589 1835
1589 1839
1589 1842
1589 1845
1589 1849
1589 1864
1589 1867
1589 1868
1589 1879
1589 1886
1589 1888
1589 1891
1589 1902
1590 107
1590 897
1590 922
1590 925
1590 927
1590 946
1590 947
1590 953
1590 967
1590 991
1590 993
1590 1026
1590 1048
1590 1117
1590 1123
1590 1126
1590 1133
1590 1135
1590 1173
1590 1175
1590 1185
1590 1195
1590 1222
1590 1243
1590 1255
1590 1265
1590 1267
1590 1272
1590 1290
1590 1291
1590 1305
1590 1312
1590 1329
1590 1352
1590 1369
1590 1376
1590 1377
1590 1405
1590 1420
1590 1431
1590 1434
1590 1440
1590 1458
1590 1460
1590 1467
1590 1470
1590 1471
1590 1480
1590 1509
1590 1513
1590 1520
1590 1522
1590 1563
1590 1570
1590 1584
1590 1585
1590 1589
1590 1608
1590 1612
1590 1613
1590 1614
1590 1617
1590 1621
1590 1637
1590 1639
1590 1643
1590 1663
1590 1714
1590 1717
1590 1718
1590 1735
1590 1736
1590 1765
1590 1768
1590 1782
1590 1793
1590 1800
1590 1804
1590 1819
1590 1835
1590 1846
1590 1851
1590 1863
1590 1879
1590 1883
1590 1886
1590 1888
1590 1902
1591 107
1591 896
1591 902
1591 954
1591 957
1591 971
1591 975
1591 984
1591 988
1591 1019
1591 1020
1591 1032
1591 1060
1591 1067
1591 1082
1591 1100
1591 1102
1591 1106
1591 1120
1591 1143
1591 1148
1591 1158
1591 1159
1591 1176
1591 1192
1591 1204
1591 1215
1591 1227
1591 1229
1591 1231
1591 1235
1591 1244
1591 1257
1591 1263
1591 1277
1591 1282
1591 1284
1591 1286
1591 1292
1591 1298
1591 1322
1591 1345
1591 1347
1591 1366
1591 1373
1591 1379
1591 1381
1591 1413
1591 1423
1591 1426
1591 1448
1591 1459
1591 1462
1591 1475
1591 1481
1591 1489
1591 1495
1591 1502
1591 1515
1591 1550
1591 1569
1591 1573
1591 1583
1591 1587
1591 1595
1591 1596
1591 1611
1591 1628
1591 1636
1591 1649
1591 1655
1591 1661
1591 1680
1591 1691
1591 1706
1591 1715
1591 1716
1591 1720
1591 1727
1591 1764
1591 1781
1591 1783
1591 1786
1591 1807
1591 1828
1591 1841
1591 1857
1591 1862
1591 1871
1591 1872
1591 1873
1591 1884
1591 1887
1591 1893
1591 1899
1592 107
1592 1009
1592 1014
1592 1015
1592 1036
1592 1067
1592 1100
1592 1129
1592 1192
1592 1229
1592 1231
1592 1257
1592 1322
1592 1345
1592 1413
1592 1423
1592 1438
1592 1459
1592 1573
1592 1576
1592 1583
1592 1628
1592 1647
1592 1841
1592 1872
1593 107
1593 908
1593 1045
1593 1085
1593 1098
1593 1136
1593 1144
1593 1187
1593 1218
1593 1232
1593 1274
1593 1307
1593 1328
1593 1337
1593 1360
1593 1410
1593 1452
1593 1494
1593 1505
1593 1555
1593 1567
1593 1588
1593 1687
1593 1705
1593 1708
1593 1758
1593 1784
1593 1787
1593 1803
1593 1806
1593 1825
1593 1866
1594 107
1594 932
1594 1157
1594 1195
1594 1335
1594 1383
1594 1391
1594 1419
1594 1437
1594 1440
1594 1559
1594 1741
1594 1851
1594 1858
1594 1909
1594 1911
1595 107
1595 483
1595 637
1595 896
1595 898
1595 917
1595 942
1595 954
1595 1014
1595 1018
1595 1032
1595 1066
1595 1099
1595 1166
1595 1192
1595 1261
1595 1273
1595 1277
1595 1281
1595 1282
1595 1303
1595 1345
1595 1396
1595 1479
1595 1495
1595 1515
1595 1573
1595 1583
1595 1584
1595 1591
1595 1661
1595 1729
1595 1742
1595 1783
1595 1786
1595 1820
1595 1875
1595 1893
1595 1894
1596 107
1596 896
1596 902
1596 941
1596 957
1596 975
1596 981
1596 988
1596 1009
1596 1019
1596 1021
1596 1036
1596 1044
1596 1060
1596 1064
1596 1067
1596 1082
1596 1100
1596 1104
1596 1115
1596 1120
1596 1129
1596 1148
1596 1158
1596 1190
1596 1192
1596 1204
1596 1221
1596 1227
1596 1229
1596 1231
1596 1235
1596 1257
1596 1277
1596 1279
1596 1292
1596 1298
1596 1322
1596 1345
1596 1347
1596 1373
1596 1379
1596 1404
1596 1413
1596 1426
1596 1432
1596 1448
1596 1459
1596 1462
1596 1475
1596 1479
1596 1502
1596 1550
1596 1573
1596 1576
1596 1578
1596 1583
1596 1587
1596 1591
1596 1611
1596 1628
1596 1636
1596 1680
1596 1682
1596 1691
1596 1716
1596 1783
1596 1786
1596 1841
1596 1857
1596 1859
1596 1862
1596 1872
1596 1873
1596 1884
1596 1899
1596 1903
1597 107
1597 916
1597 925
1597 934
1597 946
1597 947
1597 952
1597 973
1597 993
1597 1003
1597 1004
1597 1017
1597 1028
1597 1049
1597 1075
1597 1076
1597 1078
1597 1079
1597 1101
1597 1128
1597 1132
1597 1172
1597 1181
1597 1184
1597 1185
1597 1199
1597 1209
1597 1211
1597 1230
1597 1242
1597 1250
1597 1267
1597 1290
1597 1291
1597 1327
1597 1335
1597 1340
1597 1344
1597 1352
1597 1367
1597 1375
1597 1376
1597 1377
1597 1390
1597 1391
1597 1399
1597 1416
1597 1420
1597 1431
1597 1435
1597 1447
1597 1467
1597 1471
1597 1483
1597 1491
1597 1516
1597 1520
1597 1530
1597 1532
1597 1540
1597 1551
1597 1554
1597 1557
1597 1559
1597 1572
1597 1584
1597 1589
1597 1600
1597 1603
1597 1610
1597 1612
1597 1617
1597 1621
1597 1622
1597 1623
1597 1632
1597 1643
1597 1644
1597 1652
1597 1653
1597 1659
1597 1663
1597 1665
1597 1683
1597 1688
1597 1689
1597 1707
1597 1714
1597 1721
1597 1735
1597 1736
1597 1737
1597 1746
1597 1750
1597 1752
1597 1761
1597 1791
1597 1795
1597 1799
1597 1800
1597 1804
1597 1816
1597 1819
1597 1823
1597 1827
1597 1833
1597 1842
1597 1867
1597 1877
1597 1879
1597 1886
1597 1888
1598 107
1598 484
1598 916
1598 925
1598 946
1598 947
1598 959
1598 960
1598 982
1598 993
1598 1003
1598 1004
1598 1006
1598 1017
1598 1024
1598 1029
1598 1040
1598 1056
1598 1059
1598 1068
1598 1078
1598 1083
1598 1086
1598 1091
1598 1101
1598 1107
1598 1117
1598 1125
1598 1126
1598 1130
1598 1132
1598 1153
1598 1163
1598 1172
1598 1175
1598 1180
1598 1184
1598 1198
1598 1199
1598 1201
1598 1207
1598 1211
1598 1214
1598 1238
1598 1256
1598 1271
1598 1280
1598 1285
1598 1287
1598 1288
1598 1289
1598 1291
1598 1302
1598 1330
1598 1331
1598 1335
1598 1336
1598 1339
1598 1341
1598 1352
1598 1370
1598 1377
1598 1380
1598 1388
1598 1390
1598 1391
1598 1402
1598 1409
1598 1431
1598 1447
1598 1449
1598 1456
1598 1457
1598 1467
1598 1471
1598 1480
1598 1483
1598 1488
1598 1516
1598 1530
1598 1542
1598 1557
1598 1559
1598 1570
1598 1571
1598 1580
1598 1584
1598 1589
1598 1600
1598 1603
1598 1604
1598 1610
1598 1613
1598 1619
1598 1622
1598 1639
1598 1652
1598 1659
1598 1662
1598 1663
1598 1665
1598 1668
1598 1707
1598 1712
1598 1714
1598 1717
1598 1736
1598 1741
1598 1746
1598 1757
1598 1772
1598 1789
1598 1793
1598 1794
1598 1795
1598 1797
1598 1800
1598 1804
1598 1809
1598 1816
1598 1823
1598 1826
1598 1832
1598 1833
1598 1839
1598 1842
1598 1843
1598 1849
1598 1867
1598 1868
1598 1877
1598 1879
1598 1886
1598 1888
1598 1898
1598 1902
1599 107
1599 1162
1599 1374
1599 1497
1599 1566
1599 1696
1599 1731
1599 1744
1599 1761
1599 1814
1599 1901
