1600 107
1600 526
1600 906
1600 925
1600 993
1600 1003
1600 1004
1600 1006
1600 1029
1600 1054
1600 1059
1600 1075
1600 1076
1600 1078
1600 1079
1600 1086
1600 1110
1600 1112
1600 1116
1600 1128
1600 1132
1600 1146
1600 1153
1600 1160
1600 1164
1600 1175
1600 1180
1600 1181
1600 1184
1600 1198
1600 1201
1600 1209
1600 1214
1600 1242
1600 1250
1600 1255
1600 1269
1600 1290
1600 1327
1600 1329
1600 1339
1600 1340
1600 1344
1600 1352
1600 1367
1600 1370
1600 1376
1600 1377
1600 1380
1600 1390
1600 1391
1600 1416
1600 1431
1600 1435
1600 1457
1600 1471
1600 1480
1600 1516
1600 1520
1600 1522
1600 1523
1600 1540
1600 1547
1600 1554
1600 1557
1600 1570
1600 1571
1600 1584
1600 1597
1600 1598
1600 1603
1600 1609
1600 1610
1600 1612
1600 1620
1600 1621
1600 1622
1600 1623
1600 1632
1600 1652
1600 1653
1600 1659
1600 1663
1600 1669
1600 1683
1600 1685
1600 1688
1600 1689
1600 1714
1600 1717
1600 1721
1600 1724
1600 1730
1600 1736
1600 1737
1600 1746
1600 1750
1600 1752
1600 1761
1600 1768
1600 1789
1600 1791
1600 1795
1600 1800
1600 1804
1600 1811
1600 1813
1600 1816
1600 1819
1600 1827
1600 1835
1600 1861
1600 1867
1600 1877
1600 1879
1600 1888
1600 1891
1601 107
1601 901
1601 903
1601 938
1601 958
1601 963
1601 992
1601 1097
1601 1118
1601 1137
1601 1216
1601 1232
1601 1314
1601 1319
1601 1333
1601 1371
1601 1378
1601 1424
1601 1452
1601 1468
1601 1493
1601 1533
1601 1548
1601 1568
1601 1629
1601 1733
1601 1784
1601 1787
1601 1798
1601 1837
1601 1880
1601 1895
1602 107
1602 915
1602 1113
1602 1142
1602 1294
1602 1318
1602 1408
1602 1514
1602 1565
1602 1695
1602 1790
1602 1882
1603 107
1603 921
1603 927
1603 934
1603 946
1603 947
1603 952
1603 960
1603 967
1603 978
1603 980
1603 993
1603 999
1603 1004
1603 1006
1603 1017
1603 1026
1603 1028
1603 1049
1603 1059
1603 1078
1603 1086
1603 1092
1603 1107
1603 1126
1603 1128
1603 1132
1603 1135
1603 1146
1603 1149
1603 1156
1603 1164
1603 1181
1603 1182
1603 1184
1603 1185
1603 1195
1603 1199
1603 1211
1603 1222
1603 1230
1603 1242
1603 1250
1603 1255
1603 1267
1603 1269
1603 1272
1603 1289
1603 1291
1603 1302
1603 1305
1603 1312
1603 1329
1603 1330
1603 1331
1603 1334
1603 1335
1603 1341
1603 1352
1603 1361
1603 1367
1603 1376
1603 1377
1603 1390
1603 1391
1603 1399
1603 1401
1603 1420
1603 1431
1603 1449
1603 1456
1603 1467
1603 1471
1603 1491
1603 1509
1603 1516
1603 1520
1603 1522
1603 1528
1603 1530
1603 1538
1603 1539
1603 1547
1603 1551
1603 1554
1603 1557
1603 1559
1603 1563
1603 1570
1603 1584
1603 1589
1603 1597
1603 1598
1603 1600
1603 1608
1603 1610
1603 1612
1603 1613
1603 1619
1603 1621
1603 1622
1603 1623
1603 1643
1603 1662
1603 1663
1603 1668
1603 1669
1603 1675
1603 1685
1603 1707
1603 1712
1603 1714
1603 1717
1603 1721
1603 1730
1603 1734
1603 1735
1603 1736
1603 1741
1603 1746
1603 1750
1603 1752
1603 1753
1603 1757
1603 1761
1603 1768
1603 1791
1603 1793
1603 1795
1603 1799
1603 1800
1603 1804
1603 1810
1603 1813
1603 1823
1603 1827
1603 1833
1603 1835
1603 1839
1603 1845
1603 1849
1603 1864
1603 1879
1603 1886
1603 1888
1604 107
1604 484
1604 926
1604 932
1604 947
1604 953
1604 959
1604 960
1604 967
1604 982
1604 993
1604 997
1604 1006
1604 1017
1604 1024
1604 1029
1604 1040
1604 1056
1604 1068
1604 1078
1604 1083
1604 1086
1604 1095
1604 1101
1604 1107
1604 1117
1604 1124
1604 1125
1604 1126
1604 1132
1604 1135
1604 1153
1604 1156
1604 1160
1604 1163
1604 1172
1604 1173
1604 1191
1604 1199
1604 1205
1604 1207
1604 1211
1604 1222
1604 1238
1604 1243
1604 1247
1604 1255
1604 1256
1604 1271
1604 1280
1604 1289
1604 1302
1604 1323
1604 1330
1604 1335
1604 1336
1604 1352
1604 1359
1604 1361
1604 1370
1604 1377
1604 1380
1604 1388
1604 1389
1604 1390
1604 1391
1604 1399
1604 1402
1604 1409
1604 1431
1604 1447
1604 1449
1604 1456
1604 1470
1604 1471
1604 1483
1604 1487
1604 1488
1604 1497
1604 1509
1604 1516
1604 1517
1604 1522
1604 1532
1604 1535
1604 1542
1604 1551
1604 1559
1604 1570
1604 1571
1604 1580
1604 1584
1604 1589
1604 1598
1604 1605
1604 1609
1604 1610
1604 1613
1604 1614
1604 1617
1604 1619
1604 1620
1604 1622
1604 1632
1604 1637
1604 1662
1604 1663
1604 1665
1604 1668
1604 1669
1604 1675
1604 1685
1604 1688
1604 1707
1604 1714
1604 1717
1604 1722
1604 1730
1604 1734
1604 1736
1604 1741
1604 1768
1604 1772
1604 1789
1604 1791
1604 1793
1604 1800
1604 1804
1604 1809
1604 1811
1604 1813
1604 1816
1604 1818
1604 1826
1604 1835
1604 1839
1604 1842
1604 1843
1604 1849
1604 1861
1604 1863
1604 1868
1604 1879
1604 1885
1604 1888
1604 1897
1604 1898
1604 1902
1605 107
1605 916
1605 926
1605 932
1605 953
1605 966
1605 997
1605 1006
1605 1017
1605 1076
1605 1083
1605 1084
1605 1086
1605 1092
1605 1107
1605 1126
1605 1132
1605 1153
1605 1156
1605 1160
1605 1163
1605 1172
1605 1173
1605 1184
1605 1199
1605 1205
1605 1207
1605 1214
1605 1238
1605 1256
1605 1271
1605 1280
1605 1288
1605 1293
1605 1330
1605 1331
1605 1341
1605 1352
1605 1359
1605 1361
1605 1367
1605 1370
1605 1380
1605 1388
1605 1399
1605 1402
1605 1409
1605 1431
1605 1437
1605 1447
1605 1456
1605 1457
1605 1470
1605 1471
1605 1483
1605 1488
1605 1542
1605 1547
1605 1554
1605 1580
1605 1589
1605 1604
1605 1610
1605 1617
1605 1619
1605 1622
1605 1663
1605 1665
1605 1675
1605 1685
1605 1707
1605 1714
1605 1722
1605 1730
1605 1741
1605 1746
1605 1757
1605 1768
1605 1800
1605 1804
1605 1809
1605 1816
1605 1826
1605 1839
1605 1843
1605 1849
1605 1868
1605 1888
1605 1898
1605 1902
1606 107
1606 353
1606 363
1606 483
1606 580
1606 606
1606 637
1606 641
1606 651
1606 936
1606 1113
1606 1179
1606 1210
1606 1300
1606 1318
1606 1320
1606 1332
1606 1349
1606 1358
1606 1565
1606 1616
1606 1645
1606 1695
1606 1740
1606 1744
1606 1766
1606 1778
1606 1844
1606 1870
1606 1881
1606 1882
1607 107
1607 1053
1607 1057
1607 1664
1607 1896
1608 107
1608 921
1608 925
1608 926
1608 927
1608 934
1608 946
1608 947
1608 952
1608 980
1608 993
1608 997
1608 1029
1608 1039
1608 1048
1608 1054
1608 1078
1608 1079
1608 1086
1608 1116
1608 1117
1608 1124
1608 1126
1608 1146
1608 1160
1608 1173
1608 1175
1608 1182
1608 1185
1608 1191
1608 1195
1608 1199
1608 1201
1608 1205
1608 1211
1608 1222
1608 1230
1608 1238
1608 1243
1608 1250
1608 1255
1608 1265
1608 1267
1608 1269
1608 1280
1608 1291
1608 1293
1608 1329
1608 1330
1608 1331
1608 1334
1608 1335
1608 1339
1608 1341
1608 1352
1608 1359
1608 1369
1608 1376
1608 1377
1608 1390
1608 1391
1608 1409
1608 1431
1608 1447
1608 1456
1608 1491
1608 1509
1608 1516
1608 1522
1608 1524
1608 1528
1608 1530
1608 1535
1608 1539
1608 1551
1608 1554
1608 1559
1608 1570
1608 1580
1608 1584
1608 1589
1608 1590
1608 1603
1608 1610
1608 1612
1608 1613
1608 1617
1608 1621
1608 1622
1608 1637
1608 1643
1608 1663
1608 1669
1608 1675
1608 1689
1608 1707
1608 1714
1608 1730
1608 1735
1608 1736
1608 1746
1608 1753
1608 1761
1608 1768
1608 1772
1608 1795
1608 1800
1608 1804
1608 1823
1608 1827
1608 1833
1608 1835
1608 1839
1608 1842
1608 1861
1608 1888
1608 1902
1609 107
1609 526
1609 906
1609 927
1609 953
1609 978
1609 993
1609 997
1609 1029
1609 1047
1609 1048
1609 1056
1609 1075
1609 1092
1609 1110
1609 1116
1609 1117
1609 1124
1609 1156
1609 1160
1609 1172
1609 1173
1609 1182
1609 1191
1609 1199
1609 1201
1609 1205
1609 1211
1609 1214
1609 1222
1609 1230
1609 1238
1609 1243
1609 1255
1609 1265
1609 1269
1609 1280
1609 1290
1609 1323
1609 1329
1609 1330
1609 1352
1609 1359
1609 1376
1609 1377
1609 1388
1609 1389
1609 1393
1609 1402
1609 1447
1609 1470
1609 1483
1609 1509
1609 1522
1609 1523
1609 1528
1609 1535
1609 1551
1609 1554
1609 1557
1609 1559
1609 1570
1609 1589
1609 1600
1609 1604
1609 1610
1609 1620
1609 1621
1609 1637
1609 1643
1609 1663
1609 1665
1609 1669
1609 1675
1609 1688
1609 1717
1609 1730
1609 1768
1609 1782
1609 1791
1609 1793
1609 1800
1609 1804
1609 1811
1609 1813
1609 1835
1609 1842
1609 1861
1609 1864
1609 1888
1609 1898
1609 1902
1610 107
1610 916
1610 925
1610 934
1610 946
1610 947
1610 953
1610 960
1610 966
1610 978
1610 980
1610 982
1610 997
1610 1004
1610 1006
1610 1017
1610 1024
1610 1028
1610 1047
1610 1059
1610 1076
1610 1079
1610 1083
1610 1086
1610 1101
1610 1107
1610 1117
1610 1123
1610 1124
1610 1125
1610 1126
1610 1128
1610 1130
1610 1132
1610 1146
1610 1153
1610 1156
1610 1160
1610 1163
1610 1172
1610 1173
1610 1175
1610 1181
1610 1184
1610 1185
1610 1191
1610 1198
1610 1199
1610 1201
1610 1205
1610 1207
1610 1211
1610 1219
1610 1222
1610 1238
1610 1243
1610 1250
1610 1255
1610 1256
1610 1269
1610 1271
1610 1272
1610 1285
1610 1287
1610 1288
1610 1302
1610 1305
1610 1323
1610 1330
1610 1331
1610 1335
1610 1336
1610 1339
1610 1340
1610 1341
1610 1344
1610 1351
1610 1352
1610 1361
1610 1367
1610 1370
1610 1376
1610 1377
1610 1380
1610 1389
1610 1390
1610 1399
1610 1402
1610 1416
1610 1431
1610 1439
1610 1447
1610 1449
1610 1456
1610 1457
1610 1471
1610 1480
1610 1484
1610 1488
1610 1509
1610 1516
1610 1517
1610 1520
1610 1530
1610 1542
1610 1547
1610 1551
1610 1554
1610 1556
1610 1559
1610 1563
1610 1580
1610 1589
1610 1597
1610 1598
1610 1600
1610 1603
1610 1604
1610 1605
1610 1608
1610 1609
1610 1612
1610 1613
1610 1619
1610 1621
1610 1622
1610 1623
1610 1639
1610 1643
1610 1652
1610 1653
1610 1662
1610 1663
1610 1665
1610 1668
1610 1669
1610 1675
1610 1685
1610 1707
1610 1712
1610 1717
1610 1721
1610 1723
1610 1730
1610 1736
1610 1746
1610 1752
1610 1753
1610 1754
1610 1757
1610 1761
1610 1768
1610 1772
1610 1782
1610 1789
1610 1793
1610 1796
1610 1799
1610 1800
1610 1804
1610 1809
1610 1811
1610 1813
1610 1816
1610 1826
1610 1827
1610 1832
1610 1833
1610 1839
1610 1842
1610 1849
1610 1868
1610 1874
1610 1879
1610 1886
1610 1888
1610 1891
1610 1898
1610 1902
1611 107
1611 483
1611 896
1611 902
1611 927
1611 941
1611 957
1611 975
1611 981
1611 1009
1611 1014
1611 1019
1611 1067
1611 1082
1611 1104
1611 1120
1611 1129
1611 1148
1611 1158
1611 1192
1611 1204
1611 1221
1611 1227
1611 1229
1611 1231
1611 1235
1611 1246
1611 1277
1611 1279
1611 1286
1611 1292
1611 1298
1611 1315
1611 1322
1611 1345
1611 1347
1611 1350
1611 1379
1611 1392
1611 1404
1611 1413
1611 1432
1611 1438
1611 1448
1611 1459
1611 1462
1611 1475
1611 1479
1611 1550
1611 1569
1611 1573
1611 1576
1611 1583
1611 1587
1611 1591
1611 1596
1611 1628
1611 1636
1611 1647
1611 1655
1611 1682
1611 1691
1611 1716
1611 1720
1611 1841
1611 1857
1611 1862
1611 1872
1611 1873
1611 1887
1611 1899
1611 1903
1612 107
1612 897
1612 916
1612 921
1612 925
1612 927
1612 934
1612 946
1612 947
1612 952
1612 960
1612 978
1612 980
1612 993
1612 999
1612 1003
1612 1004
1612 1006
1612 1017
1612 1026
1612 1028
1612 1048
1612 1054
1612 1059
1612 1076
1612 1078
1612 1079
1612 1083
1612 1101
1612 1107
1612 1112
1612 1123
1612 1125
1612 1126
1612 1128
1612 1130
1612 1132
1612 1135
1612 1146
1612 1149
1612 1156
1612 1175
1612 1181
1612 1182
1612 1184
1612 1185
1612 1195
1612 1196
1612 1198
1612 1199
1612 1209
1612 1211
1612 1230
1612 1238
1612 1242
1612 1243
1612 1250
1612 1255
1612 1267
1612 1269
1612 1271
1612 1272
1612 1287
1612 1289
1612 1290
1612 1302
1612 1305
1612 1312
1612 1329
1612 1331
1612 1334
1612 1335
1612 1339
1612 1340
1612 1341
1612 1344
1612 1351
1612 1352
1612 1361
1612 1365
1612 1367
1612 1370
1612 1375
1612 1376
1612 1377
1612 1388
1612 1390
1612 1391
1612 1398
1612 1399
1612 1405
1612 1416
1612 1420
1612 1431
1612 1447
1612 1449
1612 1457
1612 1467
1612 1471
1612 1480
1612 1485
1612 1491
1612 1509
1612 1516
1612 1520
1612 1522
1612 1528
1612 1530
1612 1538
1612 1539
1612 1551
1612 1554
1612 1557
1612 1559
1612 1563
1612 1570
1612 1584
1612 1589
1612 1590
1612 1597
1612 1600
1612 1603
1612 1608
1612 1610
1612 1613
1612 1614
1612 1617
1612 1619
1612 1621
1612 1622
1612 1623
1612 1632
1612 1637
1612 1639
1612 1643
1612 1652
1612 1653
1612 1662
1612 1663
1612 1668
1612 1669
1612 1675
1612 1683
1612 1685
1612 1689
1612 1707
1612 1714
1612 1717
1612 1721
1612 1730
1612 1735
1612 1736
1612 1737
1612 1741
1612 1746
1612 1750
1612 1752
1612 1753
1612 1757
1612 1761
1612 1765
1612 1768
1612 1769
1612 1774
1612 1782
1612 1789
1612 1791
1612 1795
1612 1796
1612 1799
1612 1800
1612 1804
1612 1810
1612 1816
1612 1819
1612 1823
1612 1826
1612 1827
1612 1833
1612 1835
1612 1836
1612 1839
1612 1849
1612 1851
1612 1867
1612 1877
1612 1879
1612 1886
1612 1888
1612 1891
1613 107
1613 916
1613 921
1613 925
1613 927
1613 934
1613 947
1613 953
1613 960
1613 978
1613 980
1613 993
1613 997
1613 1003
1613 1006
1613 1026
1613 1028
1613 1029
1613 1040
1613 1048
1613 1054
1613 1059
1613 1068
1613 1076
1613 1079
1613 1086
1613 1101
1613 1107
1613 1117
1613 1126
1613 1132
1613 1135
1613 1146
1613 1149
1613 1163
1613 1172
1613 1173
1613 1181
1613 1182
1613 1184
1613 1185
1613 1191
1613 1198
1613 1199
1613 1211
1613 1214
1613 1222
1613 1238
1613 1242
1613 1243
1613 1250
1613 1255
1613 1256
1613 1267
1613 1269
1613 1271
1613 1272
1613 1289
1613 1290
1613 1291
1613 1293
1613 1302
1613 1305
1613 1312
1613 1329
1613 1330
1613 1331
1613 1334
1613 1335
1613 1339
1613 1340
1613 1352
1613 1367
1613 1375
1613 1376
1613 1377
1613 1388
1613 1390
1613 1391
1613 1402
1613 1409
1613 1416
1613 1420
1613 1431
1613 1439
1613 1447
1613 1456
1613 1467
1613 1471
1613 1483
1613 1491
1613 1509
1613 1516
1613 1517
1613 1520
1613 1522
1613 1524
1613 1528
1613 1530
1613 1537
1613 1547
1613 1554
1613 1557
1613 1559
1613 1563
1613 1570
1613 1580
1613 1584
1613 1589
1613 1590
1613 1598
1613 1603
1613 1604
1613 1608
1613 1610
1613 1612
1613 1614
1613 1617
1613 1620
1613 1621
1613 1622
1613 1623
1613 1632
1613 1637
1613 1639
1613 1643
1613 1644
1613 1652
1613 1653
1613 1662
1613 1663
1613 1665
1613 1668
1613 1669
1613 1675
1613 1683
1613 1685
1613 1689
1613 1707
1613 1712
1613 1714
1613 1717
1613 1721
1613 1730
1613 1734
1613 1735
1613 1736
1613 1737
1613 1746
1613 1752
1613 1753
1613 1757
1613 1761
1613 1765
1613 1768
1613 1772
1613 1789
1613 1791
1613 1793
1613 1795
1613 1796
1613 1799
1613 1800
1613 1804
1613 1809
1613 1811
1613 1813
1613 1816
1613 1821
1613 1823
1613 1827
1613 1833
1613 1835
1613 1842
1613 1849
1613 1861
1613 1867
1613 1868
1613 1879
1613 1888
1613 1891
1613 1902
1614 107
1614 916
1614 922
1614 925
1614 946
1614 947
1614 967
1614 1003
1614 1017
1614 1024
1614 1028
1614 1048
1614 1075
1614 1123
1614 1126
1614 1130
1614 1146
1614 1175
1614 1195
1614 1199
1614 1238
1614 1255
1614 1290
1614 1305
1614 1312
1614 1352
1614 1361
1614 1377
1614 1391
1614 1405
1614 1407
1614 1420
1614 1431
1614 1449
1614 1456
1614 1467
1614 1471
1614 1480
1614 1516
1614 1557
1614 1580
1614 1584
1614 1589
1614 1590
1614 1604
1614 1612
1614 1613
1614 1621
1614 1665
1614 1669
1614 1675
1614 1689
1614 1730
1614 1735
1614 1752
1614 1761
1614 1765
1614 1768
1614 1772
1614 1782
1614 1796
1614 1799
1614 1800
1614 1819
1614 1833
1614 1846
1614 1851
1614 1864
1614 1867
1614 1886
1614 1888
1615 107
1615 900
1615 908
1615 970
1615 1023
1615 1033
1615 1136
1615 1187
1615 1274
1615 1307
1615 1325
1615 1360
1615 1421
1615 1433
1615 1494
1615 1511
1615 1553
1615 1555
1615 1567
1615 1687
1615 1698
1615 1708
1615 1806
1615 1866
1616 107
1616 353
1616 363
1616 366
1616 376
1616 483
1616 484
1616 517
1616 526
1616 580
1616 606
1616 637
1616 641
1616 930
1616 936
1616 976
1616 1001
1616 1012
1616 1080
1616 1114
1616 1122
1616 1142
1616 1155
1616 1179
1616 1237
1616 1320
1616 1358
1616 1374
1616 1400
1616 1446
1616 1490
1616 1506
1616 1512
1616 1514
1616 1574
1616 1606
1616 1631
1616 1645
1616 1671
1616 1673
1616 1677
1616 1692
1616 1694
1616 1740
1616 1744
1616 1767
1616 1790
1616 1844
1616 1881
1616 1882
1617 107
1617 916
1617 925
1617 946
1617 947
1617 952
1617 960
1617 993
1617 999
1617 1004
1617 1017
1617 1024
1617 1028
1617 1059
1617 1074
1617 1076
1617 1078
1617 1086
1617 1092
1617 1107
1617 1116
1617 1123
1617 1126
1617 1149
1617 1153
1617 1163
1617 1175
1617 1182
1617 1184
1617 1185
1617 1199
1617 1211
1617 1230
1617 1250
1617 1255
1617 1267
1617 1269
1617 1287
1617 1289
1617 1293
1617 1302
1617 1305
1617 1312
1617 1323
1617 1329
1617 1331
1617 1351
1617 1352
1617 1365
1617 1367
1617 1369
1617 1370
1617 1375
1617 1376
1617 1377
1617 1390
1617 1399
1617 1402
1617 1467
1617 1491
1617 1509
1617 1516
1617 1522
1617 1523
1617 1530
1617 1532
1617 1551
1617 1554
1617 1557
1617 1584
1617 1589
1617 1590
1617 1597
1617 1604
1617 1605
1617 1608
1617 1612
1617 1613
1617 1621
1617 1632
1617 1637
1617 1643
1617 1662
1617 1663
1617 1668
1617 1669
1617 1689
1617 1700
1617 1707
1617 1714
1617 1717
1617 1718
1617 1730
1617 1735
1617 1741
1617 1746
1617 1750
1617 1754
1617 1789
1617 1791
1617 1793
1617 1799
1617 1800
1617 1804
1617 1813
1617 1816
1617 1826
1617 1827
1617 1833
1617 1835
1617 1845
1617 1849
1617 1851
1617 1864
1617 1877
1617 1886
1617 1888
1618 107
1618 925
1618 951
1618 1003
1618 1149
1618 1161
1618 1196
1618 1327
1618 1337
1618 1367
1618 1390
1618 1411
1618 1485
1618 1523
1618 1540
1618 1554
1618 1577
1618 1622
1618 1717
1618 1718
1618 1819
1618 1827
1618 1836
1618 1877
1619 107
1619 916
1619 946
1619 953
1619 959
1619 960
1619 966
1619 982
1619 983
1619 1006
1619 1024
1619 1039
1619 1040
1619 1068
1619 1078
1619 1083
1619 1086
1619 1091
1619 1101
1619 1107
1619 1123
1619 1125
1619 1126
1619 1130
1619 1132
1619 1146
1619 1153
1619 1156
1619 1163
1619 1172
1619 1184
1619 1185
1619 1199
1619 1205
1619 1207
1619 1238
1619 1250
1619 1256
1619 1271
1619 1285
1619 1288
1619 1289
1619 1290
1619 1291
1619 1302
1619 1330
1619 1331
1619 1335
1619 1336
1619 1341
1619 1351
1619 1352
1619 1359
1619 1361
1619 1370
1619 1380
1619 1390
1619 1399
1619 1402
1619 1420
1619 1431
1619 1447
1619 1449
1619 1456
1619 1457
1619 1471
1619 1480
1619 1483
1619 1488
1619 1516
1619 1542
1619 1547
1619 1571
1619 1584
1619 1598
1619 1603
1619 1604
1619 1605
1619 1610
1619 1612
1619 1632
1619 1662
1619 1663
1619 1665
1619 1668
1619 1683
1619 1707
1619 1712
1619 1714
1619 1722
1619 1736
1619 1741
1619 1746
1619 1757
1619 1772
1619 1793
1619 1795
1619 1796
1619 1800
1619 1804
1619 1809
1619 1816
1619 1823
1619 1826
1619 1832
1619 1833
1619 1839
1619 1849
1619 1861
1619 1868
1619 1879
1619 1886
1619 1888
1619 1898
1620 107
1620 484
1620 526
1620 606
1620 897
1620 906
1620 913
1620 925
1620 932
1620 953
1620 993
1620 995
1620 997
1620 1004
1620 1029
1620 1049
1620 1052
1620 1056
1620 1059
1620 1068
1620 1074
1620 1075
1620 1078
1620 1084
1620 1086
1620 1107
1620 1110
1620 1112
1620 1125
1620 1128
1620 1135
1620 1146
1620 1153
1620 1160
1620 1173
1620 1175
1620 1184
1620 1191
1620 1199
1620 1209
1620 1211
1620 1214
1620 1217
1620 1222
1620 1230
1620 1238
1620 1242
1620 1243
1620 1250
1620 1256
1620 1290
1620 1329
1620 1331
1620 1334
1620 1340
1620 1344
1620 1352
1620 1359
1620 1367
1620 1375
1620 1377
1620 1388
1620 1390
1620 1393
1620 1407
1620 1409
1620 1416
1620 1431
1620 1436
1620 1444
1620 1470
1620 1480
1620 1487
1620 1497
1620 1518
1620 1519
1620 1522
1620 1528
1620 1531
1620 1539
1620 1547
1620 1553
1620 1557
1620 1570
1620 1571
1620 1600
1620 1604
1620 1609
1620 1613
1620 1621
1620 1622
1620 1632
1620 1643
1620 1644
1620 1646
1620 1653
1620 1659
1620 1663
1620 1665
1620 1675
1620 1683
1620 1688
1620 1689
1620 1707
1620 1724
1620 1730
1620 1746
1620 1754
1620 1768
1620 1789
1620 1791
1620 1800
1620 1804
1620 1813
1620 1816
1620 1823
1620 1827
1620 1833
1620 1835
1620 1845
1620 1861
1620 1864
1620 1867
1620 1877
1620 1881
1620 1885
1620 1888
1620 1900
1621 107
1621 916
1621 921
1621 925
1621 927
1621 934
1621 946
1621 947
1621 952
1621 953
1621 966
1621 967
1621 978
1621 980
1621 993
1621 999
1621 1004
1621 1006
1621 1017
1621 1026
1621 1047
1621 1048
1621 1049
1621 1059
1621 1069
1621 1075
1621 1076
1621 1078
1621 1079
1621 1083
1621 1086
1621 1101
1621 1107
1621 1117
1621 1126
1621 1128
1621 1132
1621 1135
1621 1146
1621 1149
1621 1153
1621 1155
1621 1163
1621 1172
1621 1175
1621 1181
1621 1184
1621 1185
1621 1191
1621 1195
1621 1199
1621 1201
1621 1211
1621 1222
1621 1230
1621 1243
1621 1255
1621 1256
1621 1267
1621 1269
1621 1287
1621 1288
1621 1291
1621 1293
1621 1302
1621 1305
1621 1312
1621 1323
1621 1329
1621 1330
1621 1334
1621 1335
1621 1339
1621 1341
1621 1351
1621 1352
1621 1361
1621 1367
1621 1375
1621 1376
1621 1377
1621 1380
1621 1389
1621 1390
1621 1391
1621 1399
1621 1409
1621 1417
1621 1420
1621 1431
1621 1439
1621 1453
1621 1456
1621 1457
1621 1467
1621 1471
1621 1480
1621 1483
1621 1488
1621 1491
1621 1509
1621 1513
1621 1516
1621 1520
1621 1522
1621 1523
1621 1538
1621 1539
1621 1547
1621 1551
1621 1554
1621 1557
1621 1559
1621 1561
1621 1563
1621 1570
1621 1580
1621 1584
1621 1589
1621 1590
1621 1597
1621 1600
1621 1603
1621 1608
1621 1609
1621 1610
1621 1612
1621 1613
1621 1614
1621 1617
1621 1620
1621 1622
1621 1623
1621 1637
1621 1643
1621 1652
1621 1659
1621 1662
1621 1663
1621 1668
1621 1669
1621 1675
1621 1683
1621 1685
1621 1689
1621 1707
1621 1714
1621 1717
1621 1718
1621 1721
1621 1730
1621 1734
1621 1735
1621 1736
1621 1741
1621 1746
1621 1750
1621 1752
1621 1753
1621 1757
1621 1761
1621 1765
1621 1768
1621 1782
1621 1789
1621 1791
1621 1793
1621 1799
1621 1800
1621 1804
1621 1809
1621 1810
1621 1813
1621 1819
1621 1823
1621 1826
1621 1827
1621 1833
1621 1835
1621 1839
1621 1842
1621 1849
1621 1867
1621 1868
1621 1879
1621 1886
1621 1888
1621 1891
1621 1902
1622 107
1622 906
1622 916
1622 921
1622 925
1622 932
1622 947
1622 952
1622 953
1622 960
1622 967
1622 978
1622 980
1622 993
1622 997
1622 1003
1622 1004
1622 1017
1622 1026
1622 1040
1622 1047
1622 1048
1622 1059
1622 1068
1622 1076
1622 1079
1622 1086
1622 1092
1622 1107
1622 1110
1622 1117
1622 1124
1622 1126
1622 1128
1622 1146
1622 1149
1622 1153
1622 1156
1622 1163
1622 1175
1622 1184
1622 1185
1622 1199
1622 1209
1622 1214
1622 1222
1622 1230
1622 1242
1622 1250
1622 1255
1622 1267
1622 1269
1622 1272
1622 1288
1622 1289
1622 1290
1622 1291
1622 1302
1622 1305
1622 1312
1622 1330
1622 1331
1622 1335
1622 1336
1622 1339
1622 1340
1622 1344
1622 1352
1622 1367
1622 1370
1622 1376
1622 1377
1622 1380
1622 1388
1622 1390
1622 1391
1622 1399
1622 1402
1622 1405
1622 1409
1622 1416
1622 1420
1622 1431
1622 1435
1622 1447
1622 1456
1622 1457
1622 1460
1622 1491
1622 1509
1622 1513
1622 1516
1622 1517
1622 1520
1622 1522
1622 1523
1622 1539
1622 1540
1622 1554
1622 1557
1622 1559
1622 1563
1622 1571
1622 1584
1622 1589
1622 1597
1622 1598
1622 1600
1622 1603
1622 1604
1622 1605
1622 1608
1622 1610
1622 1612
1622 1613
1622 1618
1622 1620
1622 1621
1622 1632
1622 1639
1622 1643
1622 1644
1622 1652
1622 1653
1622 1659
1622 1662
1622 1663
1622 1669
1622 1675
1622 1683
1622 1685
1622 1688
1622 1689
1622 1707
1622 1712
1622 1714
1622 1717
1622 1722
1622 1724
1622 1730
1622 1736
1622 1741
1622 1746
1622 1750
1622 1752
1622 1753
1622 1761
1622 1765
1622 1768
1622 1789
1622 1791
1622 1793
1622 1795
1622 1796
1622 1799
1622 1800
1622 1804
1622 1813
1622 1819
1622 1823
1622 1827
1622 1833
1622 1835
1622 1839
1622 1842
1622 1843
1622 1845
1622 1849
1622 1851
1622 1861
1622 1867
1622 1877
1622 1879
1622 1886
1622 1888
1622 1891
1622 1902
1623 107
1623 906
1623 916
1623 925
1623 946
1623 978
1623 1003
1623 1004
1623 1017
1623 1049
1623 1059
1623 1076
1623 1079
1623 1107
1623 1126
1623 1132
1623 1181
1623 1184
1623 1185
1623 1198
1623 1199
1623 1211
1623 1242
1623 1243
1623 1250
1623 1267
1623 1269
1623 1287
1623 1330
1623 1331
1623 1335
1623 1339
1623 1340
1623 1344
1623 1352
1623 1365
1623 1367
1623 1375
1623 1376
1623 1377
1623 1380
1623 1390
1623 1399
1623 1416
1623 1431
1623 1439
1623 1467
1623 1471
1623 1491
1623 1516
1623 1524
1623 1532
1623 1538
1623 1539
1623 1547
1623 1551
1623 1554
1623 1557
1623 1570
1623 1589
1623 1597
1623 1600
1623 1603
1623 1610
1623 1612
1623 1613
1623 1621
1623 1632
1623 1643
1623 1644
1623 1652
1623 1659
1623 1662
1623 1683
1623 1689
1623 1707
1623 1714
1623 1717
1623 1721
1623 1736
1623 1737
1623 1746
1623 1750
1623 1752
1623 1768
1623 1795
1623 1799
1623 1800
1623 1804
1623 1810
1623 1816
1623 1819
1623 1826
1623 1827
1623 1833
1623 1864
1623 1867
1623 1879
1623 1888
1623 1909
1624 107
1624 964
1624 977
1624 1005
1624 1011
1624 1041
1624 1070
1624 1072
1624 1089
1624 1109
1624 1139
1624 1169
1624 1213
1624 1259
1624 1275
1624 1306
1624 1338
1624 1348
1624 1415
1624 1428
1624 1469
1624 1472
1624 1482
1624 1496
1624 1504
1624 1507
1624 1541
1624 1549
1624 1667
1624 1672
1624 1709
1624 1756
1624 1770
1624 1783
1624 1904
1625 107
1625 483
1625 641
1625 915
1625 930
1625 948
1625 1113
1625 1142
1625 1294
1625 1318
1625 1320
1625 1332
1625 1425
1625 1427
1625 1549
1625 1565
1625 1574
1625 1660
1625 1695
1625 1763
1625 1766
1625 1773
1625 1801
1625 1844
1625 1878
1626 107
1626 922
1626 967
1626 973
1626 978
1626 1047
1626 1124
1626 1150
1626 1161
1626 1214
1626 1255
1626 1283
1626 1321
1626 1327
1626 1337
1626 1361
1626 1437
1626 1440
1626 1521
1626 1561
1626 1674
1626 1683
1626 1702
1626 1718
1626 1774
1626 1780
1626 1800
1626 1805
1626 1813
1626 1817
1626 1851
1626 1858
1626 1863
1626 1865
1626 1883
1626 1909
1626 1911
1627 107
1627 1027
1627 1890
1628 107
1628 637
1628 896
1628 902
1628 941
1628 957
1628 975
1628 988
1628 989
1628 1009
1628 1015
1628 1019
1628 1021
1628 1060
1628 1067
1628 1082
1628 1100
1628 1104
1628 1115
1628 1120
1628 1129
1628 1148
1628 1158
1628 1190
1628 1192
1628 1204
1628 1221
1628 1227
1628 1231
1628 1235
1628 1277
1628 1279
1628 1284
1628 1286
1628 1292
1628 1298
1628 1322
1628 1324
1628 1332
1628 1345
1628 1347
1628 1350
1628 1379
1628 1381
1628 1392
1628 1404
1628 1413
1628 1423
1628 1426
1628 1432
1628 1438
1628 1448
1628 1459
1628 1462
1628 1475
1628 1479
1628 1550
1628 1573
1628 1576
1628 1578
1628 1583
1628 1587
1628 1591
1628 1592
1628 1596
1628 1611
1628 1635
1628 1636
1628 1647
1628 1661
1628 1691
1628 1715
1628 1716
1628 1720
1628 1857
1628 1859
1628 1872
1628 1873
1628 1875
1628 1887
1628 1899
1628 1903
1629 107
1629 901
1629 903
1629 963
1629 992
1629 1118
1629 1137
1629 1216
1629 1232
1629 1333
1629 1363
1629 1371
1629 1378
1629 1452
1629 1533
1629 1536
1629 1601
1629 1733
1629 1784
1629 1802
1629 1837
1629 1895
1630 107
1630 389
1630 526
1630 566
1630 913
1630 917
1630 944
1630 949
1630 968
1630 994
1630 1037
1630 1041
1630 1051
1630 1052
1630 1062
1630 1070
1630 1106
1630 1109
1630 1152
1630 1159
1630 1167
1630 1183
1630 1188
1630 1189
1630 1217
1630 1225
1630 1226
1630 1244
1630 1246
1630 1258
1630 1259
1630 1260
1630 1275
1630 1282
1630 1296
1630 1310
1630 1311
1630 1334
1630 1338
1630 1343
1630 1348
1630 1366
1630 1415
1630 1435
1630 1444
1630 1472
1630 1473
1630 1482
1630 1496
1630 1500
1630 1504
1630 1507
1630 1525
1630 1529
1630 1536
1630 1540
1630 1569
1630 1658
1630 1686
1630 1703
1630 1709
1630 1727
1630 1738
1630 1770
1630 1781
1630 1807
1630 1876
1631 107
1631 366
1631 483
1631 1155
1631 1179
1631 1358
1631 1490
1631 1616
1631 1673
1632 107
1632 916
1632 925
1632 946
1632 980
1632 993
1632 1004
1632 1017
1632 1028
1632 1059
1632 1076
1632 1086
1632 1149
1632 1156
1632 1181
1632 1184
1632 1198
1632 1199
1632 1211
1632 1250
1632 1289
1632 1290
1632 1293
1632 1331
1632 1335
1632 1336
1632 1339
1632 1340
1632 1341
1632 1367
1632 1376
1632 1390
1632 1391
1632 1409
1632 1420
1632 1447
1632 1483
1632 1522
1632 1523
1632 1532
1632 1539
1632 1557
1632 1589
1632 1597
1632 1600
1632 1604
1632 1612
1632 1613
1632 1617
1632 1619
1632 1620
1632 1622
1632 1623
1632 1644
1632 1653
1632 1663
1632 1665
1632 1683
1632 1689
1632 1700
1632 1707
1632 1717
1632 1730
1632 1736
1632 1746
1632 1752
1632 1768
1632 1789
1632 1796
1632 1799
1632 1800
1632 1818
1632 1823
1632 1827
1632 1833
1632 1835
1632 1867
1632 1877
1632 1888
1633 107
1633 1010
1633 1070
1633 1167
1633 1225
1633 1236
1633 1260
1633 1275
1633 1310
1633 1355
1633 1366
1633 1412
1633 1425
1633 1469
1633 1472
1633 1481
1633 1500
1633 1504
1633 1536
1633 1634
1633 1686
1633 1699
1633 1876
1634 107
1634 944
1634 965
1634 985
1634 986
1634 1042
1634 1052
1634 1070
1634 1090
1634 1131
1634 1141
1634 1159
1634 1188
1634 1225
1634 1236
1634 1258
1634 1260
1634 1299
1634 1304
1634 1308
1634 1310
1634 1355
1634 1366
1634 1469
1634 1472
1634 1482
1634 1500
1634 1504
1634 1525
1634 1536
1634 1633
1634 1686
1634 1699
1634 1703
1634 1725
1634 1807
1634 1876
1634 1906
1635 107
1635 896
1635 941
1635 1009
1635 1019
1635 1021
1635 1100
1635 1104
1635 1204
1635 1221
1635 1229
1635 1231
1635 1235
1635 1246
1635 1257
1635 1277
1635 1298
1635 1322
1635 1345
1635 1350
1635 1381
1635 1432
1635 1462
1635 1569
1635 1578
1635 1583
1635 1628
1635 1636
1635 1691
1635 1857
1635 1859
1635 1862
1635 1899
1635 1903
1636 107
1636 896
1636 902
1636 915
1636 957
1636 975
1636 981
1636 988
1636 1009
1636 1014
1636 1015
1636 1019
1636 1021
1636 1044
1636 1060
1636 1067
1636 1100
1636 1104
1636 1120
1636 1129
1636 1148
1636 1158
1636 1190
1636 1192
1636 1204
1636 1227
1636 1231
1636 1235
1636 1257
1636 1277
1636 1279
1636 1284
1636 1292
1636 1298
1636 1315
1636 1322
1636 1345
1636 1347
1636 1379
1636 1381
1636 1392
1636 1404
1636 1413
1636 1423
1636 1426
1636 1438
1636 1448
1636 1454
1636 1459
1636 1462
1636 1475
1636 1479
1636 1502
1636 1515
1636 1573
1636 1576
1636 1583
1636 1587
1636 1591
1636 1596
1636 1611
1636 1628
1636 1635
1636 1680
1636 1706
1636 1715
1636 1716
1636 1742
1636 1786
1636 1820
1636 1857
1636 1859
1636 1873
1636 1884
1636 1893
1636 1899
1636 1903
1637 107
1637 916
1637 925
1637 934
1637 946
1637 947
1637 953
1637 967
1637 980
1637 993
1637 997
1637 1003
1637 1026
1637 1048
1637 1056
1637 1075
1637 1076
1637 1101
1637 1117
1637 1124
1637 1135
1637 1146
1637 1155
1637 1160
1637 1172
1637 1173
1637 1175
1637 1182
1637 1195
1637 1205
1637 1214
1637 1238
1637 1243
1637 1255
1637 1256
1637 1269
1637 1280
1637 1291
1637 1305
1637 1312
1637 1323
1637 1329
1637 1334
1637 1342
1637 1352
1637 1359
1637 1361
1637 1376
1637 1377
1637 1388
1637 1389
1637 1405
1637 1420
1637 1447
1637 1460
1637 1467
1637 1470
1637 1471
1637 1483
1637 1485
1637 1513
1637 1528
1637 1551
1637 1559
1637 1563
1637 1570
1637 1580
1637 1589
1637 1590
1637 1604
1637 1608
1637 1609
1637 1612
1637 1613
1637 1617
1637 1621
1637 1639
1637 1643
1637 1663
1637 1669
1637 1675
1637 1714
1637 1730
1637 1746
1637 1761
1637 1765
1637 1768
1637 1774
1637 1779
1637 1791
1637 1795
1637 1804
1637 1811
1637 1835
1637 1842
1637 1845
1637 1851
1637 1861
1637 1888
1638 107
1638 483
1638 896
1638 941
1638 942
1638 1014
1638 1018
1638 1032
1638 1066
1638 1099
1638 1104
1638 1166
1638 1192
1638 1231
1638 1261
1638 1281
1638 1282
1638 1345
1638 1373
1638 1396
1638 1406
1638 1508
1638 1515
1638 1578
1638 1583
1638 1661
1638 1716
1638 1742
1638 1783
1638 1786
1638 1820
1638 1824
1638 1871
1638 1893
1639 107
1639 897
1639 921
1639 925
1639 927
1639 947
1639 993
1639 1003
1639 1083
1639 1123
1639 1124
1639 1130
1639 1173
1639 1175
1639 1182
1639 1185
1639 1191
1639 1195
1639 1243
1639 1255
1639 1256
1639 1272
1639 1329
1639 1352
1639 1376
1639 1377
1639 1391
1639 1405
1639 1440
1639 1460
1639 1467
1639 1480
1639 1501
1639 1509
1639 1513
1639 1520
1639 1522
1639 1535
1639 1539
1639 1551
1639 1559
1639 1570
1639 1584
1639 1589
1639 1590
1639 1598
1639 1610
1639 1612
1639 1613
1639 1622
1639 1637
1639 1643
1639 1644
1639 1662
1639 1663
1639 1670
1639 1683
1639 1714
1639 1717
1639 1723
1639 1730
1639 1746
1639 1761
1639 1765
1639 1768
1639 1774
1639 1779
1639 1782
1639 1791
1639 1813
1639 1819
1639 1835
1639 1839
1639 1846
1639 1851
1639 1888
1639 1891
1639 1902
1640 107
1640 974
1640 1000
1640 1010
1640 1127
1640 1134
1640 1703
1640 1840
1641 107
1641 951
1641 991
1641 1003
1641 1088
1641 1165
1641 1177
1641 1178
1641 1283
1641 1317
1641 1477
1641 1803
1641 1817
1641 1866
1642 107
1642 1058
1642 1077
1642 1171
1642 1240
1642 1476
1642 1519
1642 1527
1642 1534
1642 1552
1642 1670
1642 1674
1642 1684
1642 1908
1642 2677
1642 2693
1642 2725
1642 2764
1642 2822
1642 2903
1642 2938
1642 2941
1642 2999
1642 3201
1642 3263
1642 3319
1642 3355
1642 3361
1643 107
1643 916
1643 921
1643 925
1643 934
1643 978
1643 980
1643 993
1643 1004
1643 1059
1643 1076
1643 1078
1643 1079
1643 1086
1643 1107
1643 1126
1643 1146
1643 1149
1643 1181
1643 1182
1643 1184
1643 1185
1643 1191
1643 1198
1643 1211
1643 1214
1643 1243
1643 1255
1643 1267
1643 1269
1643 1289
1643 1291
1643 1323
1643 1329
1643 1339
1643 1352
1643 1365
1643 1376
1643 1377
1643 1390
1643 1431
1643 1467
1643 1471
1643 1509
1643 1516
1643 1520
1643 1522
1643 1530
1643 1538
1643 1551
1643 1557
1643 1559
1643 1563
1643 1570
1643 1584
1643 1589
1643 1590
1643 1597
1643 1603
1643 1608
1643 1609
1643 1610
1643 1612
1643 1613
1643 1617
1643 1620
1643 1621
1643 1622
1643 1623
1643 1637
1643 1639
1643 1652
1643 1653
1643 1663
1643 1669
1643 1675
1643 1707
1643 1714
1643 1721
1643 1723
1643 1730
1643 1735
1643 1746
1643 1753
1643 1757
1643 1761
1643 1765
1643 1768
1643 1774
1643 1789
1643 1791
1643 1796
1643 1799
1643 1804
1643 1813
1643 1823
1643 1833
1643 1835
1643 1867
1643 1888
1644 107
1644 526
1644 906
1644 925
1644 980
1644 1003
1644 1004
1644 1049
1644 1054
1644 1059
1644 1068
1644 1075
1644 1076
1644 1079
1644 1112
1644 1146
1644 1149
1644 1164
1644 1175
1644 1181
1644 1184
1644 1198
1644 1209
1644 1239
1644 1242
1644 1250
1644 1267
1644 1272
1644 1339
1644 1340
1644 1344
1644 1352
1644 1361
1644 1367
1644 1369
1644 1375
1644 1390
1644 1416
1644 1485
1644 1491
1644 1557
1644 1572
1644 1597
1644 1613
1644 1620
1644 1622
1644 1623
1644 1632
1644 1639
1644 1652
1644 1659
1644 1683
1644 1689
1644 1700
1644 1717
1644 1721
1644 1724
1644 1730
1644 1746
1644 1750
1644 1752
1644 1765
1644 1793
1644 1795
1644 1800
1644 1819
1644 1823
1644 1827
1644 1867
1645 107
1645 353
1645 363
1645 366
1645 475
1645 483
1645 484
1645 517
1645 580
1645 601
1645 606
1645 637
1645 651
1645 930
1645 931
1645 936
1645 976
1645 1080
1645 1113
1645 1122
1645 1142
1645 1155
1645 1179
1645 1300
1645 1318
1645 1320
1645 1332
1645 1349
1645 1358
1645 1374
1645 1400
1645 1427
1645 1446
1645 1514
1645 1526
1645 1565
1645 1574
1645 1606
1645 1616
1645 1677
1645 1679
1645 1692
1645 1694
1645 1740
1645 1743
1645 1744
1645 1763
1645 1766
1645 1767
1645 1778
1645 1790
1645 1801
1645 1844
1645 1878
1645 1881
1645 1882
1646 107
1646 913
1646 1035
1646 1093
1646 1135
1646 1246
1646 1377
1646 1487
1646 1497
1646 1531
1646 1569
1646 1620
1646 1675
1646 1781
1646 1813
1646 1867
1646 1881
1646 1885
1647 107
1647 637
1647 896
1647 989
1647 1036
1647 1067
1647 1082
1647 1100
1647 1104
1647 1115
1647 1129
1647 1148
1647 1190
1647 1192
1647 1204
1647 1221
1647 1227
1647 1231
1647 1235
1647 1257
1647 1277
1647 1284
1647 1292
1647 1315
1647 1345
1647 1413
1647 1423
1647 1426
1647 1432
1647 1459
1647 1462
1647 1550
1647 1576
1647 1583
1647 1587
1647 1592
1647 1611
1647 1628
1647 1655
1647 1661
1647 1682
1647 1715
1647 1716
1647 1720
1647 1728
1647 1764
1647 1841
1647 1862
1647 1872
1647 1899
1648 107
1648 901
1648 903
1648 938
1648 958
1648 963
1648 992
1648 1097
1648 1118
1648 1137
1648 1232
1648 1319
1648 1333
1648 1363
1648 1378
1648 1452
1648 1468
1648 1493
1648 1548
1648 1568
1648 1733
1648 1787
1648 1798
1648 1837
1648 1895
1649 107
1649 933
1649 954
1649 971
1649 984
1649 1032
1649 1158
1649 1192
1649 1204
1649 1215
1649 1227
1649 1241
1649 1247
1649 1273
1649 1282
1649 1347
1649 1429
1649 1459
1649 1475
1649 1489
1649 1495
1649 1502
1649 1503
1649 1515
1649 1591
1649 1706
1649 1729
1649 1732
1649 1742
1649 1783
1649 1786
1649 1790
1649 1794
1649 1850
1649 1871
