1650 107
1650 596
1650 940
1650 1010
1650 1022
1650 1037
1650 1128
1650 1143
1650 1221
1650 1236
1650 1418
1650 1472
1650 1482
1650 1510
1650 1529
1650 1569
1650 1727
1650 1770
1650 1828
1650 1830
1650 1904
1651 107
1651 995
1651 1730
1651 1768
1652 107
1652 906
1652 960
1652 966
1652 999
1652 1003
1652 1004
1652 1017
1652 1024
1652 1059
1652 1076
1652 1079
1652 1083
1652 1086
1652 1101
1652 1107
1652 1125
1652 1132
1652 1153
1652 1156
1652 1163
1652 1175
1652 1184
1652 1185
1652 1198
1652 1207
1652 1211
1652 1214
1652 1242
1652 1250
1652 1256
1652 1331
1652 1339
1652 1340
1652 1344
1652 1367
1652 1390
1652 1416
1652 1435
1652 1456
1652 1471
1652 1480
1652 1538
1652 1539
1652 1540
1652 1547
1652 1570
1652 1597
1652 1598
1652 1600
1652 1610
1652 1612
1652 1613
1652 1621
1652 1622
1652 1623
1652 1643
1652 1644
1652 1653
1652 1662
1652 1665
1652 1668
1652 1683
1652 1689
1652 1712
1652 1717
1652 1724
1652 1737
1652 1746
1652 1789
1652 1795
1652 1800
1652 1804
1652 1809
1652 1810
1652 1819
1652 1827
1652 1867
1652 1877
1652 1879
1652 1888
1653 107
1653 906
1653 925
1653 946
1653 947
1653 999
1653 1003
1653 1004
1653 1017
1653 1049
1653 1059
1653 1076
1653 1078
1653 1079
1653 1112
1653 1146
1653 1149
1653 1156
1653 1181
1653 1184
1653 1185
1653 1198
1653 1199
1653 1211
1653 1242
1653 1250
1653 1293
1653 1339
1653 1340
1653 1344
1653 1367
1653 1376
1653 1390
1653 1416
1653 1480
1653 1491
1653 1516
1653 1532
1653 1538
1653 1539
1653 1557
1653 1572
1653 1584
1653 1597
1653 1600
1653 1610
1653 1612
1653 1613
1653 1620
1653 1622
1653 1632
1653 1643
1653 1652
1653 1683
1653 1714
1653 1717
1653 1721
1653 1735
1653 1746
1653 1757
1653 1789
1653 1796
1653 1799
1653 1800
1653 1804
1653 1810
1653 1816
1653 1826
1653 1827
1653 1833
1653 1835
1653 1867
1653 1877
1653 1888
1654 107
1654 483
1654 1455
1654 1473
1654 1545
1654 1762
1654 1767
1655 107
1655 957
1655 975
1655 988
1655 989
1655 1009
1655 1014
1655 1015
1655 1036
1655 1067
1655 1100
1655 1104
1655 1115
1655 1120
1655 1129
1655 1148
1655 1190
1655 1192
1655 1204
1655 1221
1655 1229
1655 1231
1655 1235
1655 1257
1655 1277
1655 1284
1655 1315
1655 1345
1655 1379
1655 1392
1655 1413
1655 1423
1655 1426
1655 1448
1655 1459
1655 1462
1655 1479
1655 1573
1655 1576
1655 1578
1655 1583
1655 1587
1655 1591
1655 1611
1655 1647
1655 1680
1655 1682
1655 1715
1655 1716
1655 1720
1655 1728
1655 1764
1655 1841
1655 1859
1655 1862
1655 1872
1656 107
1656 951
1656 973
1656 990
1656 1140
1656 1150
1656 1161
1656 1274
1656 1305
1656 1317
1656 1327
1656 1369
1656 1450
1656 1505
1656 1511
1656 1555
1656 1561
1656 1666
1656 1684
1656 1687
1656 1702
1656 1726
1656 1806
1656 1852
1656 2764
1656 2826
1656 2883
1656 2964
1656 3057
1656 3097
1656 3164
1656 3165
1656 3263
1656 3278
1657 107
1657 910
1657 912
1657 1776
1657 1808
1658 107
1658 366
1658 905
1658 913
1658 968
1658 994
1658 1199
1658 1217
1658 1258
1658 1334
1658 1569
1658 1584
1658 1630
1658 1794
1658 1807
1658 1818
1658 1823
1658 1881
1658 1897
1659 107
1659 906
1659 925
1659 932
1659 967
1659 980
1659 993
1659 1003
1659 1004
1659 1048
1659 1049
1659 1054
1659 1059
1659 1075
1659 1076
1659 1079
1659 1086
1659 1110
1659 1124
1659 1126
1659 1146
1659 1149
1659 1184
1659 1185
1659 1199
1659 1209
1659 1222
1659 1242
1659 1243
1659 1250
1659 1255
1659 1290
1659 1302
1659 1339
1659 1344
1659 1352
1659 1367
1659 1375
1659 1376
1659 1377
1659 1390
1659 1399
1659 1416
1659 1420
1659 1471
1659 1485
1659 1509
1659 1520
1659 1522
1659 1523
1659 1557
1659 1572
1659 1597
1659 1598
1659 1600
1659 1620
1659 1621
1659 1622
1659 1623
1659 1644
1659 1683
1659 1688
1659 1689
1659 1717
1659 1721
1659 1724
1659 1730
1659 1737
1659 1746
1659 1750
1659 1752
1659 1753
1659 1800
1659 1813
1659 1819
1659 1827
1659 1835
1659 1861
1659 1867
1659 1877
1659 1888
1659 1891
1660 107
1660 483
1660 930
1660 948
1660 1068
1660 1080
1660 1086
1660 1113
1660 1313
1660 1332
1660 1354
1660 1358
1660 1427
1660 1430
1660 1464
1660 1487
1660 1512
1660 1543
1660 1565
1660 1625
1660 1695
1660 1766
1660 1773
1660 1801
1661 107
1661 483
1661 896
1661 917
1661 919
1661 933
1661 942
1661 954
1661 984
1661 989
1661 1007
1661 1014
1661 1018
1661 1020
1661 1021
1661 1032
1661 1060
1661 1066
1661 1067
1661 1099
1661 1102
1661 1108
1661 1143
1661 1166
1661 1192
1661 1204
1661 1215
1661 1235
1661 1245
1661 1261
1661 1277
1661 1281
1661 1282
1661 1303
1661 1309
1661 1316
1661 1324
1661 1345
1661 1347
1661 1373
1661 1382
1661 1396
1661 1404
1661 1426
1661 1427
1661 1429
1661 1432
1661 1454
1661 1459
1661 1475
1661 1479
1661 1489
1661 1495
1661 1515
1661 1573
1661 1582
1661 1591
1661 1595
1661 1628
1661 1638
1661 1647
1661 1680
1661 1706
1661 1716
1661 1729
1661 1732
1661 1742
1661 1751
1661 1783
1661 1786
1661 1812
1661 1820
1661 1824
1661 1828
1661 1848
1661 1859
1661 1871
1661 1893
1661 1894
1661 1907
1662 107
1662 916
1662 922
1662 946
1662 952
1662 953
1662 966
1662 978
1662 980
1662 983
1662 993
1662 1003
1662 1004
1662 1006
1662 1017
1662 1040
1662 1059
1662 1068
1662 1074
1662 1076
1662 1078
1662 1079
1662 1083
1662 1086
1662 1101
1662 1107
1662 1117
1662 1123
1662 1124
1662 1125
1662 1126
1662 1130
1662 1132
1662 1146
1662 1153
1662 1160
1662 1172
1662 1175
1662 1181
1662 1184
1662 1185
1662 1199
1662 1211
1662 1214
1662 1219
1662 1222
1662 1230
1662 1238
1662 1243
1662 1250
1662 1255
1662 1256
1662 1267
1662 1272
1662 1280
1662 1285
1662 1293
1662 1323
1662 1329
1662 1331
1662 1335
1662 1351
1662 1352
1662 1361
1662 1370
1662 1376
1662 1377
1662 1380
1662 1388
1662 1390
1662 1391
1662 1399
1662 1431
1662 1437
1662 1447
1662 1456
1662 1460
1662 1467
1662 1471
1662 1480
1662 1488
1662 1491
1662 1516
1662 1520
1662 1530
1662 1538
1662 1542
1662 1547
1662 1551
1662 1554
1662 1557
1662 1559
1662 1563
1662 1571
1662 1580
1662 1584
1662 1589
1662 1598
1662 1603
1662 1604
1662 1610
1662 1612
1662 1613
1662 1617
1662 1619
1662 1621
1662 1622
1662 1623
1662 1639
1662 1652
1662 1665
1662 1668
1662 1669
1662 1683
1662 1689
1662 1707
1662 1712
1662 1714
1662 1730
1662 1735
1662 1736
1662 1746
1662 1750
1662 1757
1662 1768
1662 1772
1662 1774
1662 1789
1662 1796
1662 1799
1662 1800
1662 1804
1662 1809
1662 1810
1662 1816
1662 1823
1662 1827
1662 1833
1662 1835
1662 1839
1662 1842
1662 1845
1662 1864
1662 1879
1662 1888
1662 1891
1663 107
1663 906
1663 916
1663 921
1663 925
1663 926
1663 927
1663 932
1663 934
1663 946
1663 947
1663 952
1663 953
1663 959
1663 960
1663 966
1663 967
1663 978
1663 980
1663 982
1663 993
1663 997
1663 1003
1663 1004
1663 1006
1663 1017
1663 1024
1663 1026
1663 1028
1663 1029
1663 1047
1663 1048
1663 1056
1663 1059
1663 1076
1663 1078
1663 1079
1663 1083
1663 1086
1663 1101
1663 1107
1663 1110
1663 1117
1663 1124
1663 1125
1663 1126
1663 1128
1663 1135
1663 1146
1663 1149
1663 1153
1663 1160
1663 1163
1663 1164
1663 1172
1663 1173
1663 1175
1663 1180
1663 1181
1663 1182
1663 1184
1663 1185
1663 1191
1663 1195
1663 1196
1663 1198
1663 1199
1663 1205
1663 1209
1663 1211
1663 1214
1663 1222
1663 1238
1663 1243
1663 1250
1663 1255
1663 1256
1663 1267
1663 1269
1663 1271
1663 1280
1663 1287
1663 1288
1663 1289
1663 1290
1663 1291
1663 1302
1663 1305
1663 1312
1663 1323
1663 1327
1663 1329
1663 1330
1663 1331
1663 1334
1663 1335
1663 1336
1663 1339
1663 1341
1663 1344
1663 1352
1663 1359
1663 1361
1663 1365
1663 1367
1663 1369
1663 1370
1663 1376
1663 1377
1663 1388
1663 1389
1663 1390
1663 1391
1663 1399
1663 1402
1663 1407
1663 1409
1663 1416
1663 1420
1663 1431
1663 1437
1663 1447
1663 1449
1663 1456
1663 1457
1663 1467
1663 1470
1663 1471
1663 1483
1663 1488
1663 1491
1663 1509
1663 1516
1663 1517
1663 1520
1663 1522
1663 1523
1663 1528
1663 1530
1663 1535
1663 1539
1663 1551
1663 1554
1663 1557
1663 1559
1663 1563
1663 1570
1663 1571
1663 1580
1663 1584
1663 1589
1663 1590
1663 1597
1663 1598
1663 1600
1663 1603
1663 1604
1663 1605
1663 1608
1663 1609
1663 1610
1663 1612
1663 1613
1663 1617
1663 1619
1663 1620
1663 1621
1663 1622
1663 1632
1663 1637
1663 1639
1663 1643
1663 1665
1663 1668
1663 1669
1663 1675
1663 1683
1663 1688
1663 1689
1663 1697
1663 1707
1663 1712
1663 1714
1663 1717
1663 1718
1663 1721
1663 1723
1663 1724
1663 1730
1663 1734
1663 1735
1663 1736
1663 1741
1663 1746
1663 1750
1663 1752
1663 1753
1663 1757
1663 1761
1663 1768
1663 1772
1663 1782
1663 1789
1663 1791
1663 1793
1663 1795
1663 1796
1663 1799
1663 1800
1663 1804
1663 1809
1663 1811
1663 1813
1663 1816
1663 1819
1663 1823
1663 1826
1663 1827
1663 1833
1663 1835
1663 1839
1663 1842
1663 1849
1663 1851
1663 1861
1663 1867
1663 1868
1663 1877
1663 1879
1663 1886
1663 1888
1663 1891
1663 1898
1663 1902
1663 1909
1664 107
1664 964
1664 1057
1664 1469
1664 1607
1664 1876
1665 107
1665 916
1665 932
1665 953
1665 960
1665 966
1665 983
1665 995
1665 997
1665 1006
1665 1017
1665 1024
1665 1040
1665 1059
1665 1068
1665 1078
1665 1083
1665 1086
1665 1101
1665 1107
1665 1117
1665 1124
1665 1125
1665 1126
1665 1132
1665 1149
1665 1153
1665 1156
1665 1160
1665 1163
1665 1172
1665 1173
1665 1180
1665 1184
1665 1199
1665 1207
1665 1211
1665 1219
1665 1238
1665 1256
1665 1271
1665 1285
1665 1288
1665 1289
1665 1302
1665 1330
1665 1331
1665 1335
1665 1341
1665 1352
1665 1367
1665 1370
1665 1380
1665 1388
1665 1390
1665 1391
1665 1399
1665 1402
1665 1409
1665 1420
1665 1431
1665 1447
1665 1456
1665 1457
1665 1458
1665 1483
1665 1488
1665 1516
1665 1517
1665 1538
1665 1542
1665 1547
1665 1559
1665 1563
1665 1580
1665 1584
1665 1589
1665 1597
1665 1598
1665 1604
1665 1605
1665 1609
1665 1610
1665 1613
1665 1614
1665 1619
1665 1620
1665 1632
1665 1652
1665 1662
1665 1663
1665 1668
1665 1689
1665 1707
1665 1712
1665 1714
1665 1730
1665 1736
1665 1741
1665 1746
1665 1750
1665 1757
1665 1772
1665 1789
1665 1791
1665 1793
1665 1795
1665 1799
1665 1800
1665 1804
1665 1809
1665 1810
1665 1813
1665 1816
1665 1821
1665 1826
1665 1833
1665 1839
1665 1842
1665 1845
1665 1849
1665 1867
1665 1868
1665 1879
1665 1888
1665 1898
1665 1902
1666 107
1666 990
1666 1031
1666 1055
1666 1098
1666 1140
1666 1266
1666 1434
1666 1441
1666 1450
1666 1477
1666 1480
1666 1505
1666 1534
1666 1564
1666 1577
1666 1585
1666 1656
1666 1684
1666 1726
1666 1792
1666 1822
1666 2707
1666 2869
1666 2883
1666 2968
1666 3020
1666 3100
1666 3111
1666 3186
1666 3222
1666 3245
1666 3258
1666 3263
1666 3278
1666 3289
1667 107
1667 964
1667 1000
1667 1005
1667 1010
1667 1089
1667 1093
1667 1141
1667 1168
1667 1183
1667 1189
1667 1213
1667 1259
1667 1311
1667 1366
1667 1415
1667 1469
1667 1472
1667 1507
1667 1529
1667 1624
1667 1672
1667 1699
1667 1725
1667 1783
1667 1785
1667 1840
1668 107
1668 916
1668 925
1668 934
1668 946
1668 947
1668 960
1668 966
1668 982
1668 983
1668 997
1668 1006
1668 1017
1668 1024
1668 1040
1668 1078
1668 1083
1668 1086
1668 1091
1668 1101
1668 1107
1668 1123
1668 1125
1668 1126
1668 1130
1668 1132
1668 1153
1668 1156
1668 1163
1668 1172
1668 1175
1668 1184
1668 1185
1668 1199
1668 1207
1668 1211
1668 1214
1668 1238
1668 1256
1668 1267
1668 1269
1668 1271
1668 1285
1668 1288
1668 1289
1668 1291
1668 1302
1668 1305
1668 1335
1668 1336
1668 1341
1668 1351
1668 1352
1668 1361
1668 1367
1668 1370
1668 1390
1668 1391
1668 1398
1668 1399
1668 1431
1668 1449
1668 1456
1668 1471
1668 1480
1668 1488
1668 1491
1668 1516
1668 1522
1668 1530
1668 1542
1668 1547
1668 1556
1668 1559
1668 1584
1668 1589
1668 1598
1668 1603
1668 1604
1668 1610
1668 1612
1668 1613
1668 1617
1668 1619
1668 1621
1668 1652
1668 1662
1668 1663
1668 1665
1668 1683
1668 1707
1668 1712
1668 1714
1668 1717
1668 1734
1668 1736
1668 1746
1668 1752
1668 1757
1668 1761
1668 1768
1668 1782
1668 1789
1668 1791
1668 1793
1668 1799
1668 1800
1668 1804
1668 1809
1668 1810
1668 1816
1668 1821
1668 1823
1668 1833
1668 1839
1668 1849
1668 1868
1668 1879
1668 1886
1668 1888
1668 1898
1668 1902
1669 107
1669 921
1669 925
1669 927
1669 932
1669 947
1669 978
1669 980
1669 993
1669 997
1669 999
1669 1017
1669 1026
1669 1029
1669 1047
1669 1048
1669 1056
1669 1059
1669 1076
1669 1078
1669 1092
1669 1107
1669 1124
1669 1126
1669 1146
1669 1149
1669 1153
1669 1156
1669 1160
1669 1173
1669 1182
1669 1184
1669 1185
1669 1191
1669 1195
1669 1199
1669 1205
1669 1211
1669 1214
1669 1222
1669 1230
1669 1243
1669 1255
1669 1269
1669 1272
1669 1290
1669 1302
1669 1323
1669 1329
1669 1330
1669 1334
1669 1344
1669 1352
1669 1359
1669 1361
1669 1365
1669 1367
1669 1375
1669 1376
1669 1377
1669 1389
1669 1391
1669 1399
1669 1409
1669 1420
1669 1431
1669 1447
1669 1467
1669 1470
1669 1483
1669 1491
1669 1509
1669 1516
1669 1520
1669 1522
1669 1528
1669 1530
1669 1535
1669 1539
1669 1540
1669 1551
1669 1554
1669 1557
1669 1559
1669 1563
1669 1570
1669 1571
1669 1584
1669 1589
1669 1600
1669 1603
1669 1604
1669 1608
1669 1609
1669 1610
1669 1612
1669 1613
1669 1614
1669 1617
1669 1621
1669 1622
1669 1637
1669 1643
1669 1662
1669 1663
1669 1675
1669 1685
1669 1707
1669 1714
1669 1717
1669 1730
1669 1734
1669 1741
1669 1746
1669 1752
1669 1753
1669 1757
1669 1761
1669 1768
1669 1791
1669 1793
1669 1799
1669 1800
1669 1804
1669 1811
1669 1813
1669 1823
1669 1827
1669 1833
1669 1835
1669 1842
1669 1845
1669 1861
1669 1888
1669 1891
1669 1898
1669 1902
1670 107
1670 953
1670 1280
1670 1476
1670 1527
1670 1639
1670 1642
1670 1678
1670 1765
1670 1772
1670 1908
1671 107
1671 363
1671 606
1671 637
1671 641
1671 915
1671 930
1671 931
1671 962
1671 1064
1671 1210
1671 1212
1671 1234
1671 1294
1671 1313
1671 1358
1671 1425
1671 1453
1671 1478
1671 1497
1671 1549
1671 1565
1671 1566
1671 1616
1671 1743
1671 1763
1671 1829
1671 1831
1671 1844
1671 1878
1671 1881
1671 1910
1672 107
1672 964
1672 1005
1672 1070
1672 1089
1672 1139
1672 1213
1672 1259
1672 1275
1672 1354
1672 1415
1672 1469
1672 1472
1672 1504
1672 1507
1672 1541
1672 1624
1672 1667
1672 1709
1672 1725
1672 1739
1672 1783
1672 1828
1672 1855
1672 1869
1673 107
1673 353
1673 363
1673 366
1673 420
1673 475
1673 483
1673 484
1673 566
1673 580
1673 606
1673 637
1673 651
1673 914
1673 915
1673 936
1673 1001
1673 1080
1673 1122
1673 1155
1673 1179
1673 1237
1673 1300
1673 1313
1673 1320
1673 1349
1673 1358
1673 1374
1673 1397
1673 1408
1673 1427
1673 1473
1673 1490
1673 1512
1673 1616
1673 1631
1673 1740
1673 1767
1673 1844
1673 1878
1674 107
1674 606
1674 990
1674 1008
1674 1023
1674 1086
1674 1173
1674 1280
1674 1361
1674 1419
1674 1505
1674 1519
1674 1523
1674 1527
1674 1534
1674 1552
1674 1571
1674 1626
1674 1642
1674 1758
1674 1780
1674 1800
1674 1860
1674 1863
1674 1883
1675 107
1675 913
1675 921
1675 925
1675 927
1675 932
1675 934
1675 953
1675 967
1675 980
1675 993
1675 997
1675 1026
1675 1029
1675 1047
1675 1048
1675 1056
1675 1076
1675 1078
1675 1086
1675 1117
1675 1124
1675 1126
1675 1128
1675 1135
1675 1146
1675 1149
1675 1160
1675 1164
1675 1173
1675 1175
1675 1182
1675 1185
1675 1191
1675 1199
1675 1205
1675 1222
1675 1238
1675 1243
1675 1255
1675 1269
1675 1291
1675 1312
1675 1323
1675 1329
1675 1330
1675 1334
1675 1352
1675 1359
1675 1376
1675 1377
1675 1389
1675 1391
1675 1420
1675 1431
1675 1447
1675 1463
1675 1470
1675 1471
1675 1487
1675 1497
1675 1509
1675 1516
1675 1520
1675 1528
1675 1535
1675 1551
1675 1554
1675 1559
1675 1563
1675 1564
1675 1570
1675 1584
1675 1589
1675 1603
1675 1604
1675 1605
1675 1608
1675 1609
1675 1610
1675 1612
1675 1613
1675 1614
1675 1620
1675 1621
1675 1622
1675 1637
1675 1643
1675 1646
1675 1663
1675 1669
1675 1685
1675 1688
1675 1714
1675 1717
1675 1730
1675 1735
1675 1741
1675 1753
1675 1761
1675 1765
1675 1768
1675 1800
1675 1804
1675 1810
1675 1811
1675 1813
1675 1833
1675 1835
1675 1843
1675 1861
1675 1867
1675 1881
1675 1885
1675 1888
1675 1891
1675 1902
1676 107
1676 928
1676 1061
1676 1136
1676 1144
1676 1174
1676 1328
1676 1410
1676 1494
1676 1511
1676 1555
1676 1588
1676 1687
1676 1705
1676 1713
1676 1825
1677 107
1677 353
1677 363
1677 483
1677 484
1677 517
1677 538
1677 580
1677 606
1677 637
1677 907
1677 936
1677 948
1677 962
1677 976
1677 1080
1677 1114
1677 1122
1677 1155
1677 1237
1677 1320
1677 1349
1677 1358
1677 1464
1677 1487
1677 1514
1677 1543
1677 1574
1677 1616
1677 1645
1677 1679
1677 1740
1677 1744
1677 1763
1677 1844
1677 1870
1678 107
1678 990
1678 1126
1678 1222
1678 1360
1678 1387
1678 1450
1678 1491
1678 1555
1678 1561
1678 1588
1678 1670
1678 1717
1678 1726
1678 1811
1678 1819
1678 1847
1678 1852
1679 107
1679 353
1679 483
1679 538
1679 580
1679 601
1679 629
1679 637
1679 651
1679 930
1679 976
1679 1086
1679 1122
1679 1155
1679 1226
1679 1320
1679 1358
1679 1514
1679 1543
1679 1545
1679 1565
1679 1574
1679 1645
1679 1677
1679 1692
1679 1773
1679 1882
1680 107
1680 483
1680 596
1680 896
1680 902
1680 935
1680 941
1680 975
1680 989
1680 1009
1680 1019
1680 1036
1680 1044
1680 1067
1680 1082
1680 1086
1680 1100
1680 1104
1680 1115
1680 1192
1680 1204
1680 1221
1680 1227
1680 1231
1680 1235
1680 1257
1680 1277
1680 1284
1680 1298
1680 1315
1680 1322
1680 1345
1680 1347
1680 1413
1680 1426
1680 1432
1680 1459
1680 1462
1680 1479
1680 1566
1680 1576
1680 1583
1680 1587
1680 1591
1680 1596
1680 1636
1680 1655
1680 1661
1680 1682
1680 1691
1680 1715
1680 1728
1680 1764
1680 1857
1680 1859
1680 1862
1680 1871
1680 1872
1680 1873
1680 1884
1680 1893
1681 107
1681 389
1681 917
1681 949
1681 1037
1681 1041
1681 1052
1681 1072
1681 1106
1681 1109
1681 1121
1681 1189
1681 1226
1681 1299
1681 1311
1681 1348
1681 1472
1681 1482
1681 1496
1681 1507
1681 1525
1681 1541
1681 1699
1681 1727
1681 1847
1682 107
1682 483
1682 975
1682 1015
1682 1067
1682 1104
1682 1120
1682 1148
1682 1192
1682 1204
1682 1227
1682 1235
1682 1292
1682 1315
1682 1322
1682 1347
1682 1379
1682 1413
1682 1426
1682 1459
1682 1475
1682 1479
1682 1573
1682 1576
1682 1583
1682 1596
1682 1611
1682 1647
1682 1655
1682 1680
1682 1715
1682 1716
1682 1841
1682 1873
1682 1884
1682 1893
1682 1899
1682 1903
1683 107
1683 921
1683 925
1683 946
1683 947
1683 980
1683 993
1683 1003
1683 1004
1683 1006
1683 1017
1683 1059
1683 1076
1683 1078
1683 1079
1683 1107
1683 1112
1683 1117
1683 1124
1683 1126
1683 1146
1683 1149
1683 1181
1683 1184
1683 1198
1683 1211
1683 1222
1683 1242
1683 1245
1683 1250
1683 1255
1683 1283
1683 1290
1683 1305
1683 1327
1683 1329
1683 1339
1683 1340
1683 1341
1683 1344
1683 1352
1683 1367
1683 1376
1683 1377
1683 1390
1683 1391
1683 1399
1683 1416
1683 1420
1683 1431
1683 1435
1683 1471
1683 1497
1683 1509
1683 1518
1683 1520
1683 1522
1683 1523
1683 1539
1683 1540
1683 1551
1683 1554
1683 1557
1683 1559
1683 1563
1683 1584
1683 1589
1683 1597
1683 1600
1683 1612
1683 1613
1683 1619
1683 1620
1683 1621
1683 1622
1683 1623
1683 1626
1683 1632
1683 1639
1683 1644
1683 1652
1683 1653
1683 1659
1683 1662
1683 1663
1683 1668
1683 1689
1683 1700
1683 1707
1683 1717
1683 1721
1683 1724
1683 1730
1683 1735
1683 1737
1683 1746
1683 1750
1683 1752
1683 1761
1683 1768
1683 1769
1683 1774
1683 1789
1683 1791
1683 1795
1683 1799
1683 1800
1683 1804
1683 1813
1683 1819
1683 1821
1683 1823
1683 1827
1683 1833
1683 1835
1683 1836
1683 1839
1683 1849
1683 1867
1683 1877
1683 1881
1683 1888
1683 1891
1684 58
1684 107
1684 171
1684 860
1684 990
1684 1171
1684 1405
1684 1419
1684 1450
1684 1505
1684 1534
1684 1642
1684 1656
1684 1666
1684 1726
1684 1758
1684 2661
1684 2662
1684 2663
1684 2664
1684 2665
1684 2666
1684 2667
1684 2668
1684 2669
1684 2670
1684 2671
1684 2672
1684 2673
1684 2674
1684 2675
1684 2676
1684 2677
1684 2678
1684 2679
1684 2680
1684 2681
1684 2682
1684 2683
1684 2684
1684 2685
1684 2686
1684 2687
1684 2688
1684 2689
1684 2690
1684 2691
1684 2692
1684 2693
1684 2694
1684 2695
1684 2696
1684 2697
1684 2698
1684 2699
1684 2700
1684 2701
1684 2702
1684 2703
1684 2704
1684 2705
1684 2706
1684 2707
1684 2708
1684 2709
1684 2710
1684 2711
1684 2712
1684 2713
1684 2714
1684 2715
1684 2716
1684 2717
1684 2718
1684 2719
1684 2720
1684 2721
1684 2722
1684 2723
1684 2724
1684 2725
1684 2726
1684 2727
1684 2728
1684 2729
1684 2730
1684 2731
1684 2732
1684 2733
1684 2734
1684 2735
1684 2736
1684 2737
1684 2738
1684 2739
1684 2740
1684 2741
1684 2742
1684 2743
1684 2744
1684 2745
1684 2746
1684 2747
1684 2748
1684 2749
1684 2750
1684 2751
1684 2752
1684 2753
1684 2754
1684 2755
1684 2756
1684 2757
1684 2758
1684 2759
1684 2760
1684 2761
1684 2762
1684 2763
1684 2764
1684 2765
1684 2766
1684 2767
1684 2768
1684 2769
1684 2770
1684 2771
1684 2772
1684 2773
1684 2774
1684 2775
1684 2776
1684 2777
1684 2778
1684 2779
1684 2780
1684 2781
1684 2782
1684 2783
1684 2784
1684 2785
1684 2786
1684 2787
1684 2788
1684 2789
1684 2790
1684 2791
1684 2792
1684 2793
1684 2794
1684 2795
1684 2796
1684 2797
1684 2798
1684 2799
1684 2800
1684 2801
1684 2802
1684 2803
1684 2804
1684 2805
1684 2806
1684 2807
1684 2808
1684 2809
1684 2810
1684 2811
1684 2812
1684 2813
1684 2814
1684 2815
1684 2816
1684 2817
1684 2818
1684 2819
1684 2820
1684 2821
1684 2822
1684 2823
1684 2824
1684 2825
1684 2826
1684 2827
1684 2828
1684 2829
1684 2830
1684 2831
1684 2832
1684 2833
1684 2834
1684 2835
1684 2836
1684 2837
1684 2838
1684 2839
1684 2840
1684 2841
1684 2842
1684 2843
1684 2844
1684 2845
1684 2846
1684 2847
1684 2848
1684 2849
1684 2850
1684 2851
1684 2852
1684 2853
1684 2854
1684 2855
1684 2856
1684 2857
1684 2858
1684 2859
1684 2860
1684 2861
1684 2862
1684 2863
1684 2864
1684 2865
1684 2866
1684 2867
1684 2868
1684 2869
1684 2870
1684 2871
1684 2872
1684 2873
1684 2874
1684 2875
1684 2876
1684 2877
1684 2878
1684 2879
1684 2880
1684 2881
1684 2882
1684 2883
1684 2884
1684 2885
1684 2886
1684 2887
1684 2888
1684 2889
1684 2890
1684 2891
1684 2892
1684 2893
1684 2894
1684 2895
1684 2896
1684 2897
1684 2898
1684 2899
1684 2900
1684 2901
1684 2902
1684 2903
1684 2904
1684 2905
1684 2906
1684 2907
1684 2908
1684 2909
1684 2910
1684 2911
1684 2912
1684 2913
1684 2914
1684 2915
1684 2916
1684 2917
1684 2918
1684 2919
1684 2920
1684 2921
1684 2922
1684 2923
1684 2924
1684 2925
1684 2926
1684 2927
1684 2928
1684 2929
1684 2930
1684 2931
1684 2932
1684 2933
1684 2934
1684 2935
1684 2936
1684 2937
1684 2938
1684 2939
1684 2940
1684 2941
1684 2942
1684 2943
1684 2944
1684 2945
1684 2946
1684 2947
1684 2948
1684 2949
1684 2950
1684 2951
1684 2952
1684 2953
1684 2954
1684 2955
1684 2956
1684 2957
1684 2958
1684 2959
1684 2960
1684 2961
1684 2962
1684 2963
1684 2964
1684 2965
1684 2966
1684 2967
1684 2968
1684 2969
1684 2970
1684 2971
1684 2972
1684 2973
1684 2974
1684 2975
1684 2976
1684 2977
1684 2978
1684 2979
1684 2980
1684 2981
1684 2982
1684 2983
1684 2984
1684 2985
1684 2986
1684 2987
1684 2988
1684 2989
1684 2990
1684 2991
1684 2992
1684 2993
1684 2994
1684 2995
1684 2996
1684 2997
1684 2998
1684 2999
1684 3000
1684 3001
1684 3002
1684 3003
1684 3004
1684 3005
1684 3006
1684 3007
1684 3008
1684 3009
1684 3010
1684 3011
1684 3012
1684 3013
1684 3014
1684 3015
1684 3016
1684 3017
1684 3018
1684 3019
1684 3020
1684 3021
1684 3022
1684 3023
1684 3024
1684 3025
1684 3026
1684 3027
1684 3028
1684 3029
1684 3030
1684 3031
1684 3032
1684 3033
1684 3034
1684 3035
1684 3036
1684 3037
1684 3038
1684 3039
1684 3040
1684 3041
1684 3042
1684 3043
1684 3044
1684 3045
1684 3046
1684 3047
1684 3048
1684 3049
1684 3050
1684 3051
1684 3052
1684 3053
1684 3054
1684 3055
1684 3056
1684 3057
1684 3058
1684 3059
1684 3060
1684 3061
1684 3062
1684 3063
1684 3064
1684 3065
1684 3066
1684 3067
1684 3068
1684 3069
1684 3070
1684 3071
1684 3072
1684 3073
1684 3074
1684 3075
1684 3076
1684 3077
1684 3078
1684 3079
1684 3080
1684 3081
1684 3082
1684 3083
1684 3084
1684 3085
1684 3086
1684 3087
1684 3088
1684 3089
1684 3090
1684 3091
1684 3092
1684 3093
1684 3094
1684 3095
1684 3096
1684 3097
1684 3098
1684 3099
1684 3100
1684 3101
1684 3102
1684 3103
1684 3104
1684 3105
1684 3106
1684 3107
1684 3108
1684 3109
1684 3110
1684 3111
1684 3112
1684 3113
1684 3114
1684 3115
1684 3116
1684 3117
1684 3118
1684 3119
1684 3120
1684 3121
1684 3122
1684 3123
1684 3124
1684 3125
1684 3126
1684 3127
1684 3128
1684 3129
1684 3130
1684 3131
1684 3132
1684 3133
1684 3134
1684 3135
1684 3136
1684 3137
1684 3138
1684 3139
1684 3140
1684 3141
1684 3142
1684 3143
1684 3144
1684 3145
1684 3146
1684 3147
1684 3148
1684 3149
1684 3150
1684 3151
1684 3152
1684 3153
1684 3154
1684 3155
1684 3156
1684 3157
1684 3158
1684 3159
1684 3160
1684 3161
1684 3162
1684 3163
1684 3164
1684 3165
1684 3166
1684 3167
1684 3168
1684 3169
1684 3170
1684 3171
1684 3172
1684 3173
1684 3174
1684 3175
1684 3176
1684 3177
1684 3178
1684 3179
1684 3180
1684 3181
1684 3182
1684 3183
1684 3184
1684 3185
1684 3186
1684 3187
1684 3188
1684 3189
1684 3190
1684 3191
1684 3192
1684 3193
1684 3194
1684 3195
1684 3196
1684 3197
1684 3198
1684 3199
1684 3200
1684 3201
1684 3202
1684 3203
1684 3204
1684 3205
1684 3206
1684 3207
1684 3208
1684 3209
1684 3210
1684 3211
1684 3212
1684 3213
1684 3214
1684 3215
1684 3216
1684 3217
1684 3218
1684 3219
1684 3220
1684 3221
1684 3222
1684 3223
1684 3224
1684 3225
1684 3226
1684 3227
1684 3228
1684 3229
1684 3230
1684 3231
1684 3232
1684 3233
1684 3234
1684 3235
1684 3236
1684 3237
1684 3238
1684 3239
1684 3240
1684 3241
1684 3242
1684 3243
1684 3244
1684 3245
1684 3246
1684 3247
1684 3248
1684 3249
1684 3250
1684 3251
1684 3252
1684 3253
1684 3254
1684 3255
1684 3256
1684 3257
1684 3258
1684 3259
1684 3260
1684 3261
1684 3262
1684 3263
1684 3264
1684 3265
1684 3266
1684 3267
1684 3268
1684 3269
1684 3270
1684 3271
1684 3272
1684 3273
1684 3274
1684 3275
1684 3276
1684 3277
1684 3278
1684 3279
1684 3280
1684 3281
1684 3282
1684 3283
1684 3284
1684 3285
1684 3286
1684 3287
1684 3288
1684 3289
1684 3290
1684 3291
1684 3292
1684 3293
1684 3294
1684 3295
1684 3296
1684 3297
1684 3298
1684 3299
1684 3300
1684 3301
1684 3302
1684 3303
1684 3304
1684 3305
1684 3306
1684 3307
1684 3308
1684 3309
1684 3310
1684 3311
1684 3312
1684 3313
1684 3314
1684 3315
1684 3316
1684 3317
1684 3318
1684 3319
1684 3320
1684 3321
1684 3322
1684 3323
1684 3324
1684 3325
1684 3326
1684 3327
1684 3328
1684 3329
1684 3330
1684 3331
1684 3332
1684 3333
1684 3334
1684 3335
1684 3336
1684 3337
1684 3338
1684 3339
1684 3340
1684 3341
1684 3342
1684 3343
1684 3344
1684 3345
1684 3346
1684 3347
1684 3348
1684 3349
1684 3350
1684 3351
1684 3352
1684 3353
1684 3354
1684 3355
1684 3356
1684 3357
1684 3358
1684 3359
1684 3360
1684 3361
1684 3362
1684 3363
1684 3364
1684 3365
1684 3366
1684 3367
1684 3368
1684 3369
1684 3370
1684 3371
1684 3372
1684 3373
1684 3374
1684 3375
1684 3376
1684 3377
1684 3378
1684 3379
1684 3380
1684 3381
1684 3382
1684 3383
1684 3384
1684 3385
1684 3386
1684 3387
1684 3388
1684 3389
1684 3390
1684 3391
1684 3392
1684 3393
1684 3394
1684 3395
1684 3396
1684 3397
1684 3398
1684 3399
1684 3400
1684 3401
1684 3402
1684 3403
1684 3404
1684 3405
1684 3406
1684 3407
1684 3408
1684 3409
1684 3410
1684 3411
1684 3412
1684 3413
1684 3414
1684 3415
1684 3416
1684 3417
1684 3418
1684 3419
1684 3420
1684 3421
1684 3422
1684 3423
1684 3424
1684 3425
1684 3426
1684 3427
1684 3428
1684 3429
1684 3430
1684 3431
1684 3432
1684 3433
1684 3434
1684 3435
1684 3436
1685 107
1685 907
1685 916
1685 921
1685 932
1685 953
1685 967
1685 978
1685 980
1685 993
1685 1017
1685 1026
1685 1048
1685 1056
1685 1059
1685 1074
1685 1079
1685 1126
1685 1146
1685 1156
1685 1164
1685 1180
1685 1184
1685 1185
1685 1199
1685 1205
1685 1230
1685 1250
1685 1269
1685 1272
1685 1312
1685 1329
1685 1330
1685 1331
1685 1334
1685 1341
1685 1344
1685 1352
1685 1367
1685 1376
1685 1377
1685 1380
1685 1391
1685 1407
1685 1409
1685 1431
1685 1447
1685 1467
1685 1483
1685 1517
1685 1520
1685 1522
1685 1528
1685 1535
1685 1551
1685 1557
1685 1570
1685 1589
1685 1600
1685 1603
1685 1604
1685 1605
1685 1610
1685 1612
1685 1613
1685 1621
1685 1622
1685 1669
1685 1675
1685 1707
1685 1722
1685 1730
1685 1734
1685 1736
1685 1741
1685 1746
1685 1753
1685 1768
1685 1771
1685 1775
1685 1799
1685 1800
1685 1804
1685 1809
1685 1813
1685 1833
1685 1835
1685 1839
1685 1845
1685 1861
1685 1879
1685 1888
1685 1902
1686 107
1686 917
1686 944
1686 965
1686 1042
1686 1051
1686 1052
1686 1070
1686 1131
1686 1159
1686 1167
1686 1183
1686 1225
1686 1241
1686 1260
1686 1299
1686 1310
1686 1338
1686 1355
1686 1373
1686 1412
1686 1436
1686 1472
1686 1500
1686 1525
1686 1536
1686 1630
1686 1633
1686 1634
1686 1699
1686 1703
1686 1704
1686 1720
1686 1794
1686 1876
1687 107
1687 563
1687 900
1687 908
1687 950
1687 951
1687 970
1687 1023
1687 1029
1687 1033
1687 1061
1687 1085
1687 1136
1687 1144
1687 1174
1687 1251
1687 1274
1687 1307
1687 1325
1687 1328
1687 1360
1687 1410
1687 1421
1687 1433
1687 1445
1687 1494
1687 1511
1687 1534
1687 1555
1687 1567
1687 1588
1687 1593
1687 1615
1687 1656
1687 1676
1687 1698
1687 1705
1687 1708
1687 1719
1687 1803
1687 1806
1687 1825
1687 1866
1688 107
1688 526
1688 563
1688 596
1688 906
1688 913
1688 925
1688 953
1688 961
1688 967
1688 993
1688 1004
1688 1029
1688 1048
1688 1049
1688 1054
1688 1056
1688 1059
1688 1075
1688 1079
1688 1086
1688 1110
1688 1112
1688 1116
1688 1135
1688 1160
1688 1173
1688 1184
1688 1209
1688 1222
1688 1230
1688 1238
1688 1242
1688 1243
1688 1250
1688 1269
1688 1278
1688 1290
1688 1329
1688 1339
1688 1340
1688 1344
1688 1352
1688 1357
1688 1367
1688 1375
1688 1377
1688 1385
1688 1393
1688 1407
1688 1416
1688 1519
1688 1522
1688 1524
1688 1528
1688 1553
1688 1557
1688 1572
1688 1597
1688 1600
1688 1604
1688 1609
1688 1620
1688 1622
1688 1659
1688 1663
1688 1675
1688 1689
1688 1710
1688 1721
1688 1724
1688 1730
1688 1737
1688 1745
1688 1746
1688 1750
1688 1752
1688 1754
1688 1768
1688 1771
1688 1791
1688 1795
1688 1800
1688 1804
1688 1811
1688 1813
1688 1816
1688 1827
1688 1845
1688 1861
1688 1864
1688 1867
1688 1877
1688 1881
1688 1885
1689 107
1689 906
1689 921
1689 925
1689 946
1689 952
1689 967
1689 980
1689 993
1689 1003
1689 1004
1689 1047
1689 1049
1689 1054
1689 1059
1689 1076
1689 1079
1689 1086
1689 1124
1689 1126
1689 1128
1689 1130
1689 1146
1689 1149
1689 1172
1689 1181
1689 1184
1689 1198
1689 1201
1689 1211
1689 1230
1689 1238
1689 1242
1689 1250
1689 1267
1689 1290
1689 1293
1689 1327
1689 1339
1689 1344
1689 1352
1689 1365
1689 1367
1689 1376
1689 1377
1689 1380
1689 1390
1689 1391
1689 1399
1689 1420
1689 1431
1689 1488
1689 1491
1689 1509
1689 1516
1689 1520
1689 1522
1689 1523
1689 1524
1689 1530
1689 1539
1689 1540
1689 1551
1689 1554
1689 1557
1689 1559
1689 1563
1689 1589
1689 1597
1689 1600
1689 1608
1689 1612
1689 1613
1689 1614
1689 1617
1689 1620
1689 1621
1689 1622
1689 1623
1689 1632
1689 1644
1689 1652
1689 1659
1689 1662
1689 1663
1689 1665
1689 1683
1689 1688
1689 1707
1689 1714
1689 1717
1689 1721
1689 1724
1689 1730
1689 1735
1689 1736
1689 1737
1689 1746
1689 1750
1689 1752
1689 1753
1689 1789
1689 1793
1689 1795
1689 1796
1689 1799
1689 1800
1689 1809
1689 1813
1689 1816
1689 1819
1689 1826
1689 1827
1689 1833
1689 1835
1689 1842
1689 1849
1689 1864
1689 1867
1689 1877
1689 1879
1689 1888
1689 1891
1689 1902
1690 107
1690 1536
1691 107
1691 896
1691 902
1691 941
1691 957
1691 981
1691 1009
1691 1019
1691 1021
1691 1036
1691 1067
1691 1104
1691 1115
1691 1129
1691 1148
1691 1158
1691 1170
1691 1192
1691 1204
1691 1221
1691 1229
1691 1235
1691 1257
1691 1277
1691 1279
1691 1284
1691 1292
1691 1298
1691 1322
1691 1345
1691 1347
1691 1379
1691 1404
1691 1413
1691 1423
1691 1426
1691 1448
1691 1459
1691 1462
1691 1475
1691 1479
1691 1550
1691 1573
1691 1576
1691 1578
1691 1583
1691 1591
1691 1596
1691 1611
1691 1628
1691 1635
1691 1680
1691 1715
1691 1716
1691 1857
1691 1862
1691 1873
1691 1875
1691 1884
1691 1899
1692 107
1692 353
1692 363
1692 366
1692 420
1692 428
1692 475
1692 483
1692 484
1692 517
1692 538
1692 566
1692 580
1692 606
1692 637
1692 651
1692 905
1692 976
1692 1001
1692 1012
1692 1095
1692 1114
1692 1122
1692 1179
1692 1210
1692 1223
1692 1237
1692 1313
1692 1320
1692 1357
1692 1358
1692 1371
1692 1374
1692 1400
1692 1422
1692 1446
1692 1487
1692 1526
1692 1536
1692 1543
1692 1565
1692 1574
1692 1616
1692 1645
1692 1679
1692 1724
1692 1763
1692 1767
1692 1808
1692 1881
1693 107
1693 1240
1693 1760
1694 107
1694 353
1694 366
1694 483
1694 484
1694 517
1694 580
1694 637
1694 649
1694 930
1694 931
1694 1064
1694 1212
1694 1234
1694 1296
1694 1300
1694 1313
1694 1320
1694 1343
1694 1356
1694 1358
1694 1374
1694 1446
1694 1453
1694 1478
1694 1512
1694 1514
1694 1616
1694 1645
1694 1740
1694 1743
1694 1790
1694 1831
1694 1910
1695 107
1695 483
1695 538
1695 930
1695 948
1695 1080
1695 1113
1695 1142
1695 1318
1695 1320
1695 1332
1695 1358
1695 1427
1695 1446
1695 1464
1695 1549
1695 1565
1695 1574
1695 1602
1695 1606
1695 1625
1695 1660
1695 1763
1695 1766
1695 1773
1695 1801
1695 1844
1695 1870
1695 1881
1695 1882
1696 107
1696 968
1696 1025
1696 1062
1696 1162
1696 1526
1696 1545
1696 1599
1696 1731
1696 1761
1696 1814
1696 1844
1697 107
1697 1033
1697 1337
1697 1663
1697 1702
1697 1718
1697 1806
1697 1909
1698 107
1698 900
1698 908
1698 1033
1698 1136
1698 1173
1698 1187
1698 1274
1698 1307
1698 1360
1698 1433
1698 1511
1698 1553
1698 1567
1698 1615
1698 1687
1698 1806
1698 1825
1698 1847
1699 107
1699 389
1699 606
1699 913
1699 917
1699 968
1699 1012
1699 1051
1699 1052
1699 1062
1699 1070
1699 1159
1699 1183
1699 1217
1699 1223
1699 1246
1699 1338
1699 1343
1699 1355
1699 1366
1699 1435
1699 1436
1699 1444
1699 1472
1699 1473
1699 1504
1699 1525
1699 1529
1699 1536
1699 1540
1699 1541
1699 1569
1699 1633
1699 1634
1699 1667
1699 1681
1699 1686
1699 1703
1699 1770
1699 1794
1699 1807
1699 1876
