1700 107
1700 946
1700 1028
1700 1076
1700 1181
1700 1184
1700 1290
1700 1342
1700 1520
1700 1532
1700 1551
1700 1617
1700 1632
1700 1644
1700 1683
1700 1707
1700 1827
1701 107
1701 929
1701 991
1701 1317
1701 1505
1701 1534
1701 1838
1702 107
1702 922
1702 951
1702 973
1702 1006
1702 1077
1702 1124
1702 1150
1702 1161
1702 1199
1702 1211
1702 1214
1702 1222
1702 1321
1702 1327
1702 1337
1702 1341
1702 1351
1702 1361
1702 1393
1702 1399
1702 1419
1702 1437
1702 1440
1702 1445
1702 1447
1702 1465
1702 1521
1702 1561
1702 1626
1702 1656
1702 1697
1702 1718
1702 1722
1702 1780
1702 1805
1702 1806
1702 1813
1702 1817
1702 1845
1702 1858
1702 1863
1702 1865
1702 1909
1702 1911
1703 107
1703 913
1703 917
1703 924
1703 944
1703 965
1703 974
1703 977
1703 1000
1703 1010
1703 1011
1703 1037
1703 1041
1703 1051
1703 1070
1703 1090
1703 1127
1703 1131
1703 1134
1703 1139
1703 1141
1703 1152
1703 1159
1703 1166
1703 1167
1703 1169
1703 1183
1703 1188
1703 1221
1703 1225
1703 1228
1703 1236
1703 1244
1703 1249
1703 1258
1703 1260
1703 1275
1703 1299
1703 1304
1703 1306
1703 1308
1703 1310
1703 1338
1703 1355
1703 1366
1703 1373
1703 1428
1703 1444
1703 1469
1703 1472
1703 1473
1703 1482
1703 1496
1703 1504
1703 1525
1703 1536
1703 1549
1703 1569
1703 1584
1703 1630
1703 1634
1703 1640
1703 1686
1703 1699
1703 1709
1703 1725
1703 1748
1703 1807
1703 1840
1703 1876
1704 107
1704 933
1704 941
1704 945
1704 969
1704 971
1704 1032
1704 1081
1704 1273
1704 1406
1704 1429
1704 1454
1704 1489
1704 1502
1704 1515
1704 1686
1704 1706
1704 1729
1704 1742
1704 1786
1704 1794
1704 1820
1704 1850
1704 1871
1704 1894
1705 107
1705 928
1705 1085
1705 1098
1705 1136
1705 1144
1705 1174
1705 1187
1705 1251
1705 1307
1705 1328
1705 1360
1705 1410
1705 1421
1705 1433
1705 1494
1705 1511
1705 1555
1705 1567
1705 1588
1705 1593
1705 1676
1705 1687
1705 1719
1705 1803
1705 1825
1705 1866
1706 107
1706 483
1706 896
1706 917
1706 933
1706 941
1706 942
1706 954
1706 971
1706 984
1706 1014
1706 1032
1706 1103
1706 1104
1706 1143
1706 1192
1706 1204
1706 1215
1706 1227
1706 1373
1706 1429
1706 1454
1706 1459
1706 1475
1706 1489
1706 1495
1706 1502
1706 1503
1706 1515
1706 1591
1706 1636
1706 1649
1706 1661
1706 1704
1706 1729
1706 1742
1706 1783
1706 1786
1706 1794
1706 1850
1706 1871
1706 1893
1707 107
1707 916
1707 934
1707 946
1707 952
1707 953
1707 960
1707 966
1707 978
1707 980
1707 983
1707 999
1707 1003
1707 1004
1707 1006
1707 1017
1707 1024
1707 1029
1707 1039
1707 1040
1707 1054
1707 1059
1707 1068
1707 1074
1707 1078
1707 1079
1707 1083
1707 1086
1707 1101
1707 1107
1707 1117
1707 1123
1707 1124
1707 1125
1707 1126
1707 1130
1707 1132
1707 1149
1707 1153
1707 1156
1707 1160
1707 1163
1707 1172
1707 1173
1707 1175
1707 1181
1707 1184
1707 1185
1707 1191
1707 1198
1707 1199
1707 1205
1707 1211
1707 1214
1707 1219
1707 1222
1707 1230
1707 1238
1707 1250
1707 1256
1707 1267
1707 1271
1707 1280
1707 1285
1707 1288
1707 1289
1707 1291
1707 1293
1707 1302
1707 1330
1707 1331
1707 1335
1707 1339
1707 1341
1707 1351
1707 1352
1707 1361
1707 1367
1707 1370
1707 1376
1707 1377
1707 1380
1707 1388
1707 1390
1707 1391
1707 1393
1707 1399
1707 1402
1707 1409
1707 1416
1707 1420
1707 1437
1707 1447
1707 1449
1707 1456
1707 1457
1707 1467
1707 1471
1707 1483
1707 1488
1707 1491
1707 1516
1707 1520
1707 1522
1707 1530
1707 1532
1707 1538
1707 1542
1707 1547
1707 1551
1707 1554
1707 1557
1707 1563
1707 1571
1707 1580
1707 1584
1707 1589
1707 1597
1707 1598
1707 1603
1707 1604
1707 1605
1707 1608
1707 1610
1707 1612
1707 1613
1707 1617
1707 1619
1707 1620
1707 1621
1707 1622
1707 1623
1707 1632
1707 1643
1707 1662
1707 1663
1707 1665
1707 1668
1707 1669
1707 1683
1707 1685
1707 1689
1707 1700
1707 1712
1707 1714
1707 1717
1707 1721
1707 1722
1707 1730
1707 1735
1707 1736
1707 1737
1707 1741
1707 1746
1707 1750
1707 1752
1707 1754
1707 1757
1707 1761
1707 1768
1707 1772
1707 1789
1707 1791
1707 1793
1707 1796
1707 1799
1707 1800
1707 1804
1707 1809
1707 1810
1707 1816
1707 1823
1707 1826
1707 1827
1707 1833
1707 1839
1707 1842
1707 1845
1707 1849
1707 1864
1707 1868
1707 1879
1707 1886
1707 1888
1707 1902
1708 107
1708 1008
1708 1274
1708 1307
1708 1325
1708 1360
1708 1433
1708 1593
1708 1615
1708 1687
1709 107
1709 651
1709 913
1709 917
1709 924
1709 944
1709 977
1709 1010
1709 1011
1709 1041
1709 1051
1709 1070
1709 1072
1709 1109
1709 1127
1709 1131
1709 1134
1709 1139
1709 1141
1709 1167
1709 1169
1709 1189
1709 1221
1709 1226
1709 1236
1709 1258
1709 1259
1709 1260
1709 1275
1709 1304
1709 1338
1709 1348
1709 1355
1709 1366
1709 1415
1709 1418
1709 1428
1709 1469
1709 1472
1709 1473
1709 1482
1709 1496
1709 1504
1709 1525
1709 1529
1709 1536
1709 1569
1709 1624
1709 1630
1709 1672
1709 1703
1709 1725
1709 1748
1709 1749
1709 1756
1709 1770
1709 1785
1709 1807
1709 1815
1709 1831
1709 1876
1709 1904
1710 107
1710 526
1710 925
1710 1110
1710 1112
1710 1209
1710 1344
1710 1528
1710 1557
1710 1688
1710 1730
1710 1771
1710 1827
1710 1861
1710 1900
1711 107
1711 968
1711 1110
1711 1270
1711 1540
1712 107
1712 916
1712 946
1712 960
1712 982
1712 983
1712 997
1712 1003
1712 1006
1712 1017
1712 1024
1712 1040
1712 1056
1712 1059
1712 1068
1712 1083
1712 1101
1712 1123
1712 1125
1712 1126
1712 1130
1712 1132
1712 1153
1712 1163
1712 1199
1712 1207
1712 1211
1712 1214
1712 1238
1712 1250
1712 1256
1712 1267
1712 1271
1712 1285
1712 1287
1712 1288
1712 1291
1712 1302
1712 1335
1712 1336
1712 1339
1712 1341
1712 1351
1712 1352
1712 1370
1712 1380
1712 1390
1712 1391
1712 1398
1712 1399
1712 1409
1712 1431
1712 1447
1712 1449
1712 1456
1712 1457
1712 1471
1712 1480
1712 1488
1712 1491
1712 1516
1712 1522
1712 1542
1712 1547
1712 1551
1712 1559
1712 1584
1712 1589
1712 1598
1712 1603
1712 1610
1712 1613
1712 1619
1712 1622
1712 1652
1712 1662
1712 1663
1712 1665
1712 1668
1712 1707
1712 1714
1712 1717
1712 1736
1712 1746
1712 1757
1712 1761
1712 1789
1712 1791
1712 1793
1712 1796
1712 1800
1712 1804
1712 1809
1712 1816
1712 1823
1712 1832
1712 1833
1712 1839
1712 1846
1712 1849
1712 1863
1712 1868
1712 1879
1712 1888
1712 1898
1713 107
1713 1013
1713 1444
1713 1676
1714 107
1714 921
1714 925
1714 934
1714 946
1714 947
1714 952
1714 953
1714 960
1714 966
1714 980
1714 982
1714 993
1714 999
1714 1004
1714 1006
1714 1017
1714 1024
1714 1026
1714 1028
1714 1059
1714 1076
1714 1078
1714 1079
1714 1083
1714 1086
1714 1092
1714 1101
1714 1107
1714 1112
1714 1117
1714 1125
1714 1126
1714 1128
1714 1135
1714 1146
1714 1149
1714 1153
1714 1163
1714 1172
1714 1181
1714 1182
1714 1184
1714 1185
1714 1198
1714 1199
1714 1205
1714 1211
1714 1230
1714 1238
1714 1242
1714 1243
1714 1250
1714 1255
1714 1256
1714 1267
1714 1269
1714 1271
1714 1272
1714 1287
1714 1288
1714 1289
1714 1291
1714 1293
1714 1302
1714 1305
1714 1312
1714 1329
1714 1330
1714 1331
1714 1335
1714 1336
1714 1339
1714 1340
1714 1341
1714 1344
1714 1352
1714 1359
1714 1361
1714 1365
1714 1367
1714 1370
1714 1375
1714 1376
1714 1377
1714 1380
1714 1388
1714 1390
1714 1391
1714 1399
1714 1402
1714 1409
1714 1416
1714 1420
1714 1431
1714 1447
1714 1449
1714 1456
1714 1457
1714 1467
1714 1471
1714 1483
1714 1488
1714 1491
1714 1516
1714 1520
1714 1522
1714 1530
1714 1538
1714 1547
1714 1551
1714 1554
1714 1559
1714 1570
1714 1584
1714 1589
1714 1590
1714 1597
1714 1598
1714 1600
1714 1603
1714 1604
1714 1605
1714 1608
1714 1612
1714 1613
1714 1617
1714 1619
1714 1621
1714 1622
1714 1623
1714 1637
1714 1639
1714 1643
1714 1653
1714 1662
1714 1663
1714 1665
1714 1668
1714 1669
1714 1675
1714 1689
1714 1707
1714 1712
1714 1717
1714 1721
1714 1722
1714 1723
1714 1730
1714 1735
1714 1736
1714 1737
1714 1741
1714 1746
1714 1750
1714 1752
1714 1757
1714 1761
1714 1768
1714 1769
1714 1789
1714 1791
1714 1793
1714 1795
1714 1796
1714 1799
1714 1800
1714 1804
1714 1809
1714 1810
1714 1816
1714 1821
1714 1823
1714 1826
1714 1827
1714 1833
1714 1835
1714 1839
1714 1846
1714 1849
1714 1864
1714 1867
1714 1868
1714 1879
1714 1886
1714 1888
1714 1902
1715 107
1715 896
1715 957
1715 988
1715 1015
1715 1019
1715 1021
1715 1036
1715 1044
1715 1060
1715 1067
1715 1086
1715 1100
1715 1104
1715 1120
1715 1148
1715 1158
1715 1190
1715 1192
1715 1204
1715 1221
1715 1227
1715 1231
1715 1235
1715 1277
1715 1279
1715 1281
1715 1284
1715 1298
1715 1315
1715 1322
1715 1345
1715 1347
1715 1413
1715 1423
1715 1426
1715 1432
1715 1459
1715 1462
1715 1475
1715 1479
1715 1495
1715 1573
1715 1576
1715 1583
1715 1591
1715 1628
1715 1636
1715 1647
1715 1655
1715 1680
1715 1682
1715 1691
1715 1716
1715 1720
1715 1728
1715 1729
1715 1841
1715 1859
1715 1872
1715 1873
1715 1875
1715 1884
1715 1899
1715 1903
1716 107
1716 637
1716 896
1716 957
1716 975
1716 989
1716 1009
1716 1018
1716 1060
1716 1066
1716 1067
1716 1082
1716 1104
1716 1115
1716 1120
1716 1129
1716 1148
1716 1158
1716 1192
1716 1204
1716 1235
1716 1277
1716 1279
1716 1292
1716 1298
1716 1322
1716 1345
1716 1379
1716 1392
1716 1404
1716 1413
1716 1414
1716 1432
1716 1459
1716 1462
1716 1475
1716 1479
1716 1573
1716 1576
1716 1578
1716 1583
1716 1591
1716 1596
1716 1611
1716 1628
1716 1636
1716 1638
1716 1647
1716 1655
1716 1661
1716 1682
1716 1691
1716 1715
1716 1720
1716 1824
1716 1841
1716 1862
1716 1871
1716 1872
1716 1899
1717 107
1717 916
1717 925
1717 946
1717 947
1717 952
1717 953
1717 966
1717 967
1717 978
1717 980
1717 993
1717 1003
1717 1004
1717 1006
1717 1048
1717 1054
1717 1059
1717 1075
1717 1076
1717 1078
1717 1079
1717 1086
1717 1110
1717 1117
1717 1126
1717 1146
1717 1153
1717 1173
1717 1175
1717 1181
1717 1184
1717 1199
1717 1205
1717 1207
1717 1209
1717 1222
1717 1238
1717 1242
1717 1250
1717 1255
1717 1256
1717 1267
1717 1271
1717 1288
1717 1312
1717 1340
1717 1344
1717 1352
1717 1359
1717 1361
1717 1367
1717 1375
1717 1376
1717 1377
1717 1390
1717 1391
1717 1416
1717 1420
1717 1431
1717 1435
1717 1447
1717 1456
1717 1470
1717 1471
1717 1488
1717 1516
1717 1520
1717 1535
1717 1538
1717 1540
1717 1542
1717 1551
1717 1554
1717 1557
1717 1559
1717 1563
1717 1570
1717 1584
1717 1589
1717 1590
1717 1598
1717 1600
1717 1603
1717 1604
1717 1609
1717 1610
1717 1612
1717 1613
1717 1617
1717 1618
1717 1621
1717 1622
1717 1623
1717 1632
1717 1639
1717 1644
1717 1652
1717 1653
1717 1659
1717 1663
1717 1668
1717 1669
1717 1675
1717 1678
1717 1683
1717 1689
1717 1707
1717 1712
1717 1714
1717 1721
1717 1723
1717 1724
1717 1730
1717 1736
1717 1737
1717 1746
1717 1750
1717 1752
1717 1757
1717 1768
1717 1789
1717 1795
1717 1799
1717 1800
1717 1804
1717 1811
1717 1816
1717 1819
1717 1826
1717 1827
1717 1835
1717 1861
1717 1867
1717 1868
1717 1877
1717 1888
1717 1891
1717 1898
1718 107
1718 136
1718 916
1718 921
1718 925
1718 951
1718 1028
1718 1126
1718 1165
1718 1182
1718 1196
1718 1197
1718 1312
1718 1327
1718 1334
1718 1352
1718 1361
1718 1369
1718 1376
1718 1440
1718 1458
1718 1465
1718 1485
1718 1509
1718 1513
1718 1522
1718 1523
1718 1540
1718 1577
1718 1590
1718 1617
1718 1618
1718 1621
1718 1626
1718 1663
1718 1697
1718 1702
1718 1769
1718 1780
1718 1782
1718 1817
1718 1835
1718 1836
1718 1846
1718 1852
1718 1863
1718 1909
1718 1911
1718 1912
1718 1916
1718 1920
1718 1926
1718 1932
1718 1940
1718 1945
1718 1947
1718 1948
1718 1954
1718 1955
1718 2003
1718 2007
1718 2010
1718 2028
1718 2031
1718 2032
1718 2038
1718 2042
1718 2052
1718 2054
1718 2068
1718 2071
1718 2072
1718 2081
1718 2087
1718 2102
1718 2111
1718 2117
1718 2125
1718 2127
1718 2132
1718 2133
1718 2143
1718 2144
1718 2148
1718 2149
1718 2151
1718 2153
1718 2155
1718 2169
1718 2174
1718 2176
1718 2180
1718 2185
1718 2187
1718 2189
1718 2196
1718 2198
1718 2199
1718 2203
1718 2223
1718 2224
1718 2239
1718 2241
1718 2246
1718 2247
1718 2250
1718 2254
1718 2264
1718 2267
1718 2268
1718 2282
1718 2283
1718 2289
1718 2292
1718 2294
1718 2319
1718 2325
1718 2328
1718 2330
1718 2333
1718 2336
1718 2343
1718 2344
1718 2368
1718 2394
1718 2399
1718 2419
1718 2436
1718 2451
1718 2461
1718 2463
1718 2471
1718 2475
1718 2491
1718 2498
1718 2508
1718 2509
1718 2510
1718 2511
1718 2512
1718 2529
1718 2543
1718 2547
1718 2555
1718 2582
1718 2588
1718 2589
1718 2598
1718 2616
1718 2617
1718 2629
1718 2642
1718 2643
1718 2649
1718 2653
1719 107
1719 908
1719 1085
1719 1088
1719 1098
1719 1136
1719 1165
1719 1174
1719 1187
1719 1360
1719 1421
1719 1555
1719 1567
1719 1588
1719 1687
1719 1705
1719 1803
1719 1825
1719 1847
1720 107
1720 483
1720 596
1720 637
1720 896
1720 988
1720 989
1720 1009
1720 1018
1720 1021
1720 1104
1720 1129
1720 1148
1720 1192
1720 1231
1720 1277
1720 1281
1720 1284
1720 1292
1720 1298
1720 1309
1720 1322
1720 1345
1720 1381
1720 1392
1720 1404
1720 1423
1720 1426
1720 1459
1720 1462
1720 1479
1720 1576
1720 1583
1720 1587
1720 1591
1720 1611
1720 1628
1720 1647
1720 1655
1720 1686
1720 1715
1720 1716
1720 1729
1720 1764
1720 1808
1720 1841
1720 1862
1720 1893
1720 1899
1721 107
1721 925
1721 934
1721 946
1721 947
1721 966
1721 967
1721 978
1721 980
1721 993
1721 999
1721 1003
1721 1004
1721 1017
1721 1026
1721 1047
1721 1049
1721 1054
1721 1059
1721 1076
1721 1078
1721 1079
1721 1086
1721 1107
1721 1110
1721 1112
1721 1126
1721 1132
1721 1146
1721 1172
1721 1181
1721 1184
1721 1185
1721 1198
1721 1199
1721 1209
1721 1211
1721 1230
1721 1239
1721 1243
1721 1250
1721 1255
1721 1269
1721 1290
1721 1331
1721 1335
1721 1340
1721 1341
1721 1344
1721 1352
1721 1367
1721 1375
1721 1376
1721 1377
1721 1390
1721 1399
1721 1416
1721 1420
1721 1431
1721 1437
1721 1447
1721 1480
1721 1491
1721 1516
1721 1530
1721 1539
1721 1547
1721 1551
1721 1554
1721 1557
1721 1584
1721 1589
1721 1597
1721 1600
1721 1603
1721 1610
1721 1612
1721 1613
1721 1621
1721 1623
1721 1643
1721 1644
1721 1653
1721 1659
1721 1663
1721 1683
1721 1688
1721 1689
1721 1707
1721 1714
1721 1717
1721 1724
1721 1730
1721 1736
1721 1741
1721 1746
1721 1750
1721 1752
1721 1791
1721 1795
1721 1796
1721 1799
1721 1800
1721 1804
1721 1813
1721 1816
1721 1819
1721 1827
1721 1833
1721 1835
1721 1849
1721 1867
1721 1879
1721 1888
1721 1902
1722 107
1722 926
1722 932
1722 953
1722 995
1722 997
1722 998
1722 1029
1722 1048
1722 1056
1722 1083
1722 1084
1722 1086
1722 1117
1722 1156
1722 1160
1722 1173
1722 1199
1722 1205
1722 1214
1722 1238
1722 1256
1722 1271
1722 1280
1722 1330
1722 1331
1722 1359
1722 1361
1722 1388
1722 1402
1722 1409
1722 1447
1722 1483
1722 1488
1722 1517
1722 1528
1722 1571
1722 1589
1722 1604
1722 1605
1722 1619
1722 1622
1722 1685
1722 1702
1722 1707
1722 1714
1722 1730
1722 1741
1722 1754
1722 1768
1722 1797
1722 1805
1722 1826
1722 1864
1722 1868
1722 1909
1723 107
1723 1107
1723 1135
1723 1146
1723 1153
1723 1160
1723 1199
1723 1214
1723 1230
1723 1238
1723 1243
1723 1267
1723 1272
1723 1280
1723 1329
1723 1361
1723 1370
1723 1377
1723 1447
1723 1483
1723 1523
1723 1528
1723 1551
1723 1554
1723 1559
1723 1610
1723 1639
1723 1643
1723 1663
1723 1714
1723 1717
1723 1730
1723 1736
1723 1746
1723 1754
1723 1768
1723 1791
1723 1793
1723 1800
1723 1804
1723 1809
1723 1813
1723 1827
1723 1839
1723 1842
1723 1864
1723 1868
1723 1888
1723 1898
1724 107
1724 526
1724 906
1724 925
1724 927
1724 1003
1724 1048
1724 1049
1724 1054
1724 1059
1724 1075
1724 1079
1724 1110
1724 1112
1724 1128
1724 1149
1724 1175
1724 1184
1724 1209
1724 1223
1724 1242
1724 1250
1724 1278
1724 1339
1724 1344
1724 1352
1724 1367
1724 1375
1724 1376
1724 1390
1724 1416
1724 1523
1724 1528
1724 1539
1724 1557
1724 1572
1724 1600
1724 1620
1724 1622
1724 1644
1724 1652
1724 1659
1724 1663
1724 1683
1724 1688
1724 1689
1724 1692
1724 1717
1724 1721
1724 1737
1724 1752
1724 1771
1724 1795
1724 1800
1724 1816
1724 1827
1724 1861
1724 1867
1724 1877
1725 107
1725 917
1725 924
1725 937
1725 944
1725 964
1725 1000
1725 1005
1725 1010
1725 1014
1725 1052
1725 1089
1725 1090
1725 1103
1725 1106
1725 1127
1725 1131
1725 1134
1725 1141
1725 1166
1725 1213
1725 1228
1725 1236
1725 1247
1725 1248
1725 1259
1725 1260
1725 1264
1725 1273
1725 1304
1725 1338
1725 1366
1725 1415
1725 1469
1725 1472
1725 1502
1725 1504
1725 1536
1725 1634
1725 1667
1725 1672
1725 1703
1725 1709
1725 1729
1725 1749
1725 1783
1725 1785
1725 1794
1725 1850
1725 1876
1725 1906
1726 107
1726 990
1726 991
1726 1146
1726 1360
1726 1369
1726 1387
1726 1450
1726 1555
1726 1656
1726 1666
1726 1678
1726 1684
1726 2678
1726 2744
1726 3057
1726 3164
1726 3179
1726 3222
1726 3263
1726 3385
1727 107
1727 606
1727 913
1727 917
1727 1037
1727 1051
1727 1052
1727 1086
1727 1106
1727 1128
1727 1189
1727 1204
1727 1221
1727 1299
1727 1347
1727 1373
1727 1418
1727 1436
1727 1472
1727 1496
1727 1529
1727 1536
1727 1541
1727 1575
1727 1591
1727 1630
1727 1650
1727 1681
1727 1738
1727 1808
1727 1876
1727 1881
1728 107
1728 896
1728 989
1728 1060
1728 1100
1728 1104
1728 1129
1728 1204
1728 1227
1728 1229
1728 1231
1728 1277
1728 1279
1728 1284
1728 1298
1728 1345
1728 1413
1728 1423
1728 1462
1728 1550
1728 1576
1728 1582
1728 1583
1728 1587
1728 1647
1728 1655
1728 1680
1728 1715
1728 1764
1728 1841
1728 1872
1728 1875
1729 107
1729 483
1729 898
1729 917
1729 919
1729 933
1729 941
1729 942
1729 954
1729 969
1729 971
1729 984
1729 989
1729 1009
1729 1014
1729 1018
1729 1020
1729 1021
1729 1032
1729 1066
1729 1080
1729 1081
1729 1099
1729 1102
1729 1104
1729 1108
1729 1158
1729 1166
1729 1204
1729 1215
1729 1229
1729 1247
1729 1261
1729 1273
1729 1277
1729 1281
1729 1282
1729 1303
1729 1316
1729 1324
1729 1373
1729 1382
1729 1396
1729 1406
1729 1429
1729 1435
1729 1451
1729 1454
1729 1489
1729 1495
1729 1502
1729 1503
1729 1508
1729 1515
1729 1582
1729 1595
1729 1649
1729 1661
1729 1704
1729 1706
1729 1715
1729 1720
1729 1725
1729 1732
1729 1742
1729 1751
1729 1783
1729 1786
1729 1794
1729 1812
1729 1820
1729 1824
1729 1828
1729 1848
1729 1850
1729 1871
1729 1893
1729 1894
1729 1899
1729 1907
1730 107
1730 526
1730 906
1730 907
1730 916
1730 921
1730 925
1730 927
1730 932
1730 934
1730 946
1730 947
1730 952
1730 953
1730 966
1730 967
1730 978
1730 980
1730 982
1730 993
1730 995
1730 997
1730 1004
1730 1006
1730 1017
1730 1026
1730 1028
1730 1029
1730 1047
1730 1048
1730 1049
1730 1059
1730 1074
1730 1075
1730 1078
1730 1079
1730 1086
1730 1107
1730 1110
1730 1116
1730 1117
1730 1125
1730 1126
1730 1128
1730 1132
1730 1135
1730 1146
1730 1149
1730 1153
1730 1156
1730 1164
1730 1172
1730 1173
1730 1175
1730 1180
1730 1182
1730 1184
1730 1185
1730 1191
1730 1195
1730 1199
1730 1205
1730 1209
1730 1211
1730 1214
1730 1219
1730 1222
1730 1230
1730 1238
1730 1239
1730 1242
1730 1243
1730 1250
1730 1255
1730 1267
1730 1269
1730 1272
1730 1278
1730 1287
1730 1289
1730 1290
1730 1291
1730 1293
1730 1305
1730 1312
1730 1323
1730 1329
1730 1330
1730 1331
1730 1334
1730 1335
1730 1341
1730 1344
1730 1351
1730 1352
1730 1359
1730 1361
1730 1367
1730 1375
1730 1376
1730 1377
1730 1380
1730 1388
1730 1389
1730 1390
1730 1391
1730 1393
1730 1399
1730 1407
1730 1409
1730 1416
1730 1420
1730 1422
1730 1431
1730 1437
1730 1447
1730 1460
1730 1467
1730 1470
1730 1471
1730 1483
1730 1485
1730 1491
1730 1509
1730 1513
1730 1516
1730 1517
1730 1520
1730 1522
1730 1524
1730 1528
1730 1530
1730 1535
1730 1538
1730 1540
1730 1547
1730 1551
1730 1554
1730 1557
1730 1559
1730 1563
1730 1570
1730 1571
1730 1572
1730 1584
1730 1589
1730 1600
1730 1603
1730 1604
1730 1605
1730 1608
1730 1609
1730 1610
1730 1612
1730 1613
1730 1614
1730 1617
1730 1620
1730 1621
1730 1622
1730 1632
1730 1637
1730 1639
1730 1643
1730 1644
1730 1651
1730 1659
1730 1662
1730 1663
1730 1665
1730 1669
1730 1675
1730 1683
1730 1685
1730 1688
1730 1689
1730 1707
1730 1710
1730 1714
1730 1717
1730 1721
1730 1722
1730 1723
1730 1736
1730 1737
1730 1741
1730 1746
1730 1750
1730 1753
1730 1754
1730 1757
1730 1761
1730 1765
1730 1768
1730 1771
1730 1774
1730 1775
1730 1791
1730 1793
1730 1799
1730 1800
1730 1804
1730 1810
1730 1811
1730 1813
1730 1816
1730 1819
1730 1823
1730 1826
1730 1827
1730 1833
1730 1835
1730 1839
1730 1842
1730 1845
1730 1849
1730 1861
1730 1864
1730 1867
1730 1868
1730 1879
1730 1886
1730 1888
1730 1891
1730 1898
1730 1902
1731 107
1731 1162
1731 1497
1731 1566
1731 1599
1731 1696
1731 1761
1731 1814
1732 107
1732 483
1732 896
1732 898
1732 917
1732 919
1732 942
1732 954
1732 957
1732 969
1732 971
1732 1014
1732 1020
1732 1032
1732 1066
1732 1081
1732 1099
1732 1102
1732 1158
1732 1215
1732 1261
1732 1282
1732 1303
1732 1309
1732 1316
1732 1347
1732 1396
1732 1406
1732 1413
1732 1451
1732 1454
1732 1495
1732 1502
1732 1515
1732 1582
1732 1649
1732 1661
1732 1729
1732 1742
1732 1751
1732 1783
1732 1786
1732 1820
1732 1824
1732 1828
1732 1848
1732 1871
1732 1907
1733 107
1733 901
1733 903
1733 917
1733 938
1733 958
1733 963
1733 992
1733 1097
1733 1118
1733 1137
1733 1186
1733 1216
1733 1232
1733 1314
1733 1319
1733 1333
1733 1363
1733 1371
1733 1378
1733 1424
1733 1452
1733 1468
1733 1493
1733 1533
1733 1548
1733 1568
1733 1601
1733 1629
1733 1648
1733 1747
1733 1784
1733 1787
1733 1798
1733 1837
1733 1880
1733 1892
1733 1895
1734 107
1734 907
1734 921
1734 925
1734 932
1734 967
1734 978
1734 980
1734 993
1734 1026
1734 1047
1734 1079
1734 1146
1734 1164
1734 1185
1734 1222
1734 1312
1734 1329
1734 1334
1734 1341
1734 1352
1734 1409
1734 1431
1734 1467
1734 1551
1734 1554
1734 1557
1734 1570
1734 1589
1734 1603
1734 1604
1734 1613
1734 1621
1734 1663
1734 1668
1734 1669
1734 1685
1734 1741
1734 1746
1734 1761
1734 1768
1734 1775
1734 1800
1734 1804
1734 1833
1734 1845
1734 1861
1734 1888
1734 1902
1735 107
1735 916
1735 921
1735 925
1735 946
1735 947
1735 952
1735 993
1735 1004
1735 1017
1735 1028
1735 1059
1735 1076
1735 1078
1735 1086
1735 1112
1735 1123
1735 1124
1735 1126
1735 1128
1735 1149
1735 1184
1735 1185
1735 1196
1735 1199
1735 1209
1735 1211
1735 1243
1735 1255
1735 1267
1735 1269
1735 1272
1735 1287
1735 1302
1735 1305
1735 1329
1735 1334
1735 1339
1735 1341
1735 1344
1735 1352
1735 1367
1735 1375
1735 1376
1735 1390
1735 1391
1735 1416
1735 1420
1735 1431
1735 1449
1735 1467
1735 1471
1735 1485
1735 1491
1735 1509
1735 1516
1735 1522
1735 1530
1735 1538
1735 1557
1735 1559
1735 1563
1735 1584
1735 1589
1735 1590
1735 1597
1735 1603
1735 1608
1735 1612
1735 1613
1735 1614
1735 1617
1735 1621
1735 1643
1735 1653
1735 1662
1735 1663
1735 1675
1735 1683
1735 1689
1735 1707
1735 1714
1735 1736
1735 1746
1735 1750
1735 1752
1735 1753
1735 1757
1735 1761
1735 1768
1735 1769
1735 1774
1735 1799
1735 1800
1735 1804
1735 1810
1735 1823
1735 1827
1735 1833
1735 1835
1735 1836
1735 1839
1735 1845
1735 1849
1735 1851
1735 1867
1735 1877
1735 1886
1735 1888
1736 107
1736 916
1736 925
1736 927
1736 946
1736 952
1736 953
1736 960
1736 966
1736 972
1736 982
1736 983
1736 1004
1736 1006
1736 1017
1736 1024
1736 1039
1736 1040
1736 1059
1736 1063
1736 1068
1736 1069
1736 1074
1736 1076
1736 1078
1736 1079
1736 1083
1736 1086
1736 1101
1736 1107
1736 1117
1736 1124
1736 1125
1736 1126
1736 1132
1736 1153
1736 1156
1736 1160
1736 1163
1736 1172
1736 1175
1736 1181
1736 1184
1736 1185
1736 1191
1736 1198
1736 1199
1736 1205
1736 1211
1736 1214
1736 1219
1736 1222
1736 1230
1736 1250
1736 1256
1736 1267
1736 1269
1736 1280
1736 1285
1736 1288
1736 1289
1736 1291
1736 1302
1736 1312
1736 1330
1736 1331
1736 1335
1736 1339
1736 1341
1736 1351
1736 1352
1736 1361
1736 1370
1736 1376
1736 1388
1736 1390
1736 1391
1736 1399
1736 1409
1736 1416
1736 1420
1736 1431
1736 1437
1736 1449
1736 1456
1736 1471
1736 1483
1736 1491
1736 1516
1736 1530
1736 1547
1736 1551
1736 1554
1736 1557
1736 1559
1736 1563
1736 1580
1736 1584
1736 1589
1736 1590
1736 1597
1736 1598
1736 1600
1736 1603
1736 1604
1736 1608
1736 1610
1736 1612
1736 1613
1736 1619
1736 1621
1736 1622
1736 1623
1736 1632
1736 1662
1736 1663
1736 1665
1736 1668
1736 1685
1736 1689
1736 1707
1736 1712
1736 1714
1736 1717
1736 1721
1736 1723
1736 1730
1736 1735
1736 1746
1736 1750
1736 1754
1736 1757
1736 1768
1736 1772
1736 1789
1736 1791
1736 1793
1736 1799
1736 1800
1736 1804
1736 1809
1736 1810
1736 1816
1736 1819
1736 1823
1736 1827
1736 1833
1736 1839
1736 1842
1736 1845
1736 1849
1736 1864
1736 1879
1736 1888
1736 1900
1736 1902
1737 107
1737 906
1737 925
1737 946
1737 966
1737 999
1737 1003
1737 1017
1737 1049
1737 1054
1737 1059
1737 1075
1737 1076
1737 1079
1737 1086
1737 1112
1737 1126
1737 1132
1737 1181
1737 1184
1737 1185
1737 1198
1737 1199
1737 1209
1737 1211
1737 1250
1737 1255
1737 1335
1737 1339
1737 1344
1737 1352
1737 1365
1737 1367
1737 1375
1737 1376
1737 1390
1737 1399
1737 1431
1737 1488
1737 1491
1737 1516
1737 1530
1737 1547
1737 1554
1737 1557
1737 1572
1737 1589
1737 1597
1737 1600
1737 1612
1737 1613
1737 1623
1737 1652
1737 1659
1737 1683
1737 1688
1737 1689
1737 1707
1737 1714
1737 1717
1737 1724
1737 1730
1737 1741
1737 1746
1737 1750
1737 1752
1737 1757
1737 1789
1737 1796
1737 1799
1737 1800
1737 1810
1737 1816
1737 1819
1737 1827
1737 1833
1737 1877
1737 1879
1737 1888
1738 107
1738 606
1738 913
1738 917
1738 944
1738 968
1738 1051
1738 1052
1738 1070
1738 1159
1738 1217
1738 1246
1738 1258
1738 1306
1738 1343
1738 1366
1738 1444
1738 1472
1738 1473
1738 1531
1738 1536
1738 1569
1738 1630
1738 1727
1738 1807
1738 1876
1739 107
1739 917
1739 964
1739 1041
1739 1062
1739 1065
1739 1213
1739 1415
1739 1469
1739 1672
1739 1783
1739 1876
1739 1904
1739 1906
1740 107
1740 353
1740 363
1740 366
1740 428
1740 483
1740 484
1740 526
1740 566
1740 580
1740 936
1740 1001
1740 1113
1740 1122
1740 1179
1740 1210
1740 1300
1740 1318
1740 1320
1740 1349
1740 1358
1740 1408
1740 1512
1740 1514
1740 1549
1740 1565
1740 1574
1740 1606
1740 1616
1740 1645
1740 1673
1740 1677
1740 1694
1740 1744
1740 1766
1740 1778
1740 1882
1741 107
1741 897
1741 932
1741 946
1741 953
1741 995
1741 997
1741 1003
1741 1004
1741 1006
1741 1017
1741 1076
1741 1078
1741 1079
1741 1083
1741 1086
1741 1092
1741 1101
1741 1126
1741 1146
1741 1153
1741 1160
1741 1173
1741 1175
1741 1180
1741 1195
1741 1199
1741 1205
1741 1211
1741 1230
1741 1238
1741 1250
1741 1256
1741 1271
1741 1280
1741 1288
1741 1291
1741 1331
1741 1352
1741 1359
1741 1361
1741 1367
1741 1370
1741 1376
1741 1377
1741 1380
1741 1388
1741 1390
1741 1399
1741 1431
1741 1437
1741 1447
1741 1456
1741 1463
1741 1470
1741 1471
1741 1483
1741 1488
1741 1516
1741 1517
1741 1547
1741 1554
1741 1559
1741 1571
1741 1580
1741 1584
1741 1594
1741 1598
1741 1603
1741 1604
1741 1605
1741 1612
1741 1617
1741 1619
1741 1621
1741 1622
1741 1663
1741 1665
1741 1669
1741 1675
1741 1685
1741 1707
1741 1714
1741 1721
1741 1722
1741 1730
1741 1734
1741 1737
1741 1746
1741 1782
1741 1800
1741 1809
1741 1816
1741 1823
1741 1826
1741 1827
1741 1833
1741 1861
1741 1867
1741 1868
1741 1879
1741 1886
1741 1888
1741 1898
1742 107
1742 483
1742 896
1742 898
1742 917
1742 919
1742 933
1742 941
1742 942
1742 954
1742 969
1742 984
1742 1014
1742 1018
1742 1019
1742 1020
1742 1032
1742 1060
1742 1066
1742 1081
1742 1099
1742 1102
1742 1104
1742 1108
1742 1166
1742 1170
1742 1192
1742 1204
1742 1215
1742 1227
1742 1235
1742 1245
1742 1261
1742 1273
1742 1277
1742 1281
1742 1282
1742 1284
1742 1303
1742 1309
1742 1316
1742 1322
1742 1324
1742 1345
1742 1347
1742 1373
1742 1382
1742 1396
1742 1406
1742 1451
1742 1454
1742 1459
1742 1475
1742 1502
1742 1508
1742 1515
1742 1582
1742 1587
1742 1595
1742 1636
1742 1638
1742 1649
1742 1661
1742 1704
1742 1706
1742 1729
1742 1732
1742 1751
1742 1783
1742 1786
1742 1812
1742 1820
1742 1824
1742 1828
1742 1848
1742 1871
1742 1893
1742 1894
1742 1907
1743 107
1743 580
1743 931
1743 962
1743 976
1743 1064
1743 1122
1743 1210
1743 1212
1743 1349
1743 1356
1743 1425
1743 1453
1743 1478
1743 1497
1743 1531
1743 1545
1743 1566
1743 1645
1743 1671
1743 1694
1743 1829
1743 1831
1743 1844
1743 1901
1743 1910
1744 107
1744 353
1744 363
1744 483
1744 580
1744 606
1744 637
1744 641
1744 651
1744 1113
1744 1114
1744 1121
1744 1122
1744 1179
1744 1210
1744 1237
1744 1300
1744 1318
1744 1320
1744 1349
1744 1358
1744 1446
1744 1487
1744 1514
1744 1565
1744 1574
1744 1599
1744 1606
1744 1616
1744 1645
1744 1677
1744 1740
1744 1766
1744 1778
1744 1829
1744 1844
1744 1882
1745 107
1745 389
1745 563
1745 924
1745 1035
1745 1070
1745 1170
1745 1221
1745 1259
1745 1296
1745 1338
1745 1412
1745 1496
1745 1525
1745 1529
1745 1569
1745 1688
1745 1770
1745 1830
1746 107
1746 906
1746 916
1746 925
1746 934
1746 946
1746 947
1746 952
1746 966
1746 978
1746 980
1746 993
1746 999
1746 1003
1746 1004
1746 1006
1746 1017
1746 1020
1746 1026
1746 1048
1746 1049
1746 1054
1746 1059
1746 1075
1746 1076
1746 1078
1746 1079
1746 1083
1746 1086
1746 1101
1746 1107
1746 1112
1746 1114
1746 1117
1746 1126
1746 1128
1746 1130
1746 1132
1746 1135
1746 1146
1746 1149
1746 1153
1746 1156
1746 1163
1746 1172
1746 1181
1746 1184
1746 1185
1746 1198
1746 1199
1746 1207
1746 1209
1746 1211
1746 1230
1746 1237
1746 1238
1746 1242
1746 1243
1746 1250
1746 1255
1746 1256
1746 1267
1746 1269
1746 1271
1746 1278
1746 1287
1746 1288
1746 1290
1746 1291
1746 1293
1746 1302
1746 1305
1746 1329
1746 1330
1746 1331
1746 1335
1746 1339
1746 1340
1746 1341
1746 1344
1746 1352
1746 1367
1746 1370
1746 1375
1746 1376
1746 1377
1746 1380
1746 1390
1746 1391
1746 1399
1746 1402
1746 1409
1746 1416
1746 1420
1746 1431
1746 1435
1746 1447
1746 1449
1746 1456
1746 1457
1746 1467
1746 1471
1746 1483
1746 1488
1746 1491
1746 1509
1746 1516
1746 1520
1746 1522
1746 1523
1746 1524
1746 1528
1746 1530
1746 1532
1746 1539
1746 1547
1746 1551
1746 1554
1746 1557
1746 1559
1746 1572
1746 1580
1746 1584
1746 1589
1746 1597
1746 1598
1746 1600
1746 1603
1746 1605
1746 1608
1746 1610
1746 1612
1746 1613
1746 1617
1746 1619
1746 1620
1746 1621
1746 1622
1746 1623
1746 1632
1746 1637
1746 1639
1746 1643
1746 1644
1746 1652
1746 1653
1746 1659
1746 1662
1746 1663
1746 1665
1746 1668
1746 1669
1746 1683
1746 1685
1746 1688
1746 1689
1746 1707
1746 1712
1746 1714
1746 1717
1746 1721
1746 1723
1746 1730
1746 1734
1746 1735
1746 1736
1746 1737
1746 1741
1746 1750
1746 1752
1746 1757
1746 1761
1746 1768
1746 1780
1746 1789
1746 1793
1746 1795
1746 1796
1746 1799
1746 1800
1746 1804
1746 1809
1746 1810
1746 1813
1746 1816
1746 1819
1746 1823
1746 1826
1746 1827
1746 1833
1746 1835
1746 1839
1746 1849
1746 1867
1746 1868
1746 1877
1746 1879
1746 1886
1746 1888
1746 1891
1746 1898
1746 1902
1747 107
1747 903
1747 938
1747 963
1747 992
1747 1097
1747 1118
1747 1216
1747 1314
1747 1319
1747 1364
1747 1424
1747 1452
1747 1533
1747 1548
1747 1568
1747 1733
1747 1784
1747 1787
1747 1837
1747 1880
1747 1895
1748 107
1748 944
1748 977
1748 1011
1748 1041
1748 1131
1748 1169
1748 1225
1748 1249
1748 1306
1748 1703
1748 1709
1748 1756
1749 107
1749 937
1749 1090
1749 1106
1749 1236
1749 1246
1749 1248
1749 1264
1749 1373
1749 1481
1749 1709
1749 1725
1749 1785
