1750 107
1750 916
1750 921
1750 925
1750 927
1750 934
1750 946
1750 947
1750 952
1750 978
1750 980
1750 991
1750 993
1750 999
1750 1003
1750 1004
1750 1017
1750 1048
1750 1049
1750 1059
1750 1076
1750 1078
1750 1079
1750 1086
1750 1110
1750 1112
1750 1128
1750 1130
1750 1132
1750 1149
1750 1172
1750 1181
1750 1184
1750 1185
1750 1198
1750 1199
1750 1209
1750 1211
1750 1230
1750 1242
1750 1250
1750 1255
1750 1267
1750 1269
1750 1278
1750 1289
1750 1290
1750 1291
1750 1302
1750 1312
1750 1329
1750 1339
1750 1340
1750 1341
1750 1344
1750 1352
1750 1367
1750 1375
1750 1376
1750 1377
1750 1390
1750 1391
1750 1399
1750 1416
1750 1420
1750 1431
1750 1467
1750 1491
1750 1516
1750 1520
1750 1522
1750 1523
1750 1530
1750 1538
1750 1539
1750 1551
1750 1554
1750 1557
1750 1559
1750 1584
1750 1589
1750 1597
1750 1600
1750 1603
1750 1612
1750 1617
1750 1621
1750 1622
1750 1623
1750 1644
1750 1659
1750 1662
1750 1663
1750 1665
1750 1683
1750 1688
1750 1689
1750 1707
1750 1714
1750 1717
1750 1721
1750 1730
1750 1735
1750 1736
1750 1737
1750 1746
1750 1752
1750 1761
1750 1771
1750 1789
1750 1791
1750 1793
1750 1795
1750 1799
1750 1800
1750 1819
1750 1823
1750 1827
1750 1833
1750 1835
1750 1844
1750 1849
1750 1867
1750 1879
1750 1888
1750 1902
1751 107
1751 483
1751 896
1751 898
1751 917
1751 919
1751 942
1751 954
1751 969
1751 989
1751 1014
1751 1018
1751 1020
1751 1032
1751 1081
1751 1099
1751 1102
1751 1108
1751 1166
1751 1245
1751 1261
1751 1273
1751 1277
1751 1281
1751 1282
1751 1303
1751 1309
1751 1324
1751 1382
1751 1396
1751 1406
1751 1454
1751 1495
1751 1508
1751 1582
1751 1661
1751 1729
1751 1732
1751 1742
1751 1783
1751 1786
1751 1812
1751 1820
1751 1824
1751 1828
1751 1848
1751 1871
1751 1875
1751 1893
1751 1894
1752 107
1752 916
1752 925
1752 946
1752 947
1752 952
1752 967
1752 999
1752 1003
1752 1004
1752 1017
1752 1024
1752 1049
1752 1054
1752 1059
1752 1075
1752 1076
1752 1078
1752 1079
1752 1083
1752 1091
1752 1101
1752 1112
1752 1126
1752 1132
1752 1149
1752 1181
1752 1184
1752 1185
1752 1198
1752 1209
1752 1211
1752 1230
1752 1242
1752 1250
1752 1255
1752 1267
1752 1290
1752 1291
1752 1302
1752 1339
1752 1344
1752 1352
1752 1365
1752 1367
1752 1375
1752 1376
1752 1390
1752 1399
1752 1416
1752 1420
1752 1431
1752 1456
1752 1471
1752 1480
1752 1488
1752 1491
1752 1509
1752 1516
1752 1520
1752 1522
1752 1524
1752 1530
1752 1539
1752 1554
1752 1557
1752 1559
1752 1563
1752 1572
1752 1584
1752 1589
1752 1597
1752 1600
1752 1603
1752 1610
1752 1612
1752 1613
1752 1614
1752 1621
1752 1622
1752 1623
1752 1632
1752 1644
1752 1659
1752 1663
1752 1668
1752 1669
1752 1683
1752 1688
1752 1689
1752 1707
1752 1714
1752 1717
1752 1721
1752 1724
1752 1735
1752 1737
1752 1746
1752 1750
1752 1757
1752 1795
1752 1796
1752 1799
1752 1800
1752 1804
1752 1819
1752 1827
1752 1833
1752 1835
1752 1861
1752 1867
1752 1868
1752 1886
1752 1888
1752 1891
1753 107
1753 916
1753 921
1753 925
1753 934
1753 946
1753 967
1753 980
1753 993
1753 1026
1753 1047
1753 1048
1753 1076
1753 1078
1753 1086
1753 1092
1753 1110
1753 1124
1753 1126
1753 1146
1753 1182
1753 1185
1753 1196
1753 1222
1753 1230
1753 1243
1753 1255
1753 1267
1753 1269
1753 1272
1753 1290
1753 1323
1753 1329
1753 1334
1753 1352
1753 1361
1753 1376
1753 1377
1753 1393
1753 1407
1753 1420
1753 1471
1753 1485
1753 1528
1753 1551
1753 1554
1753 1559
1753 1563
1753 1570
1753 1584
1753 1589
1753 1603
1753 1608
1753 1610
1753 1612
1753 1613
1753 1621
1753 1622
1753 1643
1753 1659
1753 1663
1753 1669
1753 1675
1753 1685
1753 1689
1753 1730
1753 1735
1753 1761
1753 1768
1753 1769
1753 1799
1753 1800
1753 1804
1753 1827
1753 1833
1753 1835
1753 1845
1753 1861
1753 1864
1753 1886
1753 1888
1753 1891
1754 107
1754 526
1754 916
1754 932
1754 947
1754 982
1754 1048
1754 1049
1754 1056
1754 1059
1754 1074
1754 1075
1754 1086
1754 1092
1754 1110
1754 1116
1754 1124
1754 1126
1754 1184
1754 1199
1754 1209
1754 1230
1754 1243
1754 1250
1754 1269
1754 1290
1754 1291
1754 1329
1754 1331
1754 1335
1754 1359
1754 1388
1754 1391
1754 1393
1754 1407
1754 1484
1754 1528
1754 1530
1754 1551
1754 1554
1754 1557
1754 1571
1754 1589
1754 1610
1754 1617
1754 1620
1754 1688
1754 1707
1754 1722
1754 1723
1754 1730
1754 1736
1754 1800
1754 1819
1754 1845
1754 1864
1754 1879
1755 107
1755 1347
1756 107
1756 944
1756 977
1756 1011
1756 1041
1756 1072
1756 1131
1756 1249
1756 1306
1756 1338
1756 1348
1756 1428
1756 1624
1756 1709
1756 1748
1756 1831
1757 107
1757 906
1757 921
1757 925
1757 934
1757 946
1757 947
1757 952
1757 966
1757 978
1757 993
1757 999
1757 1004
1757 1017
1757 1026
1757 1028
1757 1047
1757 1059
1757 1078
1757 1079
1757 1083
1757 1086
1757 1101
1757 1107
1757 1112
1757 1125
1757 1126
1757 1132
1757 1146
1757 1153
1757 1163
1757 1172
1757 1182
1757 1184
1757 1185
1757 1198
1757 1199
1757 1209
1757 1211
1757 1214
1757 1238
1757 1250
1757 1255
1757 1256
1757 1269
1757 1271
1757 1278
1757 1287
1757 1288
1757 1302
1757 1305
1757 1329
1757 1335
1757 1339
1757 1344
1757 1351
1757 1352
1757 1367
1757 1369
1757 1370
1757 1376
1757 1377
1757 1390
1757 1399
1757 1402
1757 1431
1757 1439
1757 1449
1757 1456
1757 1457
1757 1467
1757 1471
1757 1480
1757 1516
1757 1524
1757 1528
1757 1532
1757 1538
1757 1547
1757 1551
1757 1554
1757 1556
1757 1557
1757 1559
1757 1572
1757 1584
1757 1589
1757 1598
1757 1603
1757 1605
1757 1610
1757 1612
1757 1613
1757 1619
1757 1621
1757 1643
1757 1653
1757 1662
1757 1663
1757 1665
1757 1668
1757 1669
1757 1707
1757 1712
1757 1714
1757 1717
1757 1730
1757 1735
1757 1736
1757 1737
1757 1746
1757 1752
1757 1761
1757 1768
1757 1782
1757 1791
1757 1793
1757 1799
1757 1800
1757 1804
1757 1809
1757 1810
1757 1816
1757 1827
1757 1833
1757 1835
1757 1868
1757 1879
1757 1886
1757 1888
1757 1898
1758 107
1758 923
1758 987
1758 1165
1758 1178
1758 1371
1758 1384
1758 1419
1758 1461
1758 1480
1758 1505
1758 1533
1758 1534
1758 1593
1758 1674
1758 1684
1758 1787
1758 1835
1758 1837
1758 1858
1758 2677
1758 2764
1758 2813
1758 2825
1758 2979
1758 3205
1758 3432
1759 107
1759 1000
1759 1127
1759 1304
1759 1308
1759 1840
1760 107
1760 1070
1760 1693
1761 107
1761 921
1761 934
1761 946
1761 947
1761 952
1761 980
1761 993
1761 1017
1761 1026
1761 1028
1761 1054
1761 1059
1761 1076
1761 1078
1761 1079
1761 1086
1761 1092
1761 1101
1761 1126
1761 1128
1761 1135
1761 1146
1761 1149
1761 1153
1761 1162
1761 1164
1761 1182
1761 1185
1761 1199
1761 1211
1761 1243
1761 1267
1761 1269
1761 1272
1761 1291
1761 1302
1761 1305
1761 1329
1761 1334
1761 1341
1761 1352
1761 1376
1761 1377
1761 1389
1761 1391
1761 1399
1761 1420
1761 1431
1761 1447
1761 1456
1761 1467
1761 1471
1761 1491
1761 1497
1761 1509
1761 1516
1761 1520
1761 1522
1761 1529
1761 1551
1761 1557
1761 1559
1761 1566
1761 1570
1761 1575
1761 1584
1761 1589
1761 1597
1761 1599
1761 1600
1761 1603
1761 1608
1761 1610
1761 1612
1761 1613
1761 1614
1761 1621
1761 1622
1761 1637
1761 1639
1761 1643
1761 1663
1761 1668
1761 1669
1761 1675
1761 1683
1761 1696
1761 1707
1761 1712
1761 1714
1761 1730
1761 1731
1761 1734
1761 1735
1761 1746
1761 1750
1761 1753
1761 1757
1761 1765
1761 1768
1761 1791
1761 1799
1761 1800
1761 1804
1761 1807
1761 1810
1761 1814
1761 1818
1761 1823
1761 1827
1761 1829
1761 1833
1761 1835
1761 1843
1761 1864
1761 1867
1761 1868
1761 1885
1761 1888
1761 1897
1762 107
1762 1473
1762 1545
1762 1654
1763 107
1763 483
1763 538
1763 641
1763 651
1763 915
1763 930
1763 948
1763 1080
1763 1113
1763 1237
1763 1318
1763 1332
1763 1349
1763 1358
1763 1427
1763 1446
1763 1549
1763 1565
1763 1574
1763 1625
1763 1645
1763 1671
1763 1677
1763 1692
1763 1695
1763 1766
1763 1773
1763 1844
1763 1870
1763 1878
1763 1882
1764 107
1764 896
1764 941
1764 957
1764 1082
1764 1104
1764 1129
1764 1192
1764 1204
1764 1229
1764 1231
1764 1235
1764 1277
1764 1284
1764 1303
1764 1345
1764 1350
1764 1462
1764 1583
1764 1591
1764 1647
1764 1655
1764 1680
1764 1720
1764 1728
1765 107
1765 897
1765 921
1765 927
1765 947
1765 980
1765 1003
1765 1026
1765 1048
1765 1059
1765 1075
1765 1123
1765 1126
1765 1164
1765 1175
1765 1195
1765 1243
1765 1250
1765 1255
1765 1272
1765 1312
1765 1329
1765 1334
1765 1352
1765 1376
1765 1377
1765 1405
1765 1420
1765 1460
1765 1467
1765 1480
1765 1501
1765 1509
1765 1513
1765 1520
1765 1522
1765 1528
1765 1570
1765 1584
1765 1589
1765 1590
1765 1612
1765 1613
1765 1614
1765 1621
1765 1622
1765 1637
1765 1639
1765 1643
1765 1644
1765 1670
1765 1675
1765 1730
1765 1761
1765 1768
1765 1779
1765 1782
1765 1791
1765 1810
1765 1813
1765 1819
1765 1835
1765 1842
1765 1846
1765 1851
1765 1883
1766 107
1766 483
1766 606
1766 637
1766 641
1766 915
1766 930
1766 948
1766 1080
1766 1113
1766 1142
1766 1210
1766 1237
1766 1294
1766 1318
1766 1320
1766 1332
1766 1358
1766 1427
1766 1446
1766 1464
1766 1526
1766 1549
1766 1565
1766 1574
1766 1606
1766 1625
1766 1645
1766 1660
1766 1695
1766 1740
1766 1744
1766 1763
1766 1773
1766 1801
1766 1844
1766 1870
1766 1878
1766 1881
1766 1882
1767 107
1767 363
1767 366
1767 376
1767 475
1767 483
1767 538
1767 606
1767 641
1767 651
1767 936
1767 1001
1767 1051
1767 1080
1767 1113
1767 1114
1767 1155
1767 1179
1767 1210
1767 1320
1767 1357
1767 1358
1767 1366
1767 1374
1767 1400
1767 1427
1767 1473
1767 1512
1767 1545
1767 1565
1767 1616
1767 1645
1767 1654
1767 1673
1767 1692
1767 1844
1768 107
1768 526
1768 897
1768 906
1768 916
1768 921
1768 925
1768 927
1768 934
1768 946
1768 947
1768 953
1768 967
1768 978
1768 980
1768 993
1768 995
1768 997
1768 1006
1768 1026
1768 1028
1768 1029
1768 1040
1768 1047
1768 1048
1768 1054
1768 1056
1768 1059
1768 1063
1768 1068
1768 1074
1768 1075
1768 1076
1768 1078
1768 1079
1768 1084
1768 1086
1768 1092
1768 1101
1768 1107
1768 1117
1768 1124
1768 1126
1768 1128
1768 1135
1768 1146
1768 1149
1768 1153
1768 1160
1768 1172
1768 1173
1768 1175
1768 1182
1768 1185
1768 1191
1768 1195
1768 1198
1768 1199
1768 1201
1768 1205
1768 1207
1768 1211
1768 1214
1768 1219
1768 1222
1768 1230
1768 1238
1768 1243
1768 1250
1768 1255
1768 1256
1768 1265
1768 1267
1768 1269
1768 1271
1768 1280
1768 1289
1768 1290
1768 1291
1768 1293
1768 1302
1768 1305
1768 1312
1768 1323
1768 1329
1768 1330
1768 1331
1768 1334
1768 1339
1768 1352
1768 1359
1768 1361
1768 1376
1768 1377
1768 1388
1768 1389
1768 1390
1768 1391
1768 1393
1768 1399
1768 1402
1768 1407
1768 1409
1768 1416
1768 1420
1768 1431
1768 1447
1768 1456
1768 1458
1768 1460
1768 1467
1768 1470
1768 1471
1768 1480
1768 1483
1768 1488
1768 1509
1768 1516
1768 1519
1768 1520
1768 1522
1768 1523
1768 1528
1768 1530
1768 1535
1768 1539
1768 1551
1768 1553
1768 1554
1768 1557
1768 1559
1768 1563
1768 1570
1768 1571
1768 1580
1768 1584
1768 1589
1768 1590
1768 1600
1768 1603
1768 1604
1768 1605
1768 1608
1768 1609
1768 1610
1768 1612
1768 1613
1768 1614
1768 1620
1768 1621
1768 1622
1768 1623
1768 1632
1768 1637
1768 1639
1768 1643
1768 1651
1768 1662
1768 1663
1768 1668
1768 1669
1768 1675
1768 1683
1768 1685
1768 1688
1768 1707
1768 1714
1768 1717
1768 1722
1768 1723
1768 1730
1768 1734
1768 1735
1768 1736
1768 1746
1768 1753
1768 1757
1768 1761
1768 1765
1768 1772
1768 1774
1768 1791
1768 1793
1768 1795
1768 1799
1768 1800
1768 1804
1768 1809
1768 1811
1768 1813
1768 1823
1768 1827
1768 1833
1768 1835
1768 1842
1768 1845
1768 1849
1768 1860
1768 1861
1768 1863
1768 1864
1768 1868
1768 1879
1768 1888
1768 1891
1768 1898
1768 1900
1768 1902
1768 1909
1769 107
1769 897
1769 925
1769 1149
1769 1184
1769 1196
1769 1305
1769 1327
1769 1369
1769 1449
1769 1458
1769 1467
1769 1485
1769 1538
1769 1563
1769 1612
1769 1683
1769 1714
1769 1718
1769 1735
1769 1753
1769 1774
1769 1799
1769 1836
1769 1845
1770 107
1770 389
1770 917
1770 944
1770 949
1770 1010
1770 1011
1770 1012
1770 1035
1770 1037
1770 1041
1770 1052
1770 1070
1770 1106
1770 1109
1770 1121
1770 1226
1770 1236
1770 1244
1770 1259
1770 1275
1770 1296
1770 1311
1770 1348
1770 1385
1770 1415
1770 1469
1770 1472
1770 1482
1770 1496
1770 1504
1770 1507
1770 1510
1770 1525
1770 1529
1770 1536
1770 1541
1770 1624
1770 1630
1770 1650
1770 1699
1770 1709
1770 1745
1770 1778
1770 1876
1770 1904
1770 1906
1771 107
1771 906
1771 925
1771 1112
1771 1250
1771 1278
1771 1339
1771 1344
1771 1375
1771 1390
1771 1416
1771 1685
1771 1688
1771 1710
1771 1724
1771 1730
1771 1750
1771 1800
1771 1827
1771 1867
1772 107
1772 967
1772 993
1772 997
1772 1029
1772 1056
1772 1117
1772 1124
1772 1132
1772 1153
1772 1173
1772 1199
1772 1201
1772 1205
1772 1214
1772 1222
1772 1238
1772 1330
1772 1335
1772 1352
1772 1359
1772 1388
1772 1402
1772 1420
1772 1447
1772 1456
1772 1471
1772 1483
1772 1524
1772 1542
1772 1557
1772 1559
1772 1570
1772 1571
1772 1580
1772 1589
1772 1598
1772 1604
1772 1608
1772 1610
1772 1613
1772 1614
1772 1619
1772 1662
1772 1663
1772 1665
1772 1670
1772 1707
1772 1736
1772 1768
1772 1791
1772 1793
1772 1804
1772 1842
1772 1849
1772 1861
1772 1868
1772 1879
1772 1888
1772 1898
1772 1902
1773 107
1773 483
1773 930
1773 948
1773 1113
1773 1142
1773 1318
1773 1332
1773 1425
1773 1427
1773 1446
1773 1549
1773 1565
1773 1574
1773 1625
1773 1660
1773 1679
1773 1695
1773 1763
1773 1766
1773 1801
1773 1844
1773 1881
1774 107
1774 925
1774 967
1774 980
1774 1029
1774 1124
1774 1149
1774 1175
1774 1196
1774 1305
1774 1321
1774 1327
1774 1329
1774 1376
1774 1384
1774 1458
1774 1480
1774 1485
1774 1509
1774 1518
1774 1563
1774 1612
1774 1626
1774 1637
1774 1639
1774 1643
1774 1662
1774 1683
1774 1730
1774 1735
1774 1768
1774 1769
1774 1799
1774 1835
1774 1836
1774 1845
1774 1851
1774 1879
1774 1886
1774 1911
1775 107
1775 932
1775 980
1775 1026
1775 1685
1775 1730
1775 1734
1775 1845
1776 107
1776 910
1776 912
1776 1657
1776 1808
1777 107
1777 376
1777 428
1777 563
1777 1013
1778 107
1778 353
1778 428
1778 483
1778 484
1778 517
1778 526
1778 538
1778 606
1778 637
1778 641
1778 651
1778 915
1778 962
1778 1012
1778 1035
1778 1114
1778 1179
1778 1210
1778 1223
1778 1226
1778 1237
1778 1320
1778 1357
1778 1385
1778 1425
1778 1446
1778 1510
1778 1529
1778 1545
1778 1549
1778 1574
1778 1606
1778 1645
1778 1740
1778 1744
1778 1770
1778 1882
1779 107
1779 1003
1779 1050
1779 1055
1779 1161
1779 1266
1779 1369
1779 1405
1779 1431
1779 1434
1779 1441
1779 1513
1779 1544
1779 1564
1779 1585
1779 1637
1779 1639
1779 1765
1779 1822
1779 1851
1779 1883
1779 1905
1780 107
1780 922
1780 961
1780 1321
1780 1352
1780 1369
1780 1419
1780 1437
1780 1440
1780 1523
1780 1538
1780 1626
1780 1674
1780 1702
1780 1718
1780 1746
1780 1800
1780 1817
1780 1858
1780 1909
1781 107
1781 924
1781 935
1781 954
1781 1010
1781 1070
1781 1120
1781 1159
1781 1170
1781 1244
1781 1246
1781 1258
1781 1275
1781 1412
1781 1472
1781 1525
1781 1529
1781 1531
1781 1569
1781 1591
1781 1630
1781 1646
1781 1783
1781 1807
1781 1830
1781 1869
1782 107
1782 897
1782 920
1782 926
1782 927
1782 946
1782 947
1782 967
1782 980
1782 1017
1782 1048
1782 1123
1782 1126
1782 1175
1782 1182
1782 1185
1782 1195
1782 1199
1782 1265
1782 1269
1782 1305
1782 1334
1782 1352
1782 1367
1782 1376
1782 1377
1782 1391
1782 1409
1782 1420
1782 1431
1782 1449
1782 1458
1782 1460
1782 1467
1782 1480
1782 1485
1782 1488
1782 1513
1782 1516
1782 1528
1782 1559
1782 1563
1782 1589
1782 1590
1782 1609
1782 1610
1782 1612
1782 1614
1782 1621
1782 1639
1782 1663
1782 1668
1782 1718
1782 1741
1782 1757
1782 1765
1782 1799
1782 1800
1782 1804
1782 1826
1782 1833
1782 1835
1782 1842
1782 1851
1782 1886
1782 1888
1782 1909
1783 107
1783 483
1783 896
1783 898
1783 917
1783 919
1783 941
1783 942
1783 954
1783 964
1783 969
1783 971
1783 984
1783 1005
1783 1014
1783 1020
1783 1032
1783 1036
1783 1051
1783 1062
1783 1066
1783 1081
1783 1089
1783 1093
1783 1099
1783 1100
1783 1102
1783 1108
1783 1143
1783 1152
1783 1158
1783 1159
1783 1166
1783 1167
1783 1170
1783 1183
1783 1189
1783 1204
1783 1213
1783 1215
1783 1221
1783 1231
1783 1235
1783 1241
1783 1245
1783 1246
1783 1259
1783 1261
1783 1263
1783 1273
1783 1275
1783 1277
1783 1281
1783 1282
1783 1292
1783 1303
1783 1309
1783 1311
1783 1316
1783 1324
1783 1338
1783 1345
1783 1347
1783 1366
1783 1373
1783 1382
1783 1396
1783 1413
1783 1415
1783 1444
1783 1451
1783 1454
1783 1459
1783 1469
1783 1472
1783 1481
1783 1489
1783 1495
1783 1502
1783 1503
1783 1504
1783 1507
1783 1508
1783 1515
1783 1525
1783 1529
1783 1569
1783 1582
1783 1583
1783 1591
1783 1595
1783 1596
1783 1624
1783 1638
1783 1649
1783 1661
1783 1667
1783 1672
1783 1706
1783 1725
1783 1729
1783 1732
1783 1739
1783 1742
1783 1751
1783 1781
1783 1785
1783 1786
1783 1794
1783 1807
1783 1812
1783 1820
1783 1824
1783 1828
1783 1848
1783 1871
1783 1887
1783 1893
1783 1894
1783 1906
1783 1907
1784 107
1784 992
1784 1137
1784 1216
1784 1314
1784 1333
1784 1371
1784 1452
1784 1593
1784 1601
1784 1629
1784 1733
1784 1747
1784 1787
1784 1798
1784 1837
1784 1895
1785 107
1785 917
1785 937
1785 1010
1785 1080
1785 1106
1785 1127
1785 1141
1785 1154
1785 1159
1785 1221
1785 1236
1785 1246
1785 1248
1785 1275
1785 1295
1785 1296
1785 1304
1785 1308
1785 1338
1785 1500
1785 1504
1785 1525
1785 1529
1785 1667
1785 1709
1785 1725
1785 1749
1785 1783
1785 1828
1786 107
1786 483
1786 896
1786 898
1786 917
1786 919
1786 941
1786 942
1786 954
1786 969
1786 971
1786 975
1786 981
1786 984
1786 1009
1786 1014
1786 1018
1786 1020
1786 1021
1786 1032
1786 1066
1786 1081
1786 1099
1786 1102
1786 1104
1786 1108
1786 1166
1786 1170
1786 1190
1786 1192
1786 1204
1786 1215
1786 1227
1786 1231
1786 1235
1786 1245
1786 1261
1786 1273
1786 1277
1786 1279
1786 1281
1786 1282
1786 1298
1786 1303
1786 1309
1786 1316
1786 1324
1786 1347
1786 1373
1786 1379
1786 1382
1786 1396
1786 1406
1786 1426
1786 1429
1786 1448
1786 1451
1786 1454
1786 1459
1786 1473
1786 1475
1786 1479
1786 1495
1786 1502
1786 1508
1786 1515
1786 1573
1786 1582
1786 1583
1786 1587
1786 1591
1786 1595
1786 1596
1786 1636
1786 1638
1786 1649
1786 1661
1786 1704
1786 1706
1786 1729
1786 1732
1786 1742
1786 1751
1786 1783
1786 1812
1786 1820
1786 1824
1786 1828
1786 1848
1786 1850
1786 1857
1786 1871
1786 1872
1786 1873
1786 1893
1786 1894
1786 1907
1787 107
1787 901
1787 903
1787 917
1787 938
1787 958
1787 963
1787 992
1787 1097
1787 1118
1787 1216
1787 1232
1787 1314
1787 1333
1787 1363
1787 1371
1787 1378
1787 1424
1787 1452
1787 1468
1787 1493
1787 1533
1787 1536
1787 1548
1787 1568
1787 1593
1787 1601
1787 1648
1787 1733
1787 1747
1787 1758
1787 1784
1787 1798
1787 1837
1787 1876
1787 1880
1787 1892
1787 1895
1788 107
1788 909
1788 955
1788 1030
1788 1043
1788 1045
1788 1111
1788 1197
1788 1368
1788 1384
1789 107
1789 960
1789 966
1789 1003
1789 1004
1789 1006
1789 1024
1789 1059
1789 1078
1789 1083
1789 1086
1789 1101
1789 1107
1789 1112
1789 1125
1789 1132
1789 1153
1789 1156
1789 1163
1789 1175
1789 1180
1789 1184
1789 1185
1789 1198
1789 1199
1789 1207
1789 1209
1789 1214
1789 1242
1789 1250
1789 1256
1789 1291
1789 1331
1789 1335
1789 1339
1789 1340
1789 1341
1789 1344
1789 1367
1789 1375
1789 1376
1789 1380
1789 1390
1789 1391
1789 1416
1789 1431
1789 1456
1789 1463
1789 1471
1789 1480
1789 1488
1789 1491
1789 1516
1789 1532
1789 1538
1789 1539
1789 1547
1789 1556
1789 1557
1789 1559
1789 1572
1789 1584
1789 1598
1789 1600
1789 1604
1789 1610
1789 1612
1789 1613
1789 1617
1789 1620
1789 1621
1789 1622
1789 1632
1789 1643
1789 1652
1789 1653
1789 1662
1789 1663
1789 1665
1789 1668
1789 1683
1789 1689
1789 1707
1789 1712
1789 1714
1789 1717
1789 1736
1789 1737
1789 1746
1789 1750
1789 1796
1789 1799
1789 1800
1789 1804
1789 1810
1789 1819
1789 1827
1789 1833
1789 1861
1789 1867
1789 1877
1789 1879
1789 1888
1790 107
1790 353
1790 363
1790 366
1790 483
1790 580
1790 637
1790 896
1790 915
1790 1009
1790 1080
1790 1122
1790 1142
1790 1192
1790 1215
1790 1257
1790 1277
1790 1284
1790 1349
1790 1358
1790 1374
1790 1413
1790 1426
1790 1427
1790 1446
1790 1448
1790 1462
1790 1475
1790 1479
1790 1512
1790 1602
1790 1616
1790 1645
1790 1649
1790 1694
1790 1841
1790 1844
1790 1878
1791 107
1791 526
1791 897
1791 916
1791 927
1791 934
1791 946
1791 952
1791 953
1791 967
1791 978
1791 983
1791 993
1791 997
1791 1006
1791 1048
1791 1056
1791 1075
1791 1078
1791 1079
1791 1101
1791 1107
1791 1110
1791 1117
1791 1146
1791 1149
1791 1163
1791 1172
1791 1173
1791 1185
1791 1191
1791 1199
1791 1205
1791 1209
1791 1214
1791 1238
1791 1243
1791 1255
1791 1256
1791 1267
1791 1276
1791 1280
1791 1289
1791 1290
1791 1291
1791 1302
1791 1323
1791 1329
1791 1330
1791 1352
1791 1359
1791 1361
1791 1367
1791 1376
1791 1377
1791 1390
1791 1391
1791 1399
1791 1402
1791 1409
1791 1416
1791 1431
1791 1467
1791 1470
1791 1491
1791 1509
1791 1513
1791 1516
1791 1520
1791 1522
1791 1528
1791 1539
1791 1551
1791 1553
1791 1554
1791 1557
1791 1559
1791 1580
1791 1584
1791 1597
1791 1600
1791 1603
1791 1604
1791 1609
1791 1612
1791 1613
1791 1617
1791 1620
1791 1621
1791 1622
1791 1637
1791 1639
1791 1643
1791 1663
1791 1665
1791 1668
1791 1669
1791 1683
1791 1688
1791 1707
1791 1712
1791 1714
1791 1721
1791 1723
1791 1730
1791 1736
1791 1750
1791 1757
1791 1761
1791 1765
1791 1768
1791 1772
1791 1793
1791 1800
1791 1804
1791 1813
1791 1823
1791 1826
1791 1827
1791 1833
1791 1835
1791 1839
1791 1842
1791 1849
1791 1851
1791 1861
1791 1864
1791 1868
1791 1888
1791 1898
1791 1902
1792 107
1792 920
1792 1450
1792 1477
1792 1666
1792 1860
1793 107
1793 916
1793 921
1793 925
1793 934
1793 946
1793 952
1793 953
1793 960
1793 966
1793 978
1793 980
1793 983
1793 993
1793 997
1793 1006
1793 1017
1793 1026
1793 1040
1793 1056
1793 1059
1793 1068
1793 1074
1793 1078
1793 1079
1793 1101
1793 1107
1793 1117
1793 1124
1793 1125
1793 1126
1793 1128
1793 1132
1793 1146
1793 1153
1793 1160
1793 1172
1793 1173
1793 1180
1793 1181
1793 1184
1793 1199
1793 1205
1793 1211
1793 1214
1793 1219
1793 1222
1793 1230
1793 1238
1793 1250
1793 1267
1793 1271
1793 1272
1793 1280
1793 1285
1793 1290
1793 1291
1793 1312
1793 1331
1793 1334
1793 1335
1793 1351
1793 1352
1793 1359
1793 1361
1793 1367
1793 1370
1793 1376
1793 1377
1793 1388
1793 1390
1793 1391
1793 1393
1793 1399
1793 1431
1793 1437
1793 1447
1793 1456
1793 1471
1793 1483
1793 1488
1793 1491
1793 1516
1793 1520
1793 1530
1793 1535
1793 1538
1793 1542
1793 1547
1793 1551
1793 1554
1793 1557
1793 1559
1793 1563
1793 1571
1793 1580
1793 1584
1793 1589
1793 1590
1793 1598
1793 1603
1793 1604
1793 1609
1793 1610
1793 1613
1793 1617
1793 1619
1793 1621
1793 1622
1793 1644
1793 1663
1793 1665
1793 1668
1793 1669
1793 1689
1793 1707
1793 1712
1793 1714
1793 1723
1793 1730
1793 1736
1793 1746
1793 1750
1793 1757
1793 1768
1793 1772
1793 1791
1793 1796
1793 1800
1793 1804
1793 1809
1793 1810
1793 1816
1793 1823
1793 1827
1793 1833
1793 1835
1793 1839
1793 1842
1793 1845
1793 1864
1793 1867
1793 1868
1793 1879
1793 1888
1794 107
1794 483
1794 933
1794 941
1794 954
1794 968
1794 969
1794 971
1794 987
1794 1025
1794 1062
1794 1081
1794 1095
1794 1103
1794 1104
1794 1183
1794 1215
1794 1217
1794 1223
1794 1247
1794 1273
1794 1334
1794 1350
1794 1357
1794 1364
1794 1373
1794 1427
1794 1429
1794 1436
1794 1451
1794 1464
1794 1487
1794 1489
1794 1502
1794 1503
1794 1515
1794 1526
1794 1575
1794 1598
1794 1649
1794 1658
1794 1686
1794 1699
1794 1704
1794 1706
1794 1725
1794 1729
1794 1783
1794 1807
1794 1818
1794 1844
1794 1850
1794 1871
1794 1881
1794 1894
1794 1897
1794 1910
1795 107
1795 906
1795 925
1795 934
1795 947
1795 980
1795 1003
1795 1004
1795 1006
1795 1054
1795 1059
1795 1075
1795 1076
1795 1079
1795 1092
1795 1110
1795 1117
1795 1125
1795 1146
1795 1181
1795 1184
1795 1198
1795 1199
1795 1242
1795 1250
1795 1267
1795 1287
1795 1289
1795 1291
1795 1312
1795 1330
1795 1339
1795 1344
1795 1352
1795 1375
1795 1376
1795 1390
1795 1391
1795 1416
1795 1420
1795 1491
1795 1509
1795 1520
1795 1522
1795 1523
1795 1530
1795 1539
1795 1554
1795 1557
1795 1563
1795 1570
1795 1589
1795 1597
1795 1598
1795 1600
1795 1603
1795 1608
1795 1612
1795 1613
1795 1619
1795 1622
1795 1623
1795 1637
1795 1644
1795 1652
1795 1663
1795 1665
1795 1683
1795 1688
1795 1689
1795 1714
1795 1717
1795 1721
1795 1724
1795 1746
1795 1750
1795 1752
1795 1768
1795 1799
1795 1800
1795 1819
1795 1827
1795 1833
1795 1835
1795 1839
1795 1861
1795 1867
1795 1877
1795 1891
1796 107
1796 906
1796 916
1796 925
1796 967
1796 993
1796 1004
1796 1059
1796 1076
1796 1079
1796 1107
1796 1112
1796 1146
1796 1149
1796 1153
1796 1199
1796 1205
1796 1209
1796 1242
1796 1250
1796 1256
1796 1267
1796 1290
1796 1293
1796 1335
1796 1339
1796 1344
1796 1359
1796 1361
1796 1367
1796 1375
1796 1390
1796 1416
1796 1420
1796 1431
1796 1456
1796 1524
1796 1557
1796 1571
1796 1589
1796 1610
1796 1612
1796 1613
1796 1614
1796 1619
1796 1622
1796 1632
1796 1643
1796 1653
1796 1662
1796 1663
1796 1689
1796 1707
1796 1712
1796 1714
1796 1721
1796 1737
1796 1746
1796 1752
1796 1789
1796 1793
1796 1799
1796 1800
1796 1804
1796 1813
1796 1827
1796 1833
1796 1849
1796 1867
1796 1888
1796 1902
1797 107
1797 1214
1797 1598
1797 1722
1797 1854
1798 107
1798 901
1798 903
1798 938
1798 958
1798 963
1798 992
1798 1097
1798 1118
1798 1137
1798 1186
1798 1216
1798 1232
1798 1314
1798 1319
1798 1333
1798 1371
1798 1378
1798 1424
1798 1452
1798 1468
1798 1493
1798 1533
1798 1548
1798 1568
1798 1601
1798 1648
1798 1733
1798 1784
1798 1787
1798 1802
1798 1837
1798 1880
1798 1895
1799 107
1799 897
1799 916
1799 925
1799 927
1799 934
1799 946
1799 947
1799 952
1799 960
1799 966
1799 993
1799 999
1799 1003
1799 1004
1799 1006
1799 1017
1799 1028
1799 1059
1799 1076
1799 1078
1799 1083
1799 1086
1799 1101
1799 1107
1799 1112
1799 1123
1799 1124
1799 1125
1799 1126
1799 1128
1799 1130
1799 1132
1799 1146
1799 1149
1799 1156
1799 1181
1799 1184
1799 1185
1799 1196
1799 1198
1799 1199
1799 1211
1799 1243
1799 1250
1799 1255
1799 1267
1799 1269
1799 1272
1799 1287
1799 1302
1799 1305
1799 1323
1799 1329
1799 1335
1799 1339
1799 1340
1799 1341
1799 1344
1799 1351
1799 1352
1799 1365
1799 1367
1799 1375
1799 1376
1799 1377
1799 1390
1799 1391
1799 1398
1799 1399
1799 1416
1799 1420
1799 1431
1799 1449
1799 1467
1799 1471
1799 1485
1799 1491
1799 1509
1799 1516
1799 1520
1799 1522
1799 1538
1799 1554
1799 1557
1799 1559
1799 1563
1799 1572
1799 1584
1799 1589
1799 1597
1799 1603
1799 1610
1799 1612
1799 1613
1799 1614
1799 1617
1799 1621
1799 1622
1799 1623
1799 1632
1799 1643
1799 1653
1799 1662
1799 1663
1799 1665
1799 1668
1799 1669
1799 1683
1799 1685
1799 1689
1799 1707
1799 1714
1799 1717
1799 1721
1799 1730
1799 1735
1799 1736
1799 1737
1799 1746
1799 1750
1799 1752
1799 1753
1799 1757
1799 1761
1799 1768
1799 1769
1799 1774
1799 1782
1799 1789
1799 1795
1799 1796
1799 1800
1799 1804
1799 1810
1799 1813
1799 1816
1799 1819
1799 1823
1799 1826
1799 1827
1799 1833
1799 1835
1799 1836
1799 1839
1799 1845
1799 1849
1799 1867
1799 1877
1799 1879
1799 1886
1799 1888
