1800 107
1800 526
1800 906
1800 916
1800 922
1800 925
1800 934
1800 946
1800 947
1800 952
1800 953
1800 960
1800 966
1800 967
1800 978
1800 980
1800 982
1800 993
1800 999
1800 1003
1800 1004
1800 1006
1800 1017
1800 1024
1800 1025
1800 1028
1800 1047
1800 1048
1800 1049
1800 1054
1800 1056
1800 1059
1800 1075
1800 1076
1800 1078
1800 1079
1800 1083
1800 1086
1800 1101
1800 1107
1800 1110
1800 1112
1800 1116
1800 1117
1800 1124
1800 1125
1800 1126
1800 1128
1800 1130
1800 1132
1800 1135
1800 1146
1800 1149
1800 1153
1800 1156
1800 1160
1800 1163
1800 1172
1800 1173
1800 1175
1800 1181
1800 1184
1800 1185
1800 1191
1800 1195
1800 1198
1800 1199
1800 1207
1800 1209
1800 1211
1800 1222
1800 1230
1800 1237
1800 1238
1800 1242
1800 1243
1800 1250
1800 1255
1800 1256
1800 1267
1800 1269
1800 1271
1800 1272
1800 1278
1800 1287
1800 1288
1800 1290
1800 1291
1800 1293
1800 1302
1800 1305
1800 1327
1800 1329
1800 1330
1800 1331
1800 1335
1800 1339
1800 1340
1800 1341
1800 1344
1800 1351
1800 1352
1800 1361
1800 1367
1800 1370
1800 1375
1800 1376
1800 1377
1800 1380
1800 1390
1800 1391
1800 1399
1800 1402
1800 1409
1800 1416
1800 1420
1800 1431
1800 1435
1800 1447
1800 1449
1800 1456
1800 1457
1800 1467
1800 1471
1800 1480
1800 1483
1800 1484
1800 1488
1800 1491
1800 1509
1800 1516
1800 1520
1800 1522
1800 1523
1800 1524
1800 1530
1800 1532
1800 1538
1800 1540
1800 1542
1800 1547
1800 1551
1800 1554
1800 1557
1800 1559
1800 1563
1800 1572
1800 1580
1800 1584
1800 1589
1800 1590
1800 1597
1800 1598
1800 1600
1800 1603
1800 1604
1800 1605
1800 1608
1800 1609
1800 1610
1800 1612
1800 1613
1800 1614
1800 1617
1800 1619
1800 1620
1800 1621
1800 1622
1800 1623
1800 1626
1800 1632
1800 1644
1800 1652
1800 1653
1800 1659
1800 1662
1800 1663
1800 1665
1800 1668
1800 1669
1800 1674
1800 1675
1800 1683
1800 1685
1800 1688
1800 1689
1800 1707
1800 1712
1800 1714
1800 1717
1800 1721
1800 1723
1800 1724
1800 1730
1800 1734
1800 1735
1800 1736
1800 1737
1800 1741
1800 1746
1800 1750
1800 1752
1800 1753
1800 1754
1800 1757
1800 1761
1800 1768
1800 1771
1800 1780
1800 1782
1800 1789
1800 1791
1800 1793
1800 1795
1800 1796
1800 1799
1800 1804
1800 1809
1800 1810
1800 1811
1800 1813
1800 1816
1800 1819
1800 1823
1800 1826
1800 1827
1800 1833
1800 1835
1800 1836
1800 1839
1800 1842
1800 1843
1800 1845
1800 1849
1800 1864
1800 1867
1800 1868
1800 1877
1800 1879
1800 1881
1800 1886
1800 1888
1800 1891
1800 1898
1800 1902
1801 107
1801 366
1801 483
1801 915
1801 930
1801 948
1801 976
1801 1080
1801 1122
1801 1294
1801 1332
1801 1425
1801 1427
1801 1514
1801 1549
1801 1565
1801 1625
1801 1645
1801 1660
1801 1695
1801 1766
1801 1773
1801 1844
1802 107
1802 963
1802 1097
1802 1314
1802 1452
1802 1468
1802 1533
1802 1548
1802 1629
1802 1798
1802 1837
1802 1895
1803 107
1803 1085
1803 1088
1803 1098
1803 1136
1803 1174
1803 1178
1803 1187
1803 1283
1803 1317
1803 1328
1803 1360
1803 1410
1803 1421
1803 1494
1803 1555
1803 1567
1803 1588
1803 1593
1803 1641
1803 1687
1803 1705
1803 1719
1803 1847
1803 1866
1804 107
1804 906
1804 916
1804 925
1804 934
1804 946
1804 947
1804 953
1804 960
1804 966
1804 978
1804 980
1804 993
1804 997
1804 999
1804 1004
1804 1006
1804 1017
1804 1024
1804 1029
1804 1047
1804 1059
1804 1076
1804 1078
1804 1079
1804 1083
1804 1086
1804 1091
1804 1101
1804 1112
1804 1117
1804 1123
1804 1124
1804 1125
1804 1126
1804 1128
1804 1130
1804 1132
1804 1149
1804 1153
1804 1156
1804 1160
1804 1163
1804 1172
1804 1173
1804 1175
1804 1180
1804 1181
1804 1182
1804 1185
1804 1191
1804 1198
1804 1199
1804 1201
1804 1205
1804 1207
1804 1209
1804 1211
1804 1214
1804 1222
1804 1238
1804 1242
1804 1243
1804 1250
1804 1256
1804 1267
1804 1269
1804 1271
1804 1272
1804 1280
1804 1287
1804 1288
1804 1289
1804 1291
1804 1302
1804 1305
1804 1329
1804 1330
1804 1331
1804 1335
1804 1339
1804 1341
1804 1344
1804 1351
1804 1352
1804 1359
1804 1367
1804 1370
1804 1376
1804 1377
1804 1389
1804 1390
1804 1398
1804 1399
1804 1416
1804 1431
1804 1439
1804 1447
1804 1449
1804 1456
1804 1463
1804 1467
1804 1471
1804 1480
1804 1488
1804 1491
1804 1509
1804 1516
1804 1520
1804 1522
1804 1524
1804 1530
1804 1535
1804 1547
1804 1551
1804 1559
1804 1563
1804 1570
1804 1580
1804 1584
1804 1589
1804 1590
1804 1597
1804 1598
1804 1600
1804 1603
1804 1604
1804 1605
1804 1608
1804 1609
1804 1610
1804 1612
1804 1613
1804 1617
1804 1619
1804 1620
1804 1621
1804 1622
1804 1623
1804 1637
1804 1643
1804 1652
1804 1653
1804 1662
1804 1663
1804 1665
1804 1668
1804 1669
1804 1675
1804 1683
1804 1685
1804 1688
1804 1707
1804 1712
1804 1714
1804 1717
1804 1721
1804 1723
1804 1730
1804 1734
1804 1735
1804 1736
1804 1746
1804 1752
1804 1753
1804 1757
1804 1761
1804 1768
1804 1772
1804 1782
1804 1789
1804 1791
1804 1793
1804 1796
1804 1799
1804 1800
1804 1809
1804 1811
1804 1813
1804 1816
1804 1823
1804 1827
1804 1833
1804 1835
1804 1839
1804 1842
1804 1849
1804 1861
1804 1863
1804 1868
1804 1879
1804 1886
1804 1888
1804 1898
1804 1902
1805 107
1805 897
1805 922
1805 1056
1805 1123
1805 1130
1805 1255
1805 1305
1805 1337
1805 1361
1805 1440
1805 1458
1805 1467
1805 1480
1805 1580
1805 1626
1805 1702
1805 1722
1805 1813
1805 1852
1805 1858
1805 1911
1806 107
1806 908
1806 951
1806 970
1806 1023
1806 1033
1806 1073
1806 1085
1806 1098
1806 1136
1806 1187
1806 1274
1806 1307
1806 1360
1806 1433
1806 1445
1806 1511
1806 1537
1806 1553
1806 1555
1806 1567
1806 1588
1806 1593
1806 1615
1806 1656
1806 1687
1806 1697
1806 1698
1806 1702
1806 1825
1806 1866
1806 1908
1807 107
1807 913
1807 914
1807 917
1807 935
1807 968
1807 994
1807 1051
1807 1052
1807 1152
1807 1159
1807 1183
1807 1217
1807 1221
1807 1246
1807 1247
1807 1258
1807 1334
1807 1338
1807 1343
1807 1364
1807 1366
1807 1408
1807 1427
1807 1435
1807 1444
1807 1453
1807 1472
1807 1473
1807 1525
1807 1529
1807 1536
1807 1540
1807 1569
1807 1575
1807 1584
1807 1591
1807 1630
1807 1634
1807 1658
1807 1699
1807 1703
1807 1709
1807 1738
1807 1761
1807 1781
1807 1783
1807 1794
1807 1818
1807 1885
1807 1897
1808 107
1808 563
1808 637
1808 910
1808 912
1808 947
1808 1053
1808 1114
1808 1422
1808 1657
1808 1692
1808 1720
1808 1727
1808 1776
1809 107
1809 916
1809 953
1809 959
1809 960
1809 966
1809 972
1809 982
1809 983
1809 995
1809 997
1809 1003
1809 1006
1809 1024
1809 1039
1809 1040
1809 1063
1809 1068
1809 1069
1809 1078
1809 1083
1809 1086
1809 1101
1809 1107
1809 1117
1809 1125
1809 1126
1809 1130
1809 1132
1809 1153
1809 1156
1809 1160
1809 1163
1809 1172
1809 1175
1809 1185
1809 1199
1809 1205
1809 1207
1809 1238
1809 1256
1809 1271
1809 1280
1809 1285
1809 1288
1809 1289
1809 1330
1809 1331
1809 1336
1809 1351
1809 1352
1809 1367
1809 1370
1809 1380
1809 1388
1809 1390
1809 1391
1809 1399
1809 1402
1809 1431
1809 1447
1809 1449
1809 1456
1809 1457
1809 1471
1809 1480
1809 1483
1809 1488
1809 1530
1809 1542
1809 1547
1809 1551
1809 1559
1809 1584
1809 1598
1809 1604
1809 1605
1809 1610
1809 1613
1809 1619
1809 1621
1809 1652
1809 1662
1809 1663
1809 1665
1809 1668
1809 1685
1809 1689
1809 1707
1809 1712
1809 1714
1809 1723
1809 1736
1809 1741
1809 1746
1809 1757
1809 1768
1809 1793
1809 1800
1809 1804
1809 1810
1809 1813
1809 1816
1809 1826
1809 1832
1809 1833
1809 1839
1809 1868
1809 1879
1809 1886
1809 1888
1809 1898
1809 1900
1810 107
1810 926
1810 946
1810 952
1810 966
1810 983
1810 999
1810 1004
1810 1006
1810 1017
1810 1026
1810 1059
1810 1076
1810 1078
1810 1079
1810 1086
1810 1107
1810 1124
1810 1125
1810 1126
1810 1128
1810 1132
1810 1149
1810 1153
1810 1156
1810 1181
1810 1184
1810 1185
1810 1198
1810 1199
1810 1211
1810 1242
1810 1250
1810 1269
1810 1278
1810 1288
1810 1291
1810 1302
1810 1335
1810 1339
1810 1340
1810 1341
1810 1344
1810 1352
1810 1365
1810 1367
1810 1375
1810 1376
1810 1391
1810 1399
1810 1416
1810 1431
1810 1456
1810 1488
1810 1491
1810 1516
1810 1530
1810 1532
1810 1538
1810 1542
1810 1556
1810 1559
1810 1563
1810 1572
1810 1584
1810 1589
1810 1603
1810 1612
1810 1621
1810 1623
1810 1652
1810 1653
1810 1662
1810 1665
1810 1668
1810 1675
1810 1707
1810 1714
1810 1730
1810 1735
1810 1736
1810 1737
1810 1746
1810 1757
1810 1761
1810 1765
1810 1789
1810 1793
1810 1799
1810 1800
1810 1809
1810 1816
1810 1823
1810 1826
1810 1827
1810 1833
1810 1839
1810 1845
1810 1868
1810 1877
1810 1879
1810 1888
1811 107
1811 906
1811 925
1811 927
1811 978
1811 997
1811 1047
1811 1048
1811 1056
1811 1076
1811 1117
1811 1124
1811 1153
1811 1173
1811 1175
1811 1191
1811 1201
1811 1205
1811 1222
1811 1243
1811 1265
1811 1323
1811 1330
1811 1335
1811 1352
1811 1359
1811 1361
1811 1376
1811 1377
1811 1389
1811 1390
1811 1447
1811 1470
1811 1523
1811 1528
1811 1535
1811 1551
1811 1554
1811 1559
1811 1570
1811 1600
1811 1604
1811 1609
1811 1610
1811 1613
1811 1637
1811 1663
1811 1669
1811 1675
1811 1678
1811 1688
1811 1717
1811 1730
1811 1768
1811 1800
1811 1804
1811 1813
1811 1835
1811 1839
1811 1842
1811 1861
1811 1888
1811 1902
1812 107
1812 483
1812 896
1812 917
1812 942
1812 954
1812 1014
1812 1020
1812 1032
1812 1066
1812 1099
1812 1100
1812 1102
1812 1104
1812 1108
1812 1166
1812 1227
1812 1229
1812 1231
1812 1261
1812 1277
1812 1282
1812 1303
1812 1309
1812 1345
1812 1373
1812 1382
1812 1396
1812 1454
1812 1495
1812 1502
1812 1582
1812 1583
1812 1661
1812 1729
1812 1742
1812 1751
1812 1783
1812 1786
1812 1820
1812 1824
1812 1871
1812 1893
1812 1894
1813 107
1813 484
1813 913
1813 921
1813 925
1813 932
1813 947
1813 953
1813 966
1813 967
1813 978
1813 980
1813 993
1813 995
1813 997
1813 1006
1813 1026
1813 1029
1813 1047
1813 1048
1813 1049
1813 1056
1813 1074
1813 1075
1813 1076
1813 1078
1813 1079
1813 1086
1813 1101
1813 1110
1813 1117
1813 1124
1813 1126
1813 1132
1813 1135
1813 1146
1813 1160
1813 1172
1813 1173
1813 1180
1813 1181
1813 1184
1813 1199
1813 1205
1813 1211
1813 1214
1813 1219
1813 1222
1813 1230
1813 1238
1813 1243
1813 1255
1813 1256
1813 1272
1813 1280
1813 1291
1813 1305
1813 1321
1813 1323
1813 1327
1813 1329
1813 1334
1813 1335
1813 1337
1813 1352
1813 1359
1813 1361
1813 1367
1813 1376
1813 1377
1813 1388
1813 1389
1813 1391
1813 1393
1813 1399
1813 1420
1813 1431
1813 1437
1813 1447
1813 1470
1813 1483
1813 1485
1813 1487
1813 1488
1813 1491
1813 1497
1813 1516
1813 1517
1813 1520
1813 1528
1813 1530
1813 1535
1813 1540
1813 1547
1813 1551
1813 1554
1813 1559
1813 1563
1813 1570
1813 1584
1813 1589
1813 1600
1813 1603
1813 1604
1813 1609
1813 1610
1813 1613
1813 1617
1813 1620
1813 1621
1813 1622
1813 1626
1813 1639
1813 1643
1813 1646
1813 1659
1813 1663
1813 1665
1813 1669
1813 1675
1813 1683
1813 1685
1813 1688
1813 1689
1813 1702
1813 1721
1813 1723
1813 1730
1813 1746
1813 1765
1813 1768
1813 1791
1813 1796
1813 1799
1813 1800
1813 1804
1813 1805
1813 1809
1813 1811
1813 1826
1813 1827
1813 1833
1813 1835
1813 1839
1813 1842
1813 1845
1813 1861
1813 1864
1813 1867
1813 1868
1813 1879
1813 1885
1813 1888
1813 1891
1813 1898
1813 1911
1814 107
1814 968
1814 1162
1814 1268
1814 1497
1814 1566
1814 1599
1814 1696
1814 1731
1814 1761
1815 107
1815 944
1815 977
1815 1011
1815 1041
1815 1070
1815 1072
1815 1131
1815 1139
1815 1236
1815 1258
1815 1259
1815 1260
1815 1275
1815 1304
1815 1338
1815 1348
1815 1428
1815 1469
1815 1472
1815 1504
1815 1709
1815 1869
1815 1906
1816 107
1816 906
1816 946
1816 947
1816 960
1816 966
1816 1003
1816 1004
1816 1006
1816 1017
1816 1024
1816 1048
1816 1049
1816 1059
1816 1075
1816 1076
1816 1078
1816 1079
1816 1083
1816 1107
1816 1116
1816 1125
1816 1126
1816 1132
1816 1149
1816 1153
1816 1156
1816 1163
1816 1172
1816 1181
1816 1184
1816 1185
1816 1198
1816 1199
1816 1207
1816 1209
1816 1211
1816 1222
1816 1238
1816 1242
1816 1250
1816 1256
1816 1269
1816 1271
1816 1287
1816 1288
1816 1302
1816 1330
1816 1331
1816 1335
1816 1339
1816 1341
1816 1344
1816 1352
1816 1367
1816 1370
1816 1376
1816 1377
1816 1380
1816 1390
1816 1391
1816 1399
1816 1402
1816 1409
1816 1431
1816 1437
1816 1447
1816 1456
1816 1457
1816 1471
1816 1480
1816 1483
1816 1488
1816 1516
1816 1520
1816 1522
1816 1539
1816 1542
1816 1547
1816 1559
1816 1580
1816 1584
1816 1589
1816 1597
1816 1598
1816 1600
1816 1604
1816 1605
1816 1610
1816 1612
1816 1613
1816 1617
1816 1619
1816 1620
1816 1623
1816 1653
1816 1662
1816 1663
1816 1665
1816 1668
1816 1688
1816 1689
1816 1707
1816 1712
1816 1714
1816 1717
1816 1721
1816 1724
1816 1730
1816 1736
1816 1737
1816 1741
1816 1746
1816 1757
1816 1793
1816 1799
1816 1800
1816 1804
1816 1809
1816 1810
1816 1826
1816 1827
1816 1835
1816 1839
1816 1864
1816 1867
1816 1868
1816 1886
1816 1888
1816 1898
1816 1902
1817 107
1817 922
1817 1283
1817 1440
1817 1458
1817 1626
1817 1641
1817 1702
1817 1718
1817 1780
1817 1846
1817 1858
1817 1863
1817 1909
1817 1911
1818 107
1818 913
1818 914
1818 968
1818 994
1818 1052
1818 1217
1818 1247
1818 1258
1818 1334
1818 1343
1818 1364
1818 1408
1818 1435
1818 1453
1818 1473
1818 1475
1818 1540
1818 1569
1818 1575
1818 1584
1818 1604
1818 1632
1818 1658
1818 1761
1818 1794
1818 1807
1818 1823
1818 1885
1818 1897
1819 107
1819 925
1819 927
1819 946
1819 978
1819 1003
1819 1004
1819 1049
1819 1054
1819 1059
1819 1075
1819 1076
1819 1079
1819 1110
1819 1112
1819 1126
1819 1128
1819 1149
1819 1175
1819 1184
1819 1185
1819 1198
1819 1209
1819 1222
1819 1242
1819 1250
1819 1255
1819 1269
1819 1312
1819 1327
1819 1329
1819 1339
1819 1340
1819 1352
1819 1367
1819 1376
1819 1390
1819 1420
1819 1431
1819 1435
1819 1516
1819 1520
1819 1523
1819 1539
1819 1540
1819 1551
1819 1554
1819 1557
1819 1584
1819 1589
1819 1590
1819 1597
1819 1600
1819 1612
1819 1614
1819 1618
1819 1621
1819 1622
1819 1623
1819 1639
1819 1644
1819 1652
1819 1659
1819 1663
1819 1678
1819 1683
1819 1689
1819 1717
1819 1721
1819 1730
1819 1736
1819 1737
1819 1746
1819 1750
1819 1752
1819 1754
1819 1765
1819 1789
1819 1795
1819 1799
1819 1800
1819 1827
1819 1833
1819 1835
1819 1846
1819 1867
1819 1877
1819 1888
1820 107
1820 483
1820 898
1820 917
1820 919
1820 933
1820 941
1820 942
1820 954
1820 969
1820 984
1820 1014
1820 1018
1820 1020
1820 1032
1820 1066
1820 1081
1820 1099
1820 1102
1820 1108
1820 1148
1820 1166
1820 1170
1820 1204
1820 1245
1820 1261
1820 1273
1820 1277
1820 1281
1820 1282
1820 1284
1820 1286
1820 1303
1820 1309
1820 1316
1820 1324
1820 1373
1820 1382
1820 1396
1820 1406
1820 1451
1820 1454
1820 1495
1820 1508
1820 1515
1820 1582
1820 1587
1820 1595
1820 1636
1820 1638
1820 1661
1820 1704
1820 1729
1820 1732
1820 1742
1820 1751
1820 1783
1820 1786
1820 1812
1820 1824
1820 1828
1820 1848
1820 1859
1820 1871
1820 1893
1820 1894
1820 1907
1821 107
1821 966
1821 982
1821 999
1821 1006
1821 1017
1821 1078
1821 1126
1821 1172
1821 1199
1821 1211
1821 1330
1821 1341
1821 1351
1821 1370
1821 1399
1821 1471
1821 1480
1821 1522
1821 1538
1821 1613
1821 1665
1821 1668
1821 1683
1821 1714
1821 1839
1821 1888
1822 107
1822 1050
1822 1055
1822 1266
1822 1434
1822 1441
1822 1544
1822 1564
1822 1585
1822 1666
1822 1779
1822 1905
1823 107
1823 916
1823 921
1823 934
1823 946
1823 947
1823 952
1823 960
1823 966
1823 980
1823 993
1823 999
1823 1006
1823 1017
1823 1028
1823 1040
1823 1059
1823 1068
1823 1078
1823 1086
1823 1107
1823 1125
1823 1126
1823 1128
1823 1146
1823 1153
1823 1156
1823 1172
1823 1175
1823 1184
1823 1185
1823 1191
1823 1199
1823 1207
1823 1211
1823 1214
1823 1242
1823 1267
1823 1269
1823 1272
1823 1287
1823 1289
1823 1291
1823 1302
1823 1305
1823 1329
1823 1330
1823 1331
1823 1334
1823 1335
1823 1341
1823 1352
1823 1365
1823 1367
1823 1370
1823 1376
1823 1377
1823 1390
1823 1391
1823 1399
1823 1401
1823 1402
1823 1420
1823 1431
1823 1449
1823 1467
1823 1471
1823 1488
1823 1491
1823 1509
1823 1516
1823 1522
1823 1530
1823 1547
1823 1557
1823 1559
1823 1570
1823 1571
1823 1584
1823 1589
1823 1597
1823 1598
1823 1603
1823 1608
1823 1612
1823 1613
1823 1619
1823 1620
1823 1621
1823 1622
1823 1632
1823 1643
1823 1644
1823 1658
1823 1662
1823 1663
1823 1668
1823 1669
1823 1683
1823 1707
1823 1712
1823 1714
1823 1730
1823 1735
1823 1736
1823 1741
1823 1746
1823 1750
1823 1761
1823 1768
1823 1791
1823 1793
1823 1799
1823 1800
1823 1804
1823 1810
1823 1818
1823 1826
1823 1827
1823 1833
1823 1835
1823 1839
1823 1849
1823 1879
1823 1886
1823 1888
1823 1902
1824 107
1824 483
1824 896
1824 898
1824 917
1824 919
1824 941
1824 942
1824 954
1824 969
1824 989
1824 1014
1824 1018
1824 1020
1824 1032
1824 1066
1824 1067
1824 1081
1824 1099
1824 1104
1824 1108
1824 1166
1824 1204
1824 1235
1824 1245
1824 1261
1824 1273
1824 1277
1824 1281
1824 1282
1824 1303
1824 1316
1824 1324
1824 1373
1824 1396
1824 1406
1824 1423
1824 1432
1824 1451
1824 1454
1824 1495
1824 1508
1824 1515
1824 1638
1824 1661
1824 1716
1824 1729
1824 1732
1824 1742
1824 1751
1824 1783
1824 1786
1824 1812
1824 1820
1824 1848
1824 1871
1824 1893
1824 1894
1825 107
1825 900
1825 908
1825 928
1825 970
1825 1085
1825 1136
1825 1144
1825 1174
1825 1251
1825 1274
1825 1307
1825 1328
1825 1410
1825 1421
1825 1433
1825 1494
1825 1511
1825 1534
1825 1553
1825 1555
1825 1567
1825 1593
1825 1676
1825 1687
1825 1698
1825 1705
1825 1719
1825 1806
1826 107
1826 921
1826 946
1826 953
1826 966
1826 995
1826 1006
1826 1017
1826 1078
1826 1083
1826 1117
1826 1126
1826 1130
1826 1132
1826 1153
1826 1156
1826 1160
1826 1163
1826 1173
1826 1180
1826 1181
1826 1184
1826 1185
1826 1199
1826 1205
1826 1207
1826 1211
1826 1230
1826 1238
1826 1256
1826 1271
1826 1287
1826 1288
1826 1293
1826 1302
1826 1330
1826 1331
1826 1339
1826 1340
1826 1341
1826 1352
1826 1359
1826 1367
1826 1370
1826 1376
1826 1380
1826 1391
1826 1399
1826 1402
1826 1431
1826 1447
1826 1449
1826 1456
1826 1457
1826 1470
1826 1471
1826 1483
1826 1488
1826 1491
1826 1516
1826 1522
1826 1530
1826 1542
1826 1547
1826 1551
1826 1554
1826 1559
1826 1584
1826 1598
1826 1604
1826 1605
1826 1610
1826 1612
1826 1617
1826 1619
1826 1621
1826 1623
1826 1653
1826 1663
1826 1665
1826 1689
1826 1707
1826 1714
1826 1717
1826 1722
1826 1730
1826 1741
1826 1746
1826 1782
1826 1791
1826 1799
1826 1800
1826 1809
1826 1810
1826 1813
1826 1816
1826 1823
1826 1839
1826 1842
1826 1868
1826 1879
1826 1888
1827 107
1827 906
1827 916
1827 921
1827 925
1827 927
1827 932
1827 934
1827 946
1827 947
1827 952
1827 960
1827 966
1827 967
1827 968
1827 978
1827 980
1827 993
1827 999
1827 1003
1827 1004
1827 1006
1827 1017
1827 1026
1827 1047
1827 1048
1827 1049
1827 1054
1827 1059
1827 1075
1827 1076
1827 1079
1827 1086
1827 1092
1827 1101
1827 1107
1827 1110
1827 1112
1827 1116
1827 1117
1827 1124
1827 1125
1827 1126
1827 1128
1827 1132
1827 1146
1827 1149
1827 1175
1827 1181
1827 1184
1827 1185
1827 1191
1827 1198
1827 1199
1827 1209
1827 1211
1827 1219
1827 1220
1827 1222
1827 1230
1827 1242
1827 1243
1827 1250
1827 1255
1827 1267
1827 1269
1827 1278
1827 1283
1827 1287
1827 1289
1827 1290
1827 1291
1827 1302
1827 1312
1827 1329
1827 1331
1827 1334
1827 1335
1827 1339
1827 1340
1827 1341
1827 1344
1827 1351
1827 1352
1827 1367
1827 1370
1827 1375
1827 1376
1827 1377
1827 1390
1827 1391
1827 1398
1827 1399
1827 1402
1827 1409
1827 1416
1827 1420
1827 1431
1827 1435
1827 1437
1827 1447
1827 1467
1827 1471
1827 1485
1827 1488
1827 1491
1827 1498
1827 1509
1827 1516
1827 1517
1827 1520
1827 1522
1827 1523
1827 1524
1827 1528
1827 1530
1827 1532
1827 1539
1827 1540
1827 1547
1827 1551
1827 1554
1827 1557
1827 1559
1827 1563
1827 1572
1827 1584
1827 1589
1827 1597
1827 1600
1827 1603
1827 1608
1827 1610
1827 1612
1827 1613
1827 1617
1827 1618
1827 1620
1827 1621
1827 1622
1827 1623
1827 1632
1827 1644
1827 1652
1827 1653
1827 1659
1827 1662
1827 1663
1827 1669
1827 1683
1827 1688
1827 1689
1827 1700
1827 1707
1827 1710
1827 1714
1827 1717
1827 1721
1827 1723
1827 1724
1827 1730
1827 1735
1827 1736
1827 1737
1827 1741
1827 1746
1827 1750
1827 1752
1827 1753
1827 1757
1827 1761
1827 1768
1827 1771
1827 1789
1827 1791
1827 1793
1827 1795
1827 1796
1827 1799
1827 1800
1827 1804
1827 1810
1827 1813
1827 1816
1827 1819
1827 1823
1827 1833
1827 1835
1827 1839
1827 1843
1827 1845
1827 1849
1827 1861
1827 1864
1827 1867
1827 1877
1827 1879
1827 1886
1827 1888
1827 1891
1827 1902
1828 107
1828 483
1828 596
1828 917
1828 941
1828 942
1828 984
1828 1010
1828 1014
1828 1019
1828 1020
1828 1032
1828 1066
1828 1070
1828 1099
1828 1108
1828 1159
1828 1166
1828 1204
1828 1215
1828 1245
1828 1261
1828 1275
1828 1281
1828 1282
1828 1303
1828 1316
1828 1338
1828 1347
1828 1373
1828 1396
1828 1429
1828 1454
1828 1481
1828 1502
1828 1503
1828 1515
1828 1529
1828 1582
1828 1591
1828 1650
1828 1661
1828 1672
1828 1729
1828 1732
1828 1742
1828 1751
1828 1783
1828 1785
1828 1786
1828 1820
1828 1848
1828 1871
1828 1893
1828 1894
1828 1907
1829 107
1829 931
1829 939
1829 1064
1829 1212
1829 1234
1829 1356
1829 1453
1829 1478
1829 1575
1829 1671
1829 1743
1829 1744
1829 1761
1829 1831
1829 1910
1830 107
1830 637
1830 641
1830 924
1830 954
1830 1086
1830 1120
1830 1221
1830 1235
1830 1273
1830 1412
1830 1418
1830 1479
1830 1650
1830 1745
1830 1781
1831 107
1831 927
1831 931
1831 939
1831 949
1831 962
1831 977
1831 1041
1831 1042
1831 1064
1831 1094
1831 1131
1831 1162
1831 1169
1831 1189
1831 1210
1831 1212
1831 1234
1831 1249
1831 1296
1831 1342
1831 1343
1831 1356
1831 1372
1831 1385
1831 1425
1831 1428
1831 1443
1831 1453
1831 1478
1831 1497
1831 1531
1831 1545
1831 1566
1831 1671
1831 1694
1831 1709
1831 1743
1831 1756
1831 1829
1831 1901
1831 1910
1832 107
1832 947
1832 959
1832 960
1832 966
1832 983
1832 1039
1832 1040
1832 1068
1832 1078
1832 1083
1832 1086
1832 1107
1832 1132
1832 1153
1832 1163
1832 1207
1832 1238
1832 1256
1832 1271
1832 1280
1832 1285
1832 1288
1832 1370
1832 1380
1832 1391
1832 1409
1832 1431
1832 1456
1832 1457
1832 1471
1832 1483
1832 1488
1832 1519
1832 1542
1832 1547
1832 1598
1832 1610
1832 1619
1832 1712
1832 1809
1832 1839
1832 1868
1832 1886
1832 1888
1832 1898
1833 107
1833 921
1833 925
1833 934
1833 946
1833 947
1833 952
1833 960
1833 966
1833 967
1833 978
1833 980
1833 982
1833 983
1833 993
1833 999
1833 1004
1833 1006
1833 1017
1833 1024
1833 1028
1833 1059
1833 1076
1833 1078
1833 1079
1833 1083
1833 1086
1833 1101
1833 1107
1833 1117
1833 1123
1833 1125
1833 1126
1833 1128
1833 1130
1833 1132
1833 1146
1833 1149
1833 1153
1833 1156
1833 1163
1833 1172
1833 1175
1833 1181
1833 1184
1833 1185
1833 1191
1833 1198
1833 1199
1833 1207
1833 1211
1833 1214
1833 1230
1833 1237
1833 1238
1833 1242
1833 1243
1833 1250
1833 1255
1833 1256
1833 1267
1833 1269
1833 1271
1833 1272
1833 1287
1833 1288
1833 1289
1833 1290
1833 1291
1833 1302
1833 1305
1833 1312
1833 1329
1833 1330
1833 1334
1833 1335
1833 1336
1833 1339
1833 1340
1833 1341
1833 1351
1833 1352
1833 1361
1833 1367
1833 1370
1833 1375
1833 1376
1833 1377
1833 1390
1833 1391
1833 1398
1833 1399
1833 1401
1833 1402
1833 1416
1833 1420
1833 1431
1833 1449
1833 1456
1833 1457
1833 1463
1833 1467
1833 1471
1833 1480
1833 1488
1833 1491
1833 1509
1833 1516
1833 1520
1833 1522
1833 1530
1833 1532
1833 1538
1833 1547
1833 1551
1833 1554
1833 1557
1833 1559
1833 1563
1833 1570
1833 1571
1833 1580
1833 1584
1833 1589
1833 1597
1833 1598
1833 1603
1833 1608
1833 1610
1833 1612
1833 1613
1833 1614
1833 1617
1833 1619
1833 1620
1833 1621
1833 1622
1833 1623
1833 1632
1833 1643
1833 1653
1833 1662
1833 1663
1833 1665
1833 1668
1833 1669
1833 1675
1833 1683
1833 1685
1833 1689
1833 1707
1833 1712
1833 1714
1833 1721
1833 1730
1833 1734
1833 1735
1833 1736
1833 1737
1833 1741
1833 1746
1833 1750
1833 1752
1833 1753
1833 1757
1833 1761
1833 1768
1833 1782
1833 1789
1833 1791
1833 1793
1833 1795
1833 1796
1833 1799
1833 1800
1833 1804
1833 1809
1833 1810
1833 1813
1833 1819
1833 1823
1833 1827
1833 1835
1833 1839
1833 1842
1833 1849
1833 1867
1833 1879
1833 1886
1833 1888
1833 1902
1834 107
1835 107
1835 897
1835 916
1835 921
1835 925
1835 926
1835 927
1835 934
1835 946
1835 947
1835 967
1835 978
1835 980
1835 993
1835 997
1835 1003
1835 1004
1835 1006
1835 1026
1835 1028
1835 1029
1835 1047
1835 1048
1835 1059
1835 1076
1835 1078
1835 1079
1835 1086
1835 1101
1835 1110
1835 1116
1835 1117
1835 1124
1835 1126
1835 1128
1835 1135
1835 1146
1835 1149
1835 1160
1835 1175
1835 1180
1835 1182
1835 1184
1835 1185
1835 1191
1835 1195
1835 1199
1835 1201
1835 1205
1835 1209
1835 1211
1835 1222
1835 1230
1835 1242
1835 1243
1835 1255
1835 1256
1835 1262
1835 1267
1835 1269
1835 1272
1835 1280
1835 1290
1835 1291
1835 1293
1835 1302
1835 1305
1835 1312
1835 1323
1835 1329
1835 1330
1835 1331
1835 1334
1835 1341
1835 1344
1835 1352
1835 1359
1835 1361
1835 1367
1835 1369
1835 1376
1835 1377
1835 1388
1835 1390
1835 1391
1835 1393
1835 1399
1835 1405
1835 1409
1835 1416
1835 1420
1835 1431
1835 1447
1835 1460
1835 1467
1835 1470
1835 1471
1835 1483
1835 1485
1835 1509
1835 1513
1835 1516
1835 1520
1835 1522
1835 1523
1835 1528
1835 1535
1835 1539
1835 1551
1835 1554
1835 1557
1835 1559
1835 1563
1835 1570
1835 1584
1835 1589
1835 1590
1835 1600
1835 1603
1835 1604
1835 1608
1835 1609
1835 1612
1835 1613
1835 1617
1835 1620
1835 1621
1835 1622
1835 1632
1835 1637
1835 1639
1835 1643
1835 1653
1835 1659
1835 1662
1835 1663
1835 1669
1835 1675
1835 1683
1835 1685
1835 1689
1835 1714
1835 1717
1835 1718
1835 1721
1835 1730
1835 1735
1835 1746
1835 1750
1835 1752
1835 1753
1835 1757
1835 1758
1835 1761
1835 1765
1835 1768
1835 1774
1835 1782
1835 1791
1835 1793
1835 1795
1835 1799
1835 1800
1835 1804
1835 1811
1835 1813
1835 1816
1835 1819
1835 1823
1835 1827
1835 1833
1835 1839
1835 1842
1835 1845
1835 1851
1835 1861
1835 1864
1835 1867
1835 1883
1835 1888
1835 1891
1835 1902
1836 107
1836 925
1836 946
1836 1123
1836 1126
1836 1149
1836 1196
1836 1272
1836 1305
1836 1327
1836 1369
1836 1449
1836 1485
1836 1488
1836 1563
1836 1612
1836 1618
1836 1683
1836 1718
1836 1735
1836 1769
1836 1774
1836 1799
1836 1800
1836 1852
1837 107
1837 901
1837 903
1837 938
1837 958
1837 963
1837 992
1837 1097
1837 1118
1837 1137
1837 1186
1837 1216
1837 1232
1837 1314
1837 1319
1837 1333
1837 1363
1837 1371
1837 1378
1837 1424
1837 1452
1837 1468
1837 1493
1837 1533
1837 1548
1837 1568
1837 1601
1837 1629
1837 1648
1837 1733
1837 1747
1837 1758
1837 1784
1837 1787
1837 1798
1837 1802
1837 1880
1837 1895
1838 107
1838 929
1838 1087
1838 1193
1838 1317
1838 1701
1839 107
1839 916
1839 922
1839 946
1839 960
1839 966
1839 978
1839 980
1839 982
1839 983
1839 993
1839 999
1839 1006
1839 1017
1839 1024
1839 1059
1839 1068
1839 1074
1839 1076
1839 1078
1839 1079
1839 1083
1839 1091
1839 1101
1839 1107
1839 1117
1839 1123
1839 1124
1839 1125
1839 1126
1839 1130
1839 1132
1839 1149
1839 1153
1839 1156
1839 1163
1839 1172
1839 1181
1839 1184
1839 1191
1839 1199
1839 1205
1839 1207
1839 1211
1839 1214
1839 1219
1839 1222
1839 1230
1839 1238
1839 1242
1839 1250
1839 1256
1839 1267
1839 1272
1839 1280
1839 1285
1839 1288
1839 1289
1839 1291
1839 1302
1839 1323
1839 1330
1839 1331
1839 1335
1839 1336
1839 1339
1839 1341
1839 1351
1839 1352
1839 1359
1839 1361
1839 1367
1839 1370
1839 1376
1839 1377
1839 1380
1839 1390
1839 1391
1839 1399
1839 1401
1839 1402
1839 1409
1839 1416
1839 1420
1839 1431
1839 1437
1839 1447
1839 1449
1839 1456
1839 1457
1839 1467
1839 1471
1839 1480
1839 1488
1839 1491
1839 1509
1839 1516
1839 1522
1839 1530
1839 1538
1839 1539
1839 1542
1839 1547
1839 1551
1839 1554
1839 1559
1839 1563
1839 1570
1839 1571
1839 1580
1839 1584
1839 1589
1839 1598
1839 1603
1839 1604
1839 1605
1839 1608
1839 1610
1839 1612
1839 1619
1839 1621
1839 1622
1839 1639
1839 1662
1839 1663
1839 1665
1839 1668
1839 1683
1839 1685
1839 1707
1839 1712
1839 1714
1839 1723
1839 1730
1839 1735
1839 1736
1839 1746
1839 1791
1839 1793
1839 1795
1839 1799
1839 1800
1839 1804
1839 1809
1839 1810
1839 1811
1839 1813
1839 1816
1839 1821
1839 1823
1839 1826
1839 1827
1839 1832
1839 1833
1839 1835
1839 1842
1839 1845
1839 1849
1839 1864
1839 1879
1839 1886
1839 1888
1839 1898
1839 1902
1839 1909
1840 107
1840 985
1840 1000
1840 1127
1840 1304
1840 1474
1840 1640
1840 1667
1840 1703
1840 1759
1841 107
1841 896
1841 975
1841 1036
1841 1067
1841 1100
1841 1104
1841 1120
1841 1129
1841 1148
1841 1158
1841 1192
1841 1204
1841 1227
1841 1235
1841 1257
1841 1277
1841 1284
1841 1292
1841 1298
1841 1309
1841 1315
1841 1322
1841 1345
1841 1413
1841 1423
1841 1432
1841 1459
1841 1462
1841 1479
1841 1550
1841 1576
1841 1583
1841 1591
1841 1592
1841 1596
1841 1611
1841 1647
1841 1655
1841 1682
1841 1715
1841 1716
1841 1720
1841 1728
1841 1790
1841 1857
1841 1862
1841 1872
1841 1875
1842 107
1842 897
1842 921
1842 925
1842 953
1842 978
1842 980
1842 993
1842 997
1842 999
1842 1004
1842 1006
1842 1017
1842 1029
1842 1039
1842 1047
1842 1056
1842 1074
1842 1076
1842 1078
1842 1086
1842 1101
1842 1107
1842 1117
1842 1124
1842 1125
1842 1126
1842 1146
1842 1153
1842 1160
1842 1172
1842 1173
1842 1175
1842 1191
1842 1199
1842 1201
1842 1205
1842 1211
1842 1214
1842 1219
1842 1222
1842 1230
1842 1238
1842 1243
1842 1280
1842 1288
1842 1289
1842 1291
1842 1323
1842 1329
1842 1330
1842 1335
1842 1341
1842 1352
1842 1361
1842 1365
1842 1376
1842 1377
1842 1388
1842 1390
1842 1393
1842 1409
1842 1431
1842 1447
1842 1460
1842 1471
1842 1483
1842 1491
1842 1509
1842 1513
1842 1520
1842 1522
1842 1535
1842 1551
1842 1559
1842 1570
1842 1580
1842 1589
1842 1597
1842 1598
1842 1604
1842 1608
1842 1609
1842 1610
1842 1613
1842 1621
1842 1622
1842 1637
1842 1662
1842 1663
1842 1665
1842 1669
1842 1689
1842 1707
1842 1723
1842 1730
1842 1736
1842 1765
1842 1768
1842 1772
1842 1782
1842 1791
1842 1793
1842 1800
1842 1804
1842 1811
1842 1813
1842 1826
1842 1833
1842 1835
1842 1839
1842 1843
1842 1849
1842 1861
1842 1864
1842 1868
1842 1879
1842 1888
1842 1902
1843 107
1843 932
1843 967
1843 1003
1843 1029
1843 1078
1843 1107
1843 1123
1843 1124
1843 1126
1843 1135
1843 1195
1843 1211
1843 1329
1843 1331
1843 1361
1843 1377
1843 1389
1843 1390
1843 1391
1843 1419
1843 1437
1843 1440
1843 1447
1843 1467
1843 1470
1843 1535
1843 1551
1843 1559
1843 1584
1843 1598
1843 1604
1843 1605
1843 1622
1843 1675
1843 1761
1843 1800
1843 1827
1843 1842
1843 1845
1844 107
1844 353
1844 363
1844 366
1844 475
1844 483
1844 566
1844 580
1844 641
1844 915
1844 930
1844 948
1844 962
1844 1001
1844 1012
1844 1025
1844 1080
1844 1086
1844 1113
1844 1122
1844 1128
1844 1142
1844 1155
1844 1210
1844 1281
1844 1294
1844 1313
1844 1318
1844 1320
1844 1332
1844 1334
1844 1349
1844 1358
1844 1374
1844 1397
1844 1408
1844 1425
1844 1427
1844 1429
1844 1464
1844 1487
1844 1514
1844 1526
1844 1543
1844 1545
1844 1549
1844 1565
1844 1606
1844 1616
1844 1625
1844 1645
1844 1671
1844 1673
1844 1677
1844 1695
1844 1696
1844 1743
1844 1744
1844 1750
1844 1763
1844 1766
1844 1767
1844 1773
1844 1790
1844 1794
1844 1801
1844 1853
1844 1878
1844 1882
1844 1897
1845 107
1845 907
1845 921
1845 932
1845 947
1845 967
1845 980
1845 982
1845 983
1845 1006
1845 1017
1845 1026
1845 1048
1845 1049
1845 1074
1845 1075
1845 1078
1845 1101
1845 1107
1845 1110
1845 1116
1845 1123
1845 1124
1845 1149
1845 1153
1845 1156
1845 1184
1845 1196
1845 1199
1845 1211
1845 1214
1845 1222
1845 1230
1845 1238
1845 1239
1845 1269
1845 1287
1845 1290
1845 1329
1845 1331
1845 1341
1845 1351
1845 1352
1845 1388
1845 1391
1845 1393
1845 1398
1845 1399
1845 1409
1845 1431
1845 1437
1845 1458
1845 1484
1845 1485
1845 1488
1845 1501
1845 1517
1845 1519
1845 1522
1845 1528
1845 1540
1845 1542
1845 1551
1845 1554
1845 1557
1845 1563
1845 1584
1845 1589
1845 1603
1845 1617
1845 1620
1845 1622
1845 1637
1845 1662
1845 1665
1845 1669
1845 1685
1845 1688
1845 1702
1845 1707
1845 1730
1845 1734
1845 1735
1845 1736
1845 1753
1845 1754
1845 1768
1845 1769
1845 1774
1845 1775
1845 1793
1845 1799
1845 1800
1845 1810
1845 1813
1845 1827
1845 1835
1845 1839
1845 1843
1845 1864
1845 1902
1846 107
1846 897
1846 922
1846 927
1846 946
1846 991
1846 1026
1846 1092
1846 1161
1846 1175
1846 1195
1846 1214
1846 1255
1846 1272
1846 1305
1846 1312
1846 1352
1846 1369
1846 1376
1846 1405
1846 1420
1846 1434
1846 1458
1846 1467
1846 1485
1846 1513
1846 1520
1846 1590
1846 1614
1846 1639
1846 1712
1846 1714
1846 1718
1846 1765
1846 1817
1846 1819
1846 1851
1846 1883
1847 107
1847 970
1847 1072
1847 1085
1847 1109
1847 1121
1847 1189
1847 1203
1847 1226
1847 1348
1847 1360
1847 1472
1847 1482
1847 1496
1847 1507
1847 1541
1847 1553
1847 1555
1847 1567
1847 1588
1847 1678
1847 1681
1847 1698
1847 1719
1847 1803
1847 1866
1848 107
1848 483
1848 898
1848 917
1848 942
1848 1014
1848 1018
1848 1020
1848 1032
1848 1066
1848 1099
1848 1102
1848 1108
1848 1245
1848 1261
1848 1273
1848 1277
1848 1309
1848 1396
1848 1459
1848 1502
1848 1508
1848 1515
1848 1582
1848 1661
1848 1729
1848 1732
1848 1742
1848 1751
1848 1783
1848 1786
1848 1820
1848 1824
1848 1828
1848 1871
1848 1894
1849 107
1849 916
1849 946
1849 952
1849 953
1849 966
1849 978
1849 983
1849 993
1849 1004
1849 1006
1849 1017
1849 1024
1849 1040
1849 1059
1849 1068
1849 1074
1849 1076
1849 1078
1849 1079
1849 1086
1849 1101
1849 1107
1849 1117
1849 1124
1849 1125
1849 1126
1849 1130
1849 1132
1849 1153
1849 1160
1849 1172
1849 1181
1849 1184
1849 1185
1849 1199
1849 1205
1849 1211
1849 1214
1849 1222
1849 1230
1849 1238
1849 1243
1849 1250
1849 1256
1849 1267
1849 1271
1849 1280
1849 1285
1849 1288
1849 1331
1849 1335
1849 1351
1849 1352
1849 1361
1849 1367
1849 1370
1849 1388
1849 1390
1849 1391
1849 1399
1849 1431
1849 1437
1849 1447
1849 1456
1849 1471
1849 1480
1849 1483
1849 1491
1849 1516
1849 1530
1849 1547
1849 1551
1849 1554
1849 1559
1849 1571
1849 1580
1849 1584
1849 1589
1849 1598
1849 1603
1849 1604
1849 1605
1849 1610
1849 1612
1849 1613
1849 1617
1849 1619
1849 1621
1849 1622
1849 1663
1849 1665
1849 1668
1849 1683
1849 1689
1849 1707
1849 1712
1849 1714
1849 1721
1849 1730
1849 1735
1849 1736
1849 1746
1849 1750
1849 1768
1849 1772
1849 1791
1849 1796
1849 1799
1849 1800
1849 1804
1849 1823
1849 1827
1849 1833
1849 1839
1849 1842
1849 1864
1849 1879
1849 1888
