1850 107
1850 483
1850 629
1850 896
1850 933
1850 941
1850 971
1850 1009
1850 1032
1850 1103
1850 1215
1850 1241
1850 1247
1850 1261
1850 1273
1850 1324
1850 1429
1850 1489
1850 1502
1850 1503
1850 1649
1850 1704
1850 1706
1850 1725
1850 1729
1850 1786
1850 1794
1850 1857
1850 1893
1851 107
1851 927
1851 993
1851 1003
1851 1059
1851 1083
1851 1123
1851 1175
1851 1182
1851 1195
1851 1197
1851 1329
1851 1367
1851 1369
1851 1376
1851 1377
1851 1398
1851 1405
1851 1460
1851 1467
1851 1480
1851 1501
1851 1513
1851 1522
1851 1590
1851 1594
1851 1612
1851 1614
1851 1617
1851 1622
1851 1626
1851 1637
1851 1639
1851 1663
1851 1735
1851 1765
1851 1774
1851 1779
1851 1782
1851 1791
1851 1835
1851 1846
1852 107
1852 951
1852 961
1852 1196
1852 1283
1852 1305
1852 1327
1852 1369
1852 1440
1852 1449
1852 1458
1852 1513
1852 1523
1852 1527
1852 1561
1852 1563
1852 1656
1852 1678
1852 1718
1852 1805
1852 1836
1852 1863
1853 107
1853 580
1853 637
1853 1025
1853 1080
1853 1237
1853 1427
1853 1464
1853 1487
1853 1526
1853 1545
1853 1844
1854 107
1854 1797
1855 107
1855 353
1855 1037
1855 1213
1855 1529
1855 1672
1856 107
1856 982
1856 1029
1856 1537
1857 107
1857 896
1857 902
1857 941
1857 957
1857 975
1857 981
1857 989
1857 1009
1857 1014
1857 1015
1857 1019
1857 1021
1857 1036
1857 1044
1857 1067
1857 1082
1857 1100
1857 1104
1857 1115
1857 1120
1857 1129
1857 1158
1857 1170
1857 1190
1857 1192
1857 1204
1857 1221
1857 1227
1857 1229
1857 1235
1857 1257
1857 1261
1857 1277
1857 1279
1857 1284
1857 1292
1857 1298
1857 1315
1857 1322
1857 1345
1857 1347
1857 1379
1857 1381
1857 1392
1857 1404
1857 1426
1857 1432
1857 1448
1857 1459
1857 1462
1857 1479
1857 1573
1857 1578
1857 1583
1857 1587
1857 1591
1857 1596
1857 1611
1857 1628
1857 1635
1857 1636
1857 1680
1857 1691
1857 1786
1857 1841
1857 1850
1857 1859
1857 1862
1857 1872
1857 1884
1857 1893
1857 1899
1858 107
1858 922
1858 1077
1858 1124
1858 1150
1858 1161
1858 1202
1858 1211
1858 1214
1858 1283
1858 1321
1858 1327
1858 1337
1858 1361
1858 1419
1858 1437
1858 1440
1858 1480
1858 1552
1858 1594
1858 1626
1858 1702
1858 1758
1858 1780
1858 1805
1858 1817
1858 1863
1858 1908
1858 1911
1859 107
1859 596
1859 896
1859 957
1859 1019
1859 1021
1859 1036
1859 1060
1859 1067
1859 1082
1859 1100
1859 1104
1859 1148
1859 1192
1859 1204
1859 1221
1859 1227
1859 1229
1859 1235
1859 1257
1859 1277
1859 1284
1859 1298
1859 1322
1859 1345
1859 1347
1859 1350
1859 1413
1859 1426
1859 1432
1859 1438
1859 1459
1859 1462
1859 1479
1859 1583
1859 1596
1859 1628
1859 1635
1859 1636
1859 1655
1859 1661
1859 1680
1859 1715
1859 1820
1859 1857
1859 1862
1860 107
1860 920
1860 996
1860 1092
1860 1305
1860 1337
1860 1352
1860 1405
1860 1434
1860 1449
1860 1558
1860 1564
1860 1585
1860 1674
1860 1768
1860 1792
1860 1911
1861 107
1861 526
1861 897
1861 906
1861 916
1861 925
1861 953
1861 980
1861 995
1861 997
1861 1023
1861 1029
1861 1038
1861 1047
1861 1054
1861 1056
1861 1073
1861 1074
1861 1075
1861 1076
1861 1078
1861 1086
1861 1107
1861 1110
1861 1117
1861 1124
1861 1146
1861 1160
1861 1173
1861 1175
1861 1191
1861 1205
1861 1214
1861 1222
1861 1242
1861 1243
1861 1250
1861 1265
1861 1280
1861 1329
1861 1330
1861 1331
1861 1344
1861 1352
1861 1359
1861 1377
1861 1409
1861 1447
1861 1470
1861 1509
1861 1519
1861 1520
1861 1535
1861 1539
1861 1551
1861 1553
1861 1554
1861 1557
1861 1559
1861 1563
1861 1570
1861 1580
1861 1600
1861 1604
1861 1608
1861 1609
1861 1613
1861 1619
1861 1620
1861 1622
1861 1637
1861 1659
1861 1663
1861 1669
1861 1675
1861 1685
1861 1688
1861 1710
1861 1717
1861 1724
1861 1730
1861 1734
1861 1741
1861 1752
1861 1753
1861 1768
1861 1772
1861 1789
1861 1791
1861 1795
1861 1804
1861 1811
1861 1813
1861 1827
1861 1835
1861 1842
1861 1888
1861 1891
1861 1902
1862 107
1862 896
1862 975
1862 981
1862 1009
1862 1019
1862 1021
1862 1036
1862 1100
1862 1104
1862 1115
1862 1120
1862 1129
1862 1192
1862 1221
1862 1229
1862 1231
1862 1235
1862 1246
1862 1257
1862 1277
1862 1292
1862 1298
1862 1322
1862 1345
1862 1350
1862 1379
1862 1414
1862 1432
1862 1459
1862 1462
1862 1475
1862 1479
1862 1569
1862 1573
1862 1576
1862 1578
1862 1583
1862 1591
1862 1596
1862 1611
1862 1635
1862 1647
1862 1655
1862 1680
1862 1691
1862 1716
1862 1720
1862 1841
1862 1857
1862 1859
1862 1872
1862 1899
1862 1903
1863 107
1863 897
1863 922
1863 960
1863 973
1863 1024
1863 1077
1863 1123
1863 1130
1863 1132
1863 1163
1863 1175
1863 1191
1863 1211
1863 1214
1863 1256
1863 1283
1863 1305
1863 1321
1863 1337
1863 1361
1863 1398
1863 1409
1863 1440
1863 1447
1863 1449
1863 1458
1863 1471
1863 1480
1863 1488
1863 1523
1863 1561
1863 1590
1863 1604
1863 1626
1863 1674
1863 1702
1863 1712
1863 1718
1863 1768
1863 1804
1863 1817
1863 1852
1863 1858
1863 1879
1863 1883
1863 1888
1863 1909
1863 1911
1864 107
1864 526
1864 916
1864 921
1864 932
1864 947
1864 966
1864 982
1864 983
1864 993
1864 999
1864 1006
1864 1017
1864 1039
1864 1040
1864 1048
1864 1049
1864 1056
1864 1074
1864 1075
1864 1078
1864 1092
1864 1101
1864 1107
1864 1110
1864 1116
1864 1117
1864 1125
1864 1128
1864 1185
1864 1191
1864 1199
1864 1205
1864 1211
1864 1214
1864 1219
1864 1222
1864 1230
1864 1256
1864 1269
1864 1287
1864 1289
1864 1290
1864 1291
1864 1312
1864 1329
1864 1331
1864 1335
1864 1341
1864 1351
1864 1376
1864 1377
1864 1388
1864 1393
1864 1399
1864 1407
1864 1409
1864 1420
1864 1431
1864 1437
1864 1491
1864 1509
1864 1519
1864 1522
1864 1528
1864 1540
1864 1547
1864 1551
1864 1554
1864 1557
1864 1559
1864 1571
1864 1584
1864 1589
1864 1603
1864 1609
1864 1614
1864 1617
1864 1620
1864 1623
1864 1662
1864 1688
1864 1689
1864 1707
1864 1714
1864 1722
1864 1723
1864 1730
1864 1736
1864 1753
1864 1754
1864 1761
1864 1768
1864 1791
1864 1793
1864 1800
1864 1813
1864 1816
1864 1827
1864 1835
1864 1839
1864 1842
1864 1845
1864 1849
1864 1879
1864 1888
1864 1902
1865 107
1865 1150
1865 1321
1865 1337
1865 1440
1865 1626
1865 1702
1865 1911
1866 107
1866 908
1866 970
1866 1077
1866 1085
1866 1088
1866 1136
1866 1165
1866 1178
1866 1187
1866 1274
1866 1307
1866 1325
1866 1360
1866 1410
1866 1421
1866 1433
1866 1469
1866 1511
1866 1518
1866 1555
1866 1567
1866 1588
1866 1593
1866 1615
1866 1641
1866 1687
1866 1705
1866 1803
1866 1806
1866 1847
1867 107
1867 906
1867 913
1867 925
1867 946
1867 947
1867 967
1867 993
1867 1003
1867 1004
1867 1017
1867 1028
1867 1047
1867 1049
1867 1059
1867 1075
1867 1076
1867 1078
1867 1079
1867 1086
1867 1112
1867 1126
1867 1135
1867 1146
1867 1173
1867 1175
1867 1181
1867 1184
1867 1198
1867 1199
1867 1209
1867 1222
1867 1230
1867 1238
1867 1242
1867 1243
1867 1250
1867 1267
1867 1278
1867 1287
1867 1290
1867 1331
1867 1339
1867 1340
1867 1344
1867 1352
1867 1361
1867 1367
1867 1375
1867 1376
1867 1377
1867 1390
1867 1391
1867 1399
1867 1420
1867 1431
1867 1435
1867 1467
1867 1491
1867 1516
1867 1523
1867 1524
1867 1530
1867 1532
1867 1539
1867 1540
1867 1551
1867 1554
1867 1557
1867 1584
1867 1589
1867 1597
1867 1598
1867 1600
1867 1612
1867 1613
1867 1614
1867 1620
1867 1621
1867 1622
1867 1623
1867 1632
1867 1643
1867 1644
1867 1646
1867 1652
1867 1653
1867 1659
1867 1663
1867 1665
1867 1675
1867 1683
1867 1688
1867 1689
1867 1714
1867 1717
1867 1721
1867 1724
1867 1730
1867 1735
1867 1741
1867 1746
1867 1750
1867 1752
1867 1761
1867 1771
1867 1789
1867 1793
1867 1795
1867 1796
1867 1799
1867 1800
1867 1813
1867 1816
1867 1819
1867 1827
1867 1833
1867 1835
1867 1877
1867 1881
1867 1885
1867 1886
1867 1888
1868 107
1868 916
1868 946
1868 953
1868 959
1868 966
1868 972
1868 983
1868 995
1868 997
1868 1006
1868 1024
1868 1039
1868 1040
1868 1063
1868 1069
1868 1078
1868 1083
1868 1086
1868 1101
1868 1117
1868 1125
1868 1126
1868 1130
1868 1132
1868 1153
1868 1156
1868 1160
1868 1163
1868 1172
1868 1173
1868 1180
1868 1185
1868 1191
1868 1199
1868 1201
1868 1205
1868 1207
1868 1230
1868 1238
1868 1256
1868 1267
1868 1271
1868 1280
1868 1285
1868 1288
1868 1323
1868 1329
1868 1330
1868 1331
1868 1352
1868 1359
1868 1361
1868 1370
1868 1377
1868 1380
1868 1388
1868 1390
1868 1391
1868 1399
1868 1402
1868 1409
1868 1431
1868 1447
1868 1449
1868 1456
1868 1457
1868 1470
1868 1471
1868 1483
1868 1488
1868 1516
1868 1522
1868 1530
1868 1535
1868 1542
1868 1547
1868 1551
1868 1559
1868 1580
1868 1584
1868 1589
1868 1598
1868 1604
1868 1605
1868 1610
1868 1613
1868 1619
1868 1621
1868 1663
1868 1665
1868 1668
1868 1707
1868 1712
1868 1714
1868 1717
1868 1722
1868 1723
1868 1730
1868 1741
1868 1746
1868 1752
1868 1757
1868 1761
1868 1768
1868 1772
1868 1791
1868 1793
1868 1800
1868 1804
1868 1809
1868 1810
1868 1813
1868 1816
1868 1826
1868 1832
1868 1842
1868 1888
1868 1898
1868 1900
1868 1902
1869 107
1869 1041
1869 1070
1869 1139
1869 1213
1869 1236
1869 1275
1869 1338
1869 1469
1869 1472
1869 1482
1869 1672
1869 1781
1869 1815
1869 1904
1870 107
1870 483
1870 517
1870 538
1870 580
1870 930
1870 936
1870 948
1870 1075
1870 1080
1870 1113
1870 1318
1870 1320
1870 1332
1870 1543
1870 1565
1870 1574
1870 1606
1870 1677
1870 1695
1870 1763
1870 1766
1870 1882
1871 107
1871 483
1871 637
1871 896
1871 898
1871 917
1871 919
1871 933
1871 941
1871 942
1871 954
1871 969
1871 971
1871 984
1871 1014
1871 1018
1871 1020
1871 1032
1871 1066
1871 1067
1871 1081
1871 1099
1871 1102
1871 1104
1871 1108
1871 1158
1871 1166
1871 1170
1871 1192
1871 1204
1871 1215
1871 1235
1871 1245
1871 1261
1871 1273
1871 1277
1871 1281
1871 1282
1871 1303
1871 1309
1871 1316
1871 1324
1871 1373
1871 1382
1871 1392
1871 1396
1871 1406
1871 1423
1871 1451
1871 1454
1871 1479
1871 1495
1871 1502
1871 1508
1871 1515
1871 1573
1871 1578
1871 1582
1871 1583
1871 1591
1871 1638
1871 1649
1871 1661
1871 1680
1871 1704
1871 1706
1871 1716
1871 1729
1871 1732
1871 1742
1871 1751
1871 1783
1871 1786
1871 1794
1871 1812
1871 1820
1871 1824
1871 1828
1871 1848
1871 1893
1871 1894
1871 1907
1872 107
1872 596
1872 896
1872 902
1872 975
1872 981
1872 1009
1872 1014
1872 1036
1872 1115
1872 1120
1872 1129
1872 1158
1872 1192
1872 1221
1872 1227
1872 1235
1872 1246
1872 1257
1872 1261
1872 1277
1872 1322
1872 1345
1872 1347
1872 1379
1872 1414
1872 1423
1872 1459
1872 1462
1872 1479
1872 1569
1872 1576
1872 1583
1872 1591
1872 1592
1872 1596
1872 1611
1872 1628
1872 1647
1872 1655
1872 1680
1872 1715
1872 1716
1872 1728
1872 1786
1872 1841
1872 1857
1872 1862
1872 1893
1872 1903
1873 107
1873 896
1873 902
1873 957
1873 975
1873 988
1873 1067
1873 1082
1873 1100
1873 1104
1873 1129
1873 1192
1873 1204
1873 1221
1873 1227
1873 1235
1873 1277
1873 1298
1873 1322
1873 1345
1873 1373
1873 1423
1873 1426
1873 1448
1873 1459
1873 1462
1873 1479
1873 1573
1873 1583
1873 1591
1873 1596
1873 1611
1873 1628
1873 1636
1873 1680
1873 1682
1873 1691
1873 1715
1873 1786
1873 1899
1873 1903
1874 107
1874 978
1874 980
1874 1006
1874 1101
1874 1132
1874 1449
1874 1456
1874 1480
1874 1484
1874 1538
1874 1610
1874 1888
1875 107
1875 483
1875 896
1875 898
1875 989
1875 1014
1875 1066
1875 1204
1875 1227
1875 1246
1875 1277
1875 1315
1875 1324
1875 1345
1875 1413
1875 1423
1875 1432
1875 1454
1875 1459
1875 1515
1875 1550
1875 1595
1875 1628
1875 1691
1875 1715
1875 1728
1875 1751
1875 1841
1876 107
1876 606
1876 917
1876 924
1876 944
1876 964
1876 1037
1876 1041
1876 1042
1876 1051
1876 1052
1876 1062
1876 1070
1876 1139
1876 1159
1876 1166
1876 1167
1876 1183
1876 1188
1876 1225
1876 1241
1876 1260
1876 1268
1876 1275
1876 1299
1876 1304
1876 1310
1876 1338
1876 1355
1876 1366
1876 1373
1876 1444
1876 1469
1876 1472
1876 1481
1876 1482
1876 1504
1876 1507
1876 1525
1876 1531
1876 1536
1876 1630
1876 1633
1876 1634
1876 1664
1876 1686
1876 1699
1876 1703
1876 1709
1876 1725
1876 1727
1876 1738
1876 1739
1876 1770
1876 1787
1876 1906
1877 107
1877 906
1877 925
1877 993
1877 1003
1877 1004
1877 1049
1877 1059
1877 1075
1877 1076
1877 1086
1877 1117
1877 1146
1877 1184
1877 1242
1877 1250
1877 1305
1877 1340
1877 1367
1877 1390
1877 1391
1877 1416
1877 1431
1877 1435
1877 1520
1877 1522
1877 1523
1877 1539
1877 1540
1877 1551
1877 1554
1877 1557
1877 1572
1877 1584
1877 1597
1877 1598
1877 1600
1877 1612
1877 1617
1877 1618
1877 1620
1877 1622
1877 1632
1877 1652
1877 1653
1877 1659
1877 1663
1877 1683
1877 1688
1877 1689
1877 1717
1877 1724
1877 1735
1877 1737
1877 1746
1877 1789
1877 1795
1877 1799
1877 1800
1877 1810
1877 1819
1877 1827
1877 1867
1877 1888
1878 107
1878 353
1878 366
1878 483
1878 538
1878 580
1878 930
1878 948
1878 976
1878 1080
1878 1113
1878 1122
1878 1142
1878 1155
1878 1313
1878 1318
1878 1332
1878 1349
1878 1358
1878 1408
1878 1427
1878 1464
1878 1512
1878 1514
1878 1526
1878 1543
1878 1625
1878 1645
1878 1671
1878 1673
1878 1763
1878 1766
1878 1790
1878 1844
1878 1882
1879 107
1879 916
1879 925
1879 946
1879 960
1879 966
1879 980
1879 983
1879 999
1879 1004
1879 1006
1879 1017
1879 1024
1879 1040
1879 1059
1879 1076
1879 1078
1879 1079
1879 1086
1879 1101
1879 1107
1879 1124
1879 1125
1879 1126
1879 1130
1879 1132
1879 1146
1879 1149
1879 1153
1879 1163
1879 1172
1879 1173
1879 1175
1879 1180
1879 1181
1879 1184
1879 1185
1879 1191
1879 1198
1879 1199
1879 1201
1879 1207
1879 1211
1879 1214
1879 1219
1879 1222
1879 1230
1879 1238
1879 1250
1879 1256
1879 1269
1879 1271
1879 1285
1879 1288
1879 1289
1879 1291
1879 1312
1879 1330
1879 1331
1879 1335
1879 1339
1879 1341
1879 1351
1879 1352
1879 1361
1879 1367
1879 1370
1879 1376
1879 1377
1879 1380
1879 1390
1879 1393
1879 1399
1879 1416
1879 1420
1879 1431
1879 1447
1879 1456
1879 1471
1879 1480
1879 1483
1879 1488
1879 1491
1879 1516
1879 1522
1879 1530
1879 1547
1879 1551
1879 1554
1879 1557
1879 1559
1879 1571
1879 1580
1879 1584
1879 1589
1879 1590
1879 1597
1879 1598
1879 1600
1879 1603
1879 1604
1879 1610
1879 1612
1879 1613
1879 1619
1879 1621
1879 1622
1879 1623
1879 1652
1879 1662
1879 1663
1879 1665
1879 1668
1879 1685
1879 1689
1879 1707
1879 1712
1879 1714
1879 1721
1879 1730
1879 1736
1879 1737
1879 1741
1879 1746
1879 1750
1879 1754
1879 1757
1879 1768
1879 1772
1879 1774
1879 1789
1879 1793
1879 1799
1879 1800
1879 1804
1879 1809
1879 1810
1879 1813
1879 1823
1879 1826
1879 1827
1879 1833
1879 1839
1879 1842
1879 1849
1879 1863
1879 1864
1879 1888
1879 1898
1879 1902
1880 107
1880 901
1880 903
1880 938
1880 958
1880 963
1880 992
1880 1097
1880 1118
1880 1216
1880 1232
1880 1314
1880 1319
1880 1333
1880 1363
1880 1371
1880 1378
1880 1424
1880 1452
1880 1468
1880 1493
1880 1533
1880 1548
1880 1568
1880 1601
1880 1733
1880 1747
1880 1787
1880 1798
1880 1837
1880 1892
1880 1895
1881 107
1881 353
1881 483
1881 580
1881 641
1881 913
1881 915
1881 930
1881 948
1881 1012
1881 1052
1881 1068
1881 1080
1881 1113
1881 1135
1881 1142
1881 1222
1881 1238
1881 1318
1881 1332
1881 1343
1881 1356
1881 1358
1881 1377
1881 1427
1881 1436
1881 1487
1881 1497
1881 1536
1881 1543
1881 1565
1881 1606
1881 1616
1881 1620
1881 1645
1881 1646
1881 1658
1881 1671
1881 1675
1881 1683
1881 1688
1881 1692
1881 1695
1881 1727
1881 1766
1881 1773
1881 1794
1881 1800
1881 1867
1881 1882
1881 1885
1881 1897
1881 1910
1882 107
1882 353
1882 366
1882 475
1882 483
1882 484
1882 526
1882 580
1882 606
1882 637
1882 641
1882 651
1882 914
1882 930
1882 936
1882 976
1882 1012
1882 1080
1882 1113
1882 1114
1882 1122
1882 1155
1882 1179
1882 1237
1882 1318
1882 1320
1882 1332
1882 1349
1882 1358
1882 1397
1882 1408
1882 1427
1882 1446
1882 1514
1882 1565
1882 1574
1882 1602
1882 1606
1882 1616
1882 1645
1882 1679
1882 1695
1882 1740
1882 1744
1882 1763
1882 1766
1882 1778
1882 1844
1882 1870
1882 1878
1882 1881
1883 107
1883 973
1883 1026
1883 1171
1883 1312
1883 1405
1883 1419
1883 1440
1883 1465
1883 1513
1883 1590
1883 1626
1883 1674
1883 1765
1883 1779
1883 1835
1883 1846
1883 1863
1884 107
1884 1015
1884 1019
1884 1044
1884 1100
1884 1104
1884 1148
1884 1192
1884 1221
1884 1235
1884 1277
1884 1298
1884 1315
1884 1322
1884 1345
1884 1423
1884 1426
1884 1462
1884 1479
1884 1573
1884 1576
1884 1583
1884 1591
1884 1596
1884 1636
1884 1680
1884 1682
1884 1691
1884 1715
1884 1857
1884 1899
1884 1903
1885 107
1885 484
1885 913
1885 914
1885 1052
1885 1135
1885 1217
1885 1222
1885 1243
1885 1247
1885 1377
1885 1408
1885 1453
1885 1487
1885 1497
1885 1575
1885 1604
1885 1620
1885 1646
1885 1675
1885 1688
1885 1761
1885 1807
1885 1813
1885 1818
1885 1867
1885 1881
1885 1897
1886 107
1886 925
1886 946
1886 947
1886 952
1886 966
1886 993
1886 1004
1886 1012
1886 1017
1886 1024
1886 1028
1886 1059
1886 1078
1886 1086
1886 1092
1886 1107
1886 1112
1886 1123
1886 1125
1886 1126
1886 1128
1886 1132
1886 1146
1886 1153
1886 1156
1886 1163
1886 1181
1886 1184
1886 1185
1886 1199
1886 1207
1886 1209
1886 1211
1886 1267
1886 1269
1886 1272
1886 1287
1886 1289
1886 1302
1886 1305
1886 1339
1886 1340
1886 1341
1886 1352
1886 1365
1886 1367
1886 1370
1886 1375
1886 1377
1886 1390
1886 1391
1886 1416
1886 1420
1886 1431
1886 1449
1886 1456
1886 1467
1886 1471
1886 1480
1886 1509
1886 1522
1886 1532
1886 1547
1886 1556
1886 1557
1886 1562
1886 1584
1886 1589
1886 1590
1886 1597
1886 1598
1886 1603
1886 1610
1886 1612
1886 1614
1886 1617
1886 1619
1886 1621
1886 1622
1886 1663
1886 1668
1886 1707
1886 1714
1886 1730
1886 1735
1886 1741
1886 1746
1886 1752
1886 1753
1886 1757
1886 1774
1886 1782
1886 1799
1886 1800
1886 1804
1886 1809
1886 1816
1886 1823
1886 1827
1886 1832
1886 1833
1886 1839
1886 1867
1886 1888
1887 107
1887 1204
1887 1286
1887 1292
1887 1459
1887 1475
1887 1591
1887 1611
1887 1628
1887 1783
1887 1899
1888 107
1888 897
1888 906
1888 916
1888 921
1888 925
1888 927
1888 934
1888 946
1888 947
1888 952
1888 953
1888 960
1888 966
1888 967
1888 978
1888 980
1888 982
1888 983
1888 993
1888 997
1888 999
1888 1003
1888 1004
1888 1006
1888 1017
1888 1024
1888 1026
1888 1028
1888 1048
1888 1049
1888 1059
1888 1068
1888 1074
1888 1075
1888 1076
1888 1078
1888 1079
1888 1083
1888 1086
1888 1091
1888 1101
1888 1107
1888 1112
1888 1117
1888 1123
1888 1124
1888 1125
1888 1126
1888 1128
1888 1130
1888 1132
1888 1135
1888 1146
1888 1149
1888 1153
1888 1156
1888 1160
1888 1163
1888 1172
1888 1173
1888 1175
1888 1180
1888 1181
1888 1182
1888 1184
1888 1185
1888 1191
1888 1198
1888 1199
1888 1201
1888 1205
1888 1207
1888 1209
1888 1211
1888 1214
1888 1217
1888 1219
1888 1222
1888 1230
1888 1238
1888 1242
1888 1243
1888 1250
1888 1255
1888 1256
1888 1267
1888 1269
1888 1271
1888 1272
1888 1285
1888 1287
1888 1288
1888 1289
1888 1291
1888 1293
1888 1302
1888 1305
1888 1312
1888 1323
1888 1329
1888 1330
1888 1331
1888 1334
1888 1335
1888 1336
1888 1339
1888 1340
1888 1341
1888 1344
1888 1351
1888 1352
1888 1361
1888 1367
1888 1370
1888 1375
1888 1376
1888 1377
1888 1380
1888 1388
1888 1389
1888 1390
1888 1391
1888 1398
1888 1399
1888 1401
1888 1402
1888 1416
1888 1420
1888 1431
1888 1439
1888 1447
1888 1449
1888 1456
1888 1457
1888 1463
1888 1467
1888 1470
1888 1471
1888 1480
1888 1483
1888 1484
1888 1488
1888 1491
1888 1509
1888 1516
1888 1520
1888 1522
1888 1524
1888 1530
1888 1532
1888 1538
1888 1542
1888 1547
1888 1551
1888 1554
1888 1556
1888 1557
1888 1559
1888 1570
1888 1580
1888 1584
1888 1589
1888 1590
1888 1597
1888 1598
1888 1600
1888 1603
1888 1604
1888 1605
1888 1608
1888 1609
1888 1610
1888 1612
1888 1613
1888 1614
1888 1617
1888 1619
1888 1620
1888 1621
1888 1622
1888 1623
1888 1632
1888 1637
1888 1639
1888 1643
1888 1652
1888 1653
1888 1659
1888 1662
1888 1663
1888 1665
1888 1668
1888 1669
1888 1675
1888 1683
1888 1685
1888 1689
1888 1707
1888 1712
1888 1714
1888 1717
1888 1721
1888 1723
1888 1730
1888 1734
1888 1735
1888 1736
1888 1737
1888 1741
1888 1746
1888 1750
1888 1752
1888 1753
1888 1757
1888 1761
1888 1768
1888 1772
1888 1782
1888 1789
1888 1791
1888 1793
1888 1796
1888 1799
1888 1800
1888 1804
1888 1809
1888 1810
1888 1811
1888 1813
1888 1816
1888 1819
1888 1821
1888 1823
1888 1826
1888 1827
1888 1832
1888 1833
1888 1835
1888 1839
1888 1842
1888 1849
1888 1861
1888 1863
1888 1864
1888 1867
1888 1868
1888 1874
1888 1877
1888 1879
1888 1886
1888 1891
1888 1898
1888 1902
1889 107
1889 909
1889 956
1889 979
1889 1016
1889 1043
1889 1138
1889 1177
1889 1218
1889 1403
1889 1424
1889 1469
1889 1499
1889 1546
1889 1562
1890 107
1890 1002
1890 1027
1890 1091
1890 1105
1890 1627
1891 107
1891 906
1891 921
1891 925
1891 967
1891 978
1891 980
1891 993
1891 1047
1891 1059
1891 1124
1891 1146
1891 1156
1891 1175
1891 1185
1891 1195
1891 1205
1891 1222
1891 1255
1891 1265
1891 1267
1891 1269
1891 1272
1891 1283
1891 1290
1891 1323
1891 1334
1891 1352
1891 1361
1891 1376
1891 1377
1891 1411
1891 1420
1891 1485
1891 1509
1891 1520
1891 1523
1891 1540
1891 1551
1891 1554
1891 1559
1891 1563
1891 1570
1891 1589
1891 1600
1891 1610
1891 1612
1891 1613
1891 1621
1891 1622
1891 1639
1891 1659
1891 1662
1891 1663
1891 1669
1891 1675
1891 1683
1891 1689
1891 1717
1891 1730
1891 1746
1891 1752
1891 1753
1891 1768
1891 1795
1891 1800
1891 1813
1891 1827
1891 1835
1891 1861
1891 1888
1892 107
1892 901
1892 903
1892 1097
1892 1118
1892 1137
1892 1378
1892 1468
1892 1548
1892 1733
1892 1787
1892 1880
1893 107
1893 483
1893 629
1893 896
1893 917
1893 941
1893 942
1893 954
1893 984
1893 988
1893 1009
1893 1014
1893 1020
1893 1021
1893 1032
1893 1060
1893 1066
1893 1067
1893 1099
1893 1102
1893 1104
1893 1158
1893 1166
1893 1170
1893 1192
1893 1204
1893 1215
1893 1227
1893 1235
1893 1261
1893 1273
1893 1277
1893 1281
1893 1282
1893 1286
1893 1303
1893 1309
1893 1324
1893 1345
1893 1347
1893 1373
1893 1382
1893 1396
1893 1406
1893 1426
1893 1427
1893 1448
1893 1454
1893 1459
1893 1475
1893 1479
1893 1489
1893 1495
1893 1502
1893 1508
1893 1514
1893 1515
1893 1573
1893 1582
1893 1587
1893 1591
1893 1595
1893 1636
1893 1638
1893 1661
1893 1680
1893 1682
1893 1706
1893 1720
1893 1729
1893 1742
1893 1751
1893 1783
1893 1786
1893 1812
1893 1820
1893 1824
1893 1828
1893 1850
1893 1857
1893 1871
1893 1872
1893 1894
1894 107
1894 483
1894 917
1894 941
1894 942
1894 969
1894 984
1894 1014
1894 1018
1894 1020
1894 1032
1894 1066
1894 1081
1894 1099
1894 1102
1894 1104
1894 1108
1894 1128
1894 1147
1894 1166
1894 1170
1894 1204
1894 1261
1894 1277
1894 1281
1894 1282
1894 1303
1894 1309
1894 1316
1894 1324
1894 1350
1894 1373
1894 1382
1894 1392
1894 1396
1894 1406
1894 1435
1894 1451
1894 1454
1894 1495
1894 1502
1894 1503
1894 1508
1894 1575
1894 1582
1894 1584
1894 1595
1894 1661
1894 1704
1894 1729
1894 1742
1894 1751
1894 1783
1894 1786
1894 1794
1894 1812
1894 1820
1894 1824
1894 1828
1894 1848
1894 1871
1894 1893
1894 1907
1895 107
1895 901
1895 903
1895 938
1895 958
1895 963
1895 992
1895 1052
1895 1097
1895 1118
1895 1137
1895 1186
1895 1216
1895 1232
1895 1314
1895 1319
1895 1333
1895 1371
1895 1378
1895 1424
1895 1452
1895 1468
1895 1493
1895 1533
1895 1548
1895 1568
1895 1601
1895 1629
1895 1648
1895 1733
1895 1747
1895 1784
1895 1787
1895 1798
1895 1802
1895 1837
1895 1880
1896 107
1896 1043
1896 1053
1896 1062
1896 1138
1896 1177
1896 1424
1896 1562
1896 1607
1897 107
1897 376
1897 484
1897 606
1897 637
1897 913
1897 914
1897 915
1897 968
1897 1025
1897 1052
1897 1070
1897 1095
1897 1110
1897 1217
1897 1247
1897 1334
1897 1343
1897 1357
1897 1364
1897 1408
1897 1435
1897 1453
1897 1487
1897 1525
1897 1536
1897 1604
1897 1658
1897 1761
1897 1794
1897 1807
1897 1818
1897 1844
1897 1881
1897 1885
1897 1910
1898 107
1898 932
1898 953
1898 959
1898 960
1898 966
1898 982
1898 983
1898 997
1898 1006
1898 1024
1898 1029
1898 1039
1898 1040
1898 1056
1898 1068
1898 1078
1898 1083
1898 1086
1898 1101
1898 1117
1898 1124
1898 1125
1898 1126
1898 1132
1898 1146
1898 1153
1898 1156
1898 1160
1898 1163
1898 1173
1898 1191
1898 1199
1898 1205
1898 1207
1898 1238
1898 1256
1898 1271
1898 1285
1898 1288
1898 1330
1898 1336
1898 1341
1898 1352
1898 1359
1898 1361
1898 1370
1898 1377
1898 1380
1898 1388
1898 1389
1898 1391
1898 1399
1898 1402
1898 1409
1898 1431
1898 1447
1898 1456
1898 1457
1898 1471
1898 1483
1898 1488
1898 1517
1898 1522
1898 1535
1898 1542
1898 1547
1898 1551
1898 1559
1898 1580
1898 1598
1898 1604
1898 1605
1898 1609
1898 1610
1898 1619
1898 1663
1898 1665
1898 1668
1898 1669
1898 1712
1898 1717
1898 1723
1898 1730
1898 1741
1898 1746
1898 1757
1898 1768
1898 1772
1898 1791
1898 1800
1898 1804
1898 1809
1898 1813
1898 1816
1898 1832
1898 1839
1898 1868
1898 1879
1898 1888
1898 1902
1899 107
1899 483
1899 896
1899 902
1899 917
1899 942
1899 957
1899 975
1899 981
1899 988
1899 989
1899 1009
1899 1014
1899 1015
1899 1018
1899 1019
1899 1021
1899 1036
1899 1060
1899 1082
1899 1100
1899 1104
1899 1115
1899 1120
1899 1148
1899 1158
1899 1190
1899 1204
1899 1221
1899 1227
1899 1231
1899 1235
1899 1277
1899 1279
1899 1284
1899 1292
1899 1298
1899 1315
1899 1322
1899 1345
1899 1347
1899 1379
1899 1381
1899 1392
1899 1404
1899 1417
1899 1423
1899 1426
1899 1432
1899 1438
1899 1459
1899 1462
1899 1475
1899 1479
1899 1515
1899 1573
1899 1576
1899 1583
1899 1587
1899 1591
1899 1596
1899 1611
1899 1628
1899 1635
1899 1636
1899 1647
1899 1682
1899 1691
1899 1715
1899 1716
1899 1720
1899 1729
1899 1857
1899 1862
1899 1873
1899 1884
1899 1887
1899 1903
1899 1907
