200 0
200 3
200 9
200 10
200 21
200 25
200 26
200 30
200 31
200 39
200 40
200 45
200 55
200 56
200 62
200 67
200 72
200 75
200 79
200 98
200 103
200 104
200 109
200 113
200 118
200 119
200 122
200 123
200 142
200 165
200 170
200 185
200 186
200 188
200 199
200 203
200 223
200 224
200 232
200 236
200 239
200 248
200 252
200 271
200 274
200 276
200 277
200 280
200 285
200 297
200 304
200 322
200 323
200 324
200 325
200 332
200 334
201 0
201 8
201 91
201 259
202 0
202 166
202 173
202 329
203 0
203 9
203 21
203 25
203 26
203 29
203 40
203 48
203 50
203 55
203 56
203 59
203 65
203 67
203 82
203 98
203 104
203 109
203 113
203 118
203 119
203 122
203 128
203 134
203 142
203 161
203 170
203 172
203 186
203 199
203 200
203 211
203 223
203 238
203 239
203 261
203 265
203 268
203 270
203 271
203 272
203 277
203 285
203 297
203 304
203 308
203 313
203 315
203 322
203 324
203 325
203 331
203 332
203 334
203 338
203 341
203 342
204 0
204 5
204 53
204 57
204 80
204 92
204 94
204 101
204 130
204 180
204 194
204 196
204 213
204 242
204 249
204 254
204 266
204 277
204 302
204 329
204 330
204 346
205 0
205 192
206 0
206 121
206 178
206 260
207 0
207 56
207 322
208 0
208 119
208 188
208 277
208 285
208 291
208 332
209 0
210 0
211 0
211 13
211 29
211 56
211 59
211 82
211 98
211 103
211 118
211 128
211 170
211 172
211 199
211 203
211 222
211 223
211 238
211 239
211 261
211 265
211 268
211 271
211 272
211 285
211 304
211 313
211 315
211 325
211 331
211 342
212 0
212 21
212 26
212 40
212 56
212 67
212 72
212 104
212 172
212 199
212 232
212 239
212 252
212 271
212 295
212 298
212 304
212 344
213 0
213 5
213 7
213 30
213 40
213 53
213 56
213 57
213 67
213 80
213 87
213 96
213 122
213 128
213 130
213 136
213 161
213 178
213 186
213 204
213 224
213 231
213 236
213 239
213 242
213 246
213 249
213 272
213 277
213 285
213 291
213 303
213 308
213 315
213 322
213 324
213 332
213 340
213 345
214 0
214 14
214 17
214 19
214 20
214 41
214 111
214 115
214 116
214 137
214 140
214 230
214 289
214 312
214 326
214 333
214 343
215 0
216 0
216 243
217 0
217 64
217 100
217 119
217 150
217 171
217 189
217 324
218 0
218 4
218 78
218 181
218 195
218 273
218 275
218 306
218 328
219 0
219 6
219 89
219 147
219 154
219 319
220 0
220 115
220 262
220 312
221 0
221 25
221 45
221 56
221 186
221 285
221 303
221 322
222 0
222 56
222 82
222 118
222 186
222 199
222 211
222 238
222 240
222 313
222 325
223 0
223 13
223 21
223 26
223 56
223 62
223 67
223 98
223 128
223 170
223 172
223 186
223 188
223 199
223 200
223 203
223 211
223 239
223 246
223 252
223 261
223 265
223 271
223 313
223 315
223 325
223 342
224 0
224 9
224 25
224 26
224 30
224 40
224 62
224 67
224 84
224 96
224 122
224 133
224 141
224 148
224 188
224 200
224 213
224 232
224 236
224 261
224 271
224 276
224 291
224 304
224 315
224 322
224 324
224 332
225 0
225 68
225 86
225 99
225 131
225 143
225 175
225 177
225 227
225 278
226 0
226 2
226 14
226 20
226 28
226 41
226 115
226 116
226 144
226 149
226 312
226 326
226 333
226 343
227 0
227 19
227 23
227 68
227 86
227 99
227 102
227 131
227 143
227 175
227 177
227 225
227 263
227 278
227 296
228 0
228 3
228 283
229 0
229 109
229 119
229 148
229 190
229 334
230 0
230 23
230 41
230 70
230 71
230 97
230 214
230 253
230 307
231 0
231 9
231 25
231 29
231 40
231 56
231 77
231 82
231 106
231 117
231 172
231 178
231 199
231 213
231 232
231 239
231 280
231 291
231 315
231 329
231 332
232 0
232 9
232 21
232 25
232 26
232 40
232 56
232 72
232 122
232 133
232 158
232 172
232 199
232 200
232 212
232 224
232 231
232 239
232 271
232 276
232 280
232 285
232 291
232 298
232 322
233 0
233 256
234 0
234 239
235 0
235 5
235 21
235 122
235 156
236 0
236 1
236 13
236 21
236 25
236 26
236 30
236 62
236 67
236 69
236 84
236 88
236 105
236 121
236 122
236 133
236 141
236 142
236 169
236 186
236 200
236 213
236 224
236 248
236 252
236 257
236 271
236 272
236 276
236 280
236 297
236 303
236 304
236 314
236 315
236 318
236 322
237 0
237 23
237 25
237 31
237 51
237 83
237 84
238 0
238 13
238 56
238 59
238 82
238 98
238 106
238 118
238 134
238 172
238 199
238 203
238 211
238 222
238 239
238 252
238 261
238 265
238 271
238 313
238 324
238 325
238 342
239 0
239 13
239 21
239 25
239 26
239 40
239 55
239 56
239 59
239 60
239 62
239 66
239 67
239 72
239 98
239 104
239 109
239 113
239 118
239 119
239 122
239 123
239 141
239 142
239 169
239 170
239 172
239 176
239 186
239 188
239 199
239 200
239 203
239 211
239 212
239 213
239 223
239 231
239 232
239 234
239 238
239 252
239 261
239 265
239 271
239 272
239 276
239 277
239 280
239 285
239 295
239 303
239 304
239 313
239 322
239 323
239 325
239 338
239 344
240 0
240 23
240 222
241 0
241 49
242 0
242 24
242 53
242 57
242 80
242 88
242 92
242 94
242 101
242 132
242 158
242 180
242 187
242 194
242 204
242 213
242 249
242 254
242 266
242 299
242 302
242 322
242 330
242 346
243 0
243 41
243 137
243 167
243 216
243 310
243 312
243 337
244 0
244 282
245 0
245 8
245 23
245 91
245 259
246 0
246 7
246 25
246 87
246 136
246 213
246 223
246 285
246 304
246 308
246 315
246 322
246 339
246 340
247 0
247 29
247 120
248 0
248 21
248 26
248 38
248 53
248 67
248 119
248 122
248 128
248 134
248 158
248 169
248 200
248 236
248 252
248 265
248 277
248 291
248 311
248 323
248 332
249 0
249 24
249 53
249 57
249 80
249 92
249 94
249 101
249 163
249 180
249 187
249 194
249 196
249 204
249 213
249 242
249 254
249 266
249 299
249 302
249 304
249 315
249 330
249 346
