2000 1912
2000 1914
2000 1927
2000 1935
2000 1951
2000 1958
2000 1972
2000 1976
2000 1995
2000 1998
2000 2001
2000 2011
2000 2018
2000 2022
2000 2024
2000 2050
2000 2097
2000 2157
2000 2171
2000 2192
2000 2202
2000 2284
2000 2337
2000 2364
2000 2365
2000 2435
2000 2472
2000 2494
2000 2538
2000 2636
2000 2639
2000 2645
2000 2647
2001 136
2001 1912
2001 1914
2001 1921
2001 1927
2001 1931
2001 1935
2001 1951
2001 1957
2001 1968
2001 1972
2001 1973
2001 1976
2001 1980
2001 1991
2001 1995
2001 1998
2001 2000
2001 2004
2001 2006
2001 2009
2001 2011
2001 2012
2001 2018
2001 2022
2001 2024
2001 2025
2001 2027
2001 2061
2001 2116
2001 2143
2001 2157
2001 2159
2001 2171
2001 2192
2001 2225
2001 2284
2001 2337
2001 2346
2001 2364
2001 2365
2001 2378
2001 2435
2001 2447
2001 2472
2001 2494
2001 2538
2001 2583
2001 2585
2001 2620
2001 2627
2001 2633
2001 2636
2001 2639
2001 2640
2001 2645
2001 2647
2001 2648
2001 2657
2001 2660
2002 1577
2002 1912
2002 1916
2002 1926
2002 1932
2002 1941
2002 1945
2002 1947
2002 1959
2002 1970
2002 2007
2002 2010
2002 2026
2002 2029
2002 2052
2002 2054
2002 2062
2002 2068
2002 2081
2002 2087
2002 2111
2002 2127
2002 2128
2002 2132
2002 2137
2002 2142
2002 2143
2002 2149
2002 2151
2002 2153
2002 2169
2002 2183
2002 2187
2002 2194
2002 2196
2002 2198
2002 2199
2002 2203
2002 2226
2002 2239
2002 2241
2002 2246
2002 2247
2002 2250
2002 2264
2002 2267
2002 2268
2002 2273
2002 2279
2002 2282
2002 2283
2002 2294
2002 2304
2002 2319
2002 2327
2002 2332
2002 2336
2002 2344
2002 2347
2002 2351
2002 2399
2002 2419
2002 2434
2002 2461
2002 2463
2002 2471
2002 2475
2002 2498
2002 2509
2002 2510
2002 2511
2002 2512
2002 2516
2002 2518
2002 2519
2002 2537
2002 2555
2002 2567
2002 2582
2002 2588
2002 2592
2002 2598
2002 2605
2002 2637
2002 2642
2003 1718
2003 1912
2003 1916
2003 1939
2003 1947
2003 1952
2003 1959
2003 1970
2003 1981
2003 2054
2003 2062
2003 2072
2003 2075
2003 2081
2003 2101
2003 2110
2003 2111
2003 2132
2003 2161
2003 2199
2003 2221
2003 2222
2003 2235
2003 2243
2003 2282
2003 2304
2003 2327
2003 2328
2003 2333
2003 2344
2003 2377
2003 2384
2003 2390
2003 2394
2003 2396
2003 2415
2003 2434
2003 2438
2003 2453
2003 2479
2003 2491
2003 2501
2003 2509
2003 2511
2003 2537
2003 2603
2003 2642
2003 2652
2004 136
2004 1912
2004 1914
2004 1919
2004 1921
2004 1927
2004 1931
2004 1935
2004 1950
2004 1951
2004 1972
2004 1973
2004 1976
2004 1991
2004 1995
2004 1998
2004 1999
2004 2001
2004 2009
2004 2016
2004 2018
2004 2022
2004 2024
2004 2027
2004 2116
2004 2157
2004 2171
2004 2192
2004 2202
2004 2268
2004 2337
2004 2364
2004 2365
2004 2378
2004 2417
2004 2435
2004 2447
2004 2494
2004 2538
2004 2620
2004 2626
2004 2627
2004 2640
2004 2645
2004 2647
2004 2648
2004 2657
2004 2658
2004 2659
2004 2660
2005 1912
2005 1917
2005 1918
2005 1929
2005 1938
2005 1941
2005 1943
2005 1946
2005 1953
2005 1962
2005 1966
2005 1971
2005 1979
2005 1983
2005 1985
2005 1989
2005 1993
2005 1997
2005 2020
2005 2030
2005 2037
2005 2043
2005 2045
2005 2046
2005 2055
2005 2059
2005 2060
2005 2063
2005 2064
2005 2069
2005 2073
2005 2074
2005 2077
2005 2078
2005 2083
2005 2086
2005 2088
2005 2090
2005 2093
2005 2095
2005 2098
2005 2104
2005 2108
2005 2112
2005 2118
2005 2122
2005 2123
2005 2124
2005 2131
2005 2139
2005 2142
2005 2150
2005 2164
2005 2172
2005 2184
2005 2188
2005 2190
2005 2200
2005 2201
2005 2206
2005 2210
2005 2213
2005 2216
2005 2218
2005 2220
2005 2229
2005 2233
2005 2237
2005 2240
2005 2244
2005 2253
2005 2258
2005 2261
2005 2266
2005 2271
2005 2275
2005 2276
2005 2278
2005 2287
2005 2299
2005 2306
2005 2308
2005 2309
2005 2323
2005 2324
2005 2326
2005 2329
2005 2331
2005 2334
2005 2340
2005 2347
2005 2348
2005 2352
2005 2354
2005 2356
2005 2359
2005 2363
2005 2369
2005 2370
2005 2374
2005 2376
2005 2381
2005 2386
2005 2395
2005 2404
2005 2407
2005 2408
2005 2409
2005 2410
2005 2414
2005 2418
2005 2423
2005 2428
2005 2430
2005 2433
2005 2446
2005 2460
2005 2464
2005 2468
2005 2477
2005 2482
2005 2489
2005 2495
2005 2500
2005 2504
2005 2506
2005 2507
2005 2526
2005 2539
2005 2543
2005 2550
2005 2551
2005 2554
2005 2556
2005 2559
2005 2560
2005 2564
2005 2575
2005 2578
2005 2586
2005 2590
2005 2593
2005 2600
2005 2601
2005 2602
2005 2604
2005 2611
2005 2615
2005 2623
2005 2624
2005 2625
2005 2630
2005 2638
2005 2654
2005 2655
2006 1912
2006 1914
2006 1919
2006 1927
2006 1931
2006 1935
2006 1951
2006 1957
2006 1958
2006 1968
2006 1972
2006 1973
2006 1976
2006 1980
2006 1991
2006 1995
2006 1998
2006 1999
2006 2001
2006 2011
2006 2014
2006 2018
2006 2022
2006 2024
2006 2027
2006 2061
2006 2097
2006 2116
2006 2159
2006 2171
2006 2192
2006 2202
2006 2225
2006 2284
2006 2297
2006 2364
2006 2365
2006 2378
2006 2447
2006 2494
2006 2585
2006 2620
2006 2626
2006 2627
2006 2636
2006 2639
2006 2645
2006 2648
2006 2657
2006 2658
2006 2659
2006 2660
2007 136
2007 1465
2007 1577
2007 1718
2007 1912
2007 1916
2007 1920
2007 1926
2007 1932
2007 1940
2007 1941
2007 1942
2007 1945
2007 1947
2007 1948
2007 1955
2007 1959
2007 1964
2007 1981
2007 1985
2007 1994
2007 2002
2007 2010
2007 2019
2007 2026
2007 2031
2007 2032
2007 2038
2007 2039
2007 2047
2007 2052
2007 2053
2007 2054
2007 2058
2007 2063
2007 2067
2007 2071
2007 2072
2007 2081
2007 2086
2007 2087
2007 2092
2007 2102
2007 2111
2007 2117
2007 2125
2007 2127
2007 2133
2007 2134
2007 2135
2007 2137
2007 2138
2007 2144
2007 2147
2007 2148
2007 2149
2007 2151
2007 2153
2007 2161
2007 2169
2007 2174
2007 2176
2007 2180
2007 2183
2007 2187
2007 2189
2007 2191
2007 2196
2007 2198
2007 2199
2007 2203
2007 2211
2007 2218
2007 2223
2007 2224
2007 2232
2007 2234
2007 2239
2007 2240
2007 2241
2007 2247
2007 2249
2007 2254
2007 2259
2007 2266
2007 2267
2007 2268
2007 2279
2007 2282
2007 2283
2007 2285
2007 2289
2007 2294
2007 2302
2007 2303
2007 2319
2007 2325
2007 2328
2007 2330
2007 2332
2007 2333
2007 2338
2007 2343
2007 2345
2007 2347
2007 2351
2007 2372
2007 2379
2007 2383
2007 2384
2007 2387
2007 2393
2007 2394
2007 2396
2007 2398
2007 2399
2007 2409
2007 2414
2007 2417
2007 2419
2007 2420
2007 2428
2007 2429
2007 2434
2007 2436
2007 2445
2007 2449
2007 2451
2007 2458
2007 2461
2007 2463
2007 2468
2007 2471
2007 2472
2007 2473
2007 2475
2007 2489
2007 2491
2007 2498
2007 2508
2007 2509
2007 2510
2007 2511
2007 2512
2007 2516
2007 2526
2007 2533
2007 2537
2007 2543
2007 2547
2007 2555
2007 2560
2007 2567
2007 2582
2007 2588
2007 2589
2007 2592
2007 2597
2007 2598
2007 2600
2007 2601
2007 2604
2007 2616
2007 2617
2007 2623
2007 2629
2007 2642
2007 2643
2007 2646
2007 2649
2007 2653
2008 1912
2008 2114
2008 2126
2008 2152
2008 2232
2008 2412
2008 2455
2009 136
2009 1912
2009 1914
2009 1921
2009 1928
2009 1931
2009 1951
2009 1954
2009 1968
2009 1972
2009 1973
2009 1976
2009 1980
2009 1995
2009 1998
2009 1999
2009 2001
2009 2004
2009 2011
2009 2013
2009 2018
2009 2024
2009 2027
2009 2116
2009 2143
2009 2157
2009 2159
2009 2268
2009 2297
2009 2337
2009 2365
2009 2378
2009 2417
2009 2435
2009 2447
2009 2459
2009 2472
2009 2538
2009 2571
2009 2583
2009 2640
2009 2647
2009 2648
2009 2657
2009 2660
2010 1577
2010 1718
2010 1912
2010 1916
2010 1920
2010 1932
2010 1940
2010 1945
2010 1947
2010 1948
2010 1954
2010 2002
2010 2007
2010 2028
2010 2032
2010 2039
2010 2047
2010 2052
2010 2054
2010 2068
2010 2071
2010 2081
2010 2087
2010 2102
2010 2111
2010 2125
2010 2133
2010 2143
2010 2149
2010 2151
2010 2153
2010 2155
2010 2169
2010 2174
2010 2176
2010 2183
2010 2187
2010 2194
2010 2196
2010 2199
2010 2203
2010 2224
2010 2241
2010 2246
2010 2247
2010 2250
2010 2254
2010 2267
2010 2273
2010 2282
2010 2283
2010 2289
2010 2292
2010 2294
2010 2325
2010 2328
2010 2333
2010 2336
2010 2343
2010 2344
2010 2347
2010 2351
2010 2377
2010 2384
2010 2399
2010 2419
2010 2461
2010 2463
2010 2471
2010 2475
2010 2498
2010 2509
2010 2512
2010 2516
2010 2555
2010 2567
2010 2582
2010 2588
2010 2592
2010 2598
2010 2616
2010 2629
2010 2642
2010 2649
2011 1912
2011 1914
2011 1919
2011 1927
2011 1931
2011 1935
2011 1951
2011 1972
2011 1973
2011 1980
2011 1991
2011 1995
2011 1998
2011 2000
2011 2001
2011 2006
2011 2009
2011 2022
2011 2025
2011 2061
2011 2097
2011 2116
2011 2157
2011 2171
2011 2192
2011 2225
2011 2284
2011 2364
2011 2447
2011 2459
2011 2472
2011 2494
2011 2585
2011 2627
2011 2639
2011 2645
2011 2648
2011 2657
2011 2658
2011 2660
2012 1912
2012 1972
2012 1976
2012 1980
2012 1995
2012 1999
2012 2001
2012 2018
2012 2116
2012 2157
2012 2171
2012 2364
2012 2365
2012 2378
2012 2494
2013 1912
2013 1921
2013 1928
2013 1972
2013 1976
2013 2009
2013 2018
2013 2297
2013 2459
2014 1912
2014 1950
2014 1980
2014 2006
2014 2061
2014 2225
2014 2284
2014 2364
2014 2626
2014 2648
2015 1912
2015 1937
2015 2152
2015 2156
2015 2357
2016 1912
2016 1919
2016 1931
2016 1973
2016 1995
2016 1998
2016 2004
2016 2018
2016 2022
2016 2024
2016 2116
2016 2225
2016 2284
2016 2364
2016 2447
2016 2494
2016 2645
2016 2657
2017 1912
2017 1996
2017 2041
2017 2296
2017 2321
2017 2421
2017 2565
2018 136
2018 1912
2018 1914
2018 1927
2018 1928
2018 1951
2018 1957
2018 1968
2018 1972
2018 1973
2018 1976
2018 1980
2018 1991
2018 1995
2018 1998
2018 1999
2018 2000
2018 2001
2018 2004
2018 2006
2018 2009
2018 2012
2018 2013
2018 2016
2018 2022
2018 2024
2018 2027
2018 2050
2018 2116
2018 2157
2018 2159
2018 2171
2018 2192
2018 2268
2018 2284
2018 2297
2018 2337
2018 2346
2018 2364
2018 2365
2018 2378
2018 2417
2018 2435
2018 2447
2018 2459
2018 2472
2018 2494
2018 2538
2018 2571
2018 2636
2018 2640
2018 2645
2018 2647
2018 2648
2018 2657
2019 1912
2019 1942
2019 2007
2019 2037
2019 2058
2019 2067
2019 2092
2019 2234
2019 2303
2019 2334
2019 2387
2019 2393
2019 2443
2019 2449
2019 2476
2019 2478
2019 2499
2019 2526
2019 2584
2020 1912
2020 1917
2020 1918
2020 1929
2020 1938
2020 1943
2020 1946
2020 1953
2020 1962
2020 1963
2020 1966
2020 1971
2020 1979
2020 1983
2020 1984
2020 1985
2020 1993
2020 2005
2020 2030
2020 2037
2020 2040
2020 2045
2020 2046
2020 2056
2020 2058
2020 2059
2020 2064
2020 2069
2020 2073
2020 2078
2020 2083
2020 2084
2020 2088
2020 2090
2020 2093
2020 2098
2020 2103
2020 2104
2020 2108
2020 2109
2020 2112
2020 2115
2020 2118
2020 2121
2020 2123
2020 2124
2020 2131
2020 2140
2020 2142
2020 2150
2020 2154
2020 2165
2020 2172
2020 2184
2020 2188
2020 2190
2020 2200
2020 2201
2020 2206
2020 2210
2020 2212
2020 2213
2020 2218
2020 2220
2020 2229
2020 2233
2020 2237
2020 2240
2020 2244
2020 2253
2020 2257
2020 2266
2020 2271
2020 2275
2020 2276
2020 2278
2020 2290
2020 2299
2020 2300
2020 2306
2020 2307
2020 2308
2020 2309
2020 2323
2020 2324
2020 2326
2020 2329
2020 2331
2020 2334
2020 2339
2020 2340
2020 2347
2020 2348
2020 2352
2020 2354
2020 2356
2020 2363
2020 2369
2020 2370
2020 2376
2020 2381
2020 2391
2020 2395
2020 2409
2020 2410
2020 2414
2020 2423
2020 2428
2020 2446
2020 2460
2020 2462
2020 2464
2020 2467
2020 2468
2020 2469
2020 2482
2020 2485
2020 2492
2020 2495
2020 2499
2020 2500
2020 2504
2020 2506
2020 2507
2020 2520
2020 2521
2020 2526
2020 2542
2020 2543
2020 2546
2020 2549
2020 2550
2020 2551
2020 2553
2020 2556
2020 2559
2020 2560
2020 2561
2020 2564
2020 2573
2020 2578
2020 2579
2020 2586
2020 2590
2020 2593
2020 2600
2020 2601
2020 2602
2020 2604
2020 2607
2020 2611
2020 2615
2020 2623
2020 2624
2020 2625
2020 2631
2020 2638
2020 2654
2021 1912
2021 1941
2021 1971
2021 1979
2021 1984
2021 1985
2021 1993
2021 2030
2021 2103
2021 2172
2021 2179
2021 2233
2021 2244
2021 2276
2021 2348
2021 2369
2021 2407
2021 2409
2021 2410
2021 2428
2021 2464
2021 2484
2021 2485
2021 2526
2021 2543
2021 2560
2021 2563
2021 2564
2021 2574
2021 2601
2021 2604
2022 1912
2022 1914
2022 1919
2022 1921
2022 1927
2022 1931
2022 1935
2022 1951
2022 1958
2022 1968
2022 1972
2022 1973
2022 1976
2022 1980
2022 1991
2022 1998
2022 2000
2022 2001
2022 2004
2022 2006
2022 2011
2022 2016
2022 2018
2022 2024
2022 2050
2022 2097
2022 2116
2022 2157
2022 2171
2022 2192
2022 2202
2022 2225
2022 2268
2022 2284
2022 2297
2022 2364
2022 2365
2022 2447
2022 2459
2022 2472
2022 2538
2022 2585
2022 2620
2022 2633
2022 2639
2022 2640
2022 2657
2022 2658
2022 2659
2022 2660
2023 1912
2023 1936
2023 1960
2023 1964
2023 2035
2023 2047
2023 2089
2023 2091
2023 2129
2023 2193
2023 2197
2023 2231
2023 2236
2023 2316
2023 2317
2023 2341
2023 2361
2023 2366
2023 2371
2023 2412
2023 2440
2023 2474
2023 2488
2023 2577
2023 2628
2024 136
2024 1912
2024 1914
2024 1919
2024 1921
2024 1927
2024 1931
2024 1951
2024 1954
2024 1958
2024 1968
2024 1972
2024 1973
2024 1976
2024 1980
2024 1991
2024 1995
2024 2000
2024 2001
2024 2004
2024 2006
2024 2009
2024 2016
2024 2018
2024 2022
2024 2027
2024 2097
2024 2157
2024 2159
2024 2171
2024 2192
2024 2202
2024 2268
2024 2284
2024 2364
2024 2365
2024 2378
2024 2447
2024 2459
2024 2494
2024 2538
2024 2583
2024 2585
2024 2620
2024 2636
2024 2639
2024 2640
2024 2645
2024 2647
2024 2648
2024 2658
2024 2659
2024 2660
2025 1912
2025 1914
2025 1919
2025 1921
2025 1931
2025 1935
2025 1957
2025 1972
2025 1980
2025 1995
2025 2001
2025 2011
2025 2061
2025 2097
2025 2159
2025 2171
2025 2202
2025 2225
2025 2346
2025 2364
2025 2365
2025 2583
2025 2620
2025 2626
2025 2627
2025 2633
2025 2648
2025 2657
2025 2658
2025 2659
2026 1577
2026 1912
2026 1918
2026 1925
2026 1926
2026 1940
2026 1941
2026 1948
2026 1955
2026 1959
2026 1981
2026 2002
2026 2007
2026 2054
2026 2068
2026 2072
2026 2081
2026 2087
2026 2102
2026 2125
2026 2127
2026 2128
2026 2133
2026 2134
2026 2138
2026 2150
2026 2153
2026 2161
2026 2176
2026 2180
2026 2183
2026 2187
2026 2191
2026 2196
2026 2224
2026 2233
2026 2239
2026 2247
2026 2250
2026 2264
2026 2267
2026 2268
2026 2279
2026 2282
2026 2283
2026 2287
2026 2289
2026 2292
2026 2299
2026 2319
2026 2327
2026 2328
2026 2333
2026 2336
2026 2338
2026 2343
2026 2347
2026 2350
2026 2351
2026 2367
2026 2369
2026 2381
2026 2384
2026 2394
2026 2396
2026 2398
2026 2414
2026 2434
2026 2436
2026 2451
2026 2458
2026 2461
2026 2468
2026 2475
2026 2498
2026 2508
2026 2510
2026 2511
2026 2516
2026 2526
2026 2531
2026 2537
2026 2543
2026 2547
2026 2550
2026 2554
2026 2555
2026 2567
2026 2588
2026 2592
2026 2594
2026 2598
2026 2607
2026 2608
2026 2617
2026 2629
2027 136
2027 1912
2027 1914
2027 1921
2027 1927
2027 1928
2027 1951
2027 1958
2027 1972
2027 1980
2027 1991
2027 1995
2027 1998
2027 1999
2027 2001
2027 2004
2027 2006
2027 2009
2027 2018
2027 2024
2027 2116
2027 2157
2027 2159
2027 2171
2027 2202
2027 2268
2027 2284
2027 2337
2027 2346
2027 2364
2027 2365
2027 2378
2027 2435
2027 2447
2027 2459
2027 2538
2027 2583
2027 2626
2027 2633
2027 2636
2027 2639
2027 2640
2027 2645
2027 2657
2028 1465
2028 1577
2028 1718
2028 1912
2028 1916
2028 1920
2028 1932
2028 1940
2028 1941
2028 1945
2028 1947
2028 1948
2028 1994
2028 2010
2028 2032
2028 2039
2028 2042
2028 2047
2028 2052
2028 2053
2028 2054
2028 2068
2028 2071
2028 2081
2028 2087
2028 2102
2028 2111
2028 2117
2028 2125
2028 2128
2028 2133
2028 2134
2028 2135
2028 2138
2028 2143
2028 2148
2028 2149
2028 2153
2028 2163
2028 2174
2028 2176
2028 2180
2028 2183
2028 2187
2028 2191
2028 2194
2028 2196
2028 2199
2028 2223
2028 2224
2028 2241
2028 2247
2028 2250
2028 2273
2028 2279
2028 2282
2028 2283
2028 2289
2028 2292
2028 2293
2028 2294
2028 2295
2028 2298
2028 2302
2028 2315
2028 2328
2028 2330
2028 2332
2028 2333
2028 2336
2028 2338
2028 2347
2028 2351
2028 2372
2028 2384
2028 2420
2028 2461
2028 2463
2028 2465
2028 2471
2028 2472
2028 2475
2028 2502
2028 2509
2028 2510
2028 2512
2028 2516
2028 2519
2028 2533
2028 2543
2028 2555
2028 2567
2028 2582
2028 2588
2028 2592
2028 2597
2028 2598
2028 2605
2028 2608
2028 2609
2028 2616
2028 2629
2028 2642
2028 2643
2028 2649
2028 2653
2029 1912
2029 1923
2029 1944
2029 1981
2029 2002
2029 2062
2029 2081
2029 2117
2029 2182
2029 2199
2029 2242
2029 2272
2029 2282
2029 2294
2029 2298
2029 2304
2029 2313
2029 2318
2029 2325
2029 2328
2029 2333
2029 2344
2029 2362
2029 2396
2029 2438
2029 2452
2029 2480
2029 2501
2029 2509
2029 2540
2029 2581
2029 2605
2029 2637
2029 2642
2030 1912
2030 1917
2030 1918
2030 1925
2030 1929
2030 1938
2030 1941
2030 1943
2030 1946
2030 1962
2030 1966
2030 1971
2030 1979
2030 1983
2030 1984
2030 1985
2030 1986
2030 1989
2030 1993
2030 1997
2030 2005
2030 2020
2030 2021
2030 2033
2030 2037
2030 2040
2030 2043
2030 2046
2030 2059
2030 2064
2030 2069
2030 2073
2030 2074
2030 2077
2030 2078
2030 2083
2030 2084
2030 2088
2030 2090
2030 2093
2030 2095
2030 2098
2030 2103
2030 2104
2030 2108
2030 2109
2030 2112
2030 2115
2030 2118
2030 2121
2030 2122
2030 2123
2030 2124
2030 2131
2030 2136
2030 2139
2030 2140
2030 2142
2030 2150
2030 2154
2030 2164
2030 2165
2030 2172
2030 2184
2030 2188
2030 2190
2030 2200
2030 2201
2030 2206
2030 2212
2030 2213
2030 2218
2030 2220
2030 2229
2030 2233
2030 2237
2030 2240
2030 2244
2030 2253
2030 2257
2030 2261
2030 2266
2030 2271
2030 2275
2030 2276
2030 2278
2030 2290
2030 2299
2030 2303
2030 2306
2030 2308
2030 2309
2030 2323
2030 2324
2030 2326
2030 2329
2030 2331
2030 2334
2030 2339
2030 2340
2030 2347
2030 2348
2030 2352
2030 2354
2030 2356
2030 2359
2030 2363
2030 2369
2030 2370
2030 2374
2030 2376
2030 2381
2030 2395
2030 2404
2030 2407
2030 2408
2030 2409
2030 2410
2030 2414
2030 2423
2030 2428
2030 2430
2030 2433
2030 2446
2030 2460
2030 2462
2030 2464
2030 2467
2030 2468
2030 2469
2030 2477
2030 2482
2030 2484
2030 2485
2030 2489
2030 2492
2030 2495
2030 2499
2030 2500
2030 2504
2030 2506
2030 2507
2030 2520
2030 2521
2030 2526
2030 2532
2030 2536
2030 2539
2030 2542
2030 2543
2030 2546
2030 2549
2030 2550
2030 2551
2030 2552
2030 2553
2030 2554
2030 2556
2030 2559
2030 2560
2030 2561
2030 2563
2030 2564
2030 2573
2030 2574
2030 2575
2030 2578
2030 2586
2030 2590
2030 2591
2030 2593
2030 2600
2030 2601
2030 2602
2030 2604
2030 2607
2030 2611
2030 2615
2030 2619
2030 2623
2030 2624
2030 2625
2030 2630
2030 2638
2030 2646
2030 2654
2030 2655
2031 1718
2031 1912
2031 1923
2031 1926
2031 1944
2031 1964
2031 2007
2031 2036
2031 2038
2031 2047
2031 2066
2031 2117
2031 2127
2031 2133
2031 2138
2031 2141
2031 2145
2031 2149
2031 2174
2031 2176
2031 2185
2031 2205
2031 2209
2031 2211
2031 2214
2031 2232
2031 2242
2031 2254
2031 2270
2031 2272
2031 2283
2031 2289
2031 2291
2031 2318
2031 2322
2031 2325
2031 2327
2031 2362
2031 2366
2031 2406
2031 2416
2031 2419
2031 2425
2031 2473
2031 2480
2031 2514
2031 2517
2031 2525
2031 2557
2031 2588
2031 2610
2031 2612
2031 2642
2032 136
2032 1465
2032 1577
2032 1718
2032 1912
2032 1916
2032 1920
2032 1923
2032 1926
2032 1932
2032 1939
2032 1940
2032 1941
2032 1945
2032 1947
2032 1948
2032 1954
2032 1955
2032 1959
2032 2007
2032 2010
2032 2028
2032 2038
2032 2039
2032 2042
2032 2047
2032 2054
2032 2068
2032 2071
2032 2072
2032 2081
2032 2087
2032 2096
2032 2102
2032 2111
2032 2125
2032 2127
2032 2133
2032 2134
2032 2138
2032 2143
2032 2144
2032 2148
2032 2149
2032 2151
2032 2153
2032 2161
2032 2169
2032 2174
2032 2176
2032 2180
2032 2183
2032 2187
2032 2189
2032 2191
2032 2194
2032 2196
2032 2199
2032 2203
2032 2223
2032 2224
2032 2232
2032 2241
2032 2246
2032 2247
2032 2254
2032 2259
2032 2264
2032 2268
2032 2273
2032 2279
2032 2280
2032 2282
2032 2283
2032 2285
2032 2289
2032 2292
2032 2294
2032 2302
2032 2304
2032 2315
2032 2319
2032 2327
2032 2328
2032 2332
2032 2333
2032 2336
2032 2338
2032 2343
2032 2344
2032 2347
2032 2351
2032 2367
2032 2368
2032 2377
2032 2384
2032 2394
2032 2398
2032 2399
2032 2416
2032 2417
2032 2419
2032 2420
2032 2434
2032 2436
2032 2445
2032 2451
2032 2458
2032 2461
2032 2463
2032 2465
2032 2471
2032 2472
2032 2473
2032 2475
2032 2491
2032 2498
2032 2508
2032 2509
2032 2510
2032 2511
2032 2512
2032 2516
2032 2518
2032 2519
2032 2533
2032 2537
2032 2543
2032 2555
2032 2567
2032 2571
2032 2582
2032 2588
2032 2589
2032 2592
2032 2594
2032 2597
2032 2598
2032 2599
2032 2608
2032 2616
2032 2617
2032 2629
2032 2635
2032 2642
2032 2643
2032 2649
2033 1912
2033 1917
2033 1918
2033 1929
2033 1938
2033 1941
2033 1943
2033 1946
2033 1953
2033 1962
2033 1963
2033 1966
2033 1971
2033 1983
2033 1984
2033 1985
2033 1986
2033 1989
2033 1993
2033 1997
2033 2030
2033 2037
2033 2043
2033 2045
2033 2055
2033 2056
2033 2059
2033 2060
2033 2063
2033 2064
2033 2069
2033 2073
2033 2074
2033 2077
2033 2078
2033 2083
2033 2086
2033 2088
2033 2090
2033 2093
2033 2095
2033 2098
2033 2103
2033 2104
2033 2108
2033 2109
2033 2112
2033 2115
2033 2118
2033 2121
2033 2123
2033 2131
2033 2139
2033 2140
2033 2142
2033 2150
2033 2154
2033 2164
2033 2165
2033 2172
2033 2184
2033 2188
2033 2190
2033 2200
2033 2201
2033 2206
2033 2210
2033 2212
2033 2213
2033 2218
2033 2220
2033 2229
2033 2233
2033 2237
2033 2240
2033 2244
2033 2253
2033 2257
2033 2261
2033 2266
2033 2271
2033 2275
2033 2276
2033 2278
2033 2287
2033 2290
2033 2299
2033 2307
2033 2309
2033 2323
2033 2324
2033 2326
2033 2329
2033 2331
2033 2340
2033 2347
2033 2348
2033 2352
2033 2353
2033 2356
2033 2359
2033 2363
2033 2369
2033 2370
2033 2374
2033 2381
2033 2386
2033 2391
2033 2392
2033 2395
2033 2404
2033 2407
2033 2408
2033 2409
2033 2410
2033 2418
2033 2423
2033 2428
2033 2433
2033 2446
2033 2460
2033 2464
2033 2467
2033 2469
2033 2482
2033 2484
2033 2489
2033 2495
2033 2500
2033 2504
2033 2506
2033 2507
2033 2520
2033 2521
2033 2526
2033 2532
2033 2536
2033 2539
2033 2543
2033 2546
2033 2549
2033 2550
2033 2551
2033 2552
2033 2553
2033 2554
2033 2556
2033 2559
2033 2560
2033 2561
2033 2564
2033 2573
2033 2574
2033 2578
2033 2586
2033 2590
2033 2593
2033 2600
2033 2601
2033 2602
2033 2604
2033 2607
2033 2611
2033 2615
2033 2619
2033 2623
2033 2624
2033 2625
2033 2630
2033 2638
2033 2646
2033 2654
2033 2655
2034 1912
2034 2041
2034 2120
2034 2156
2034 2204
2034 2321
2034 2421
2034 2437
2035 1912
2035 1930
2035 1936
2035 1960
2035 1964
2035 1975
2035 2023
2035 2049
2035 2082
2035 2089
2035 2091
2035 2107
2035 2126
2035 2129
2035 2197
2035 2228
2035 2231
2035 2236
2035 2313
2035 2361
2035 2366
2035 2371
2035 2397
2035 2402
2035 2440
2035 2448
2035 2488
2035 2614
2035 2618
2035 2628
2036 1912
2036 1926
2036 1964
2036 1977
2036 2031
2036 2047
2036 2133
2036 2211
2036 2214
2036 2265
2036 2288
2036 2289
2036 2291
2036 2318
2036 2345
2036 2366
2036 2406
2036 2453
2036 2566
2036 2610
2036 2612
2037 1912
2037 1917
2037 1925
2037 1929
2037 1938
2037 1942
2037 1943
2037 1946
2037 1962
2037 1966
2037 1971
2037 1979
2037 1983
2037 1984
2037 1985
2037 1986
2037 1989
2037 1993
2037 1997
2037 2005
2037 2019
2037 2020
2037 2030
2037 2033
2037 2040
2037 2043
2037 2044
2037 2045
2037 2046
2037 2055
2037 2056
2037 2060
2037 2064
2037 2067
2037 2069
2037 2073
2037 2074
2037 2077
2037 2078
2037 2083
2037 2084
2037 2086
2037 2088
2037 2090
2037 2092
2037 2095
2037 2098
2037 2103
2037 2104
2037 2108
2037 2109
2037 2112
2037 2115
2037 2118
2037 2121
2037 2122
2037 2123
2037 2131
2037 2136
2037 2139
2037 2140
2037 2142
2037 2154
2037 2164
2037 2165
2037 2172
2037 2179
2037 2184
2037 2188
2037 2190
2037 2200
2037 2201
2037 2206
2037 2210
2037 2216
2037 2218
2037 2220
2037 2229
2037 2233
2037 2234
2037 2240
2037 2244
2037 2257
2037 2258
2037 2261
2037 2266
2037 2271
2037 2278
2037 2290
2037 2299
2037 2300
2037 2308
2037 2309
2037 2323
2037 2324
2037 2326
2037 2329
2037 2340
2037 2347
2037 2352
2037 2354
2037 2356
2037 2359
2037 2369
2037 2370
2037 2374
2037 2387
2037 2393
2037 2395
2037 2404
2037 2407
2037 2408
2037 2409
2037 2410
2037 2414
2037 2423
2037 2427
2037 2428
2037 2433
2037 2442
2037 2446
2037 2460
2037 2462
2037 2464
2037 2468
2037 2476
2037 2477
2037 2478
2037 2482
2037 2484
2037 2485
2037 2489
2037 2492
2037 2500
2037 2504
2037 2506
2037 2507
2037 2520
2037 2521
2037 2526
2037 2536
2037 2539
2037 2542
2037 2543
2037 2546
2037 2549
2037 2550
2037 2553
2037 2559
2037 2560
2037 2561
2037 2564
2037 2573
2037 2574
2037 2575
2037 2578
2037 2586
2037 2591
2037 2593
2037 2600
2037 2601
2037 2604
2037 2606
2037 2607
2037 2611
2037 2615
2037 2619
2037 2623
2037 2624
2037 2625
2037 2630
2037 2646
2037 2654
2038 136
2038 1577
2038 1718
2038 1912
2038 1920
2038 1923
2038 1926
2038 1944
2038 1945
2038 1948
2038 1955
2038 1964
2038 1987
2038 2007
2038 2031
2038 2032
2038 2039
2038 2047
2038 2052
2038 2053
2038 2054
2038 2068
2038 2072
2038 2087
2038 2102
2038 2111
2038 2125
2038 2127
2038 2133
2038 2134
2038 2135
2038 2138
2038 2141
2038 2144
2038 2145
2038 2149
2038 2169
2038 2174
2038 2176
2038 2180
2038 2183
2038 2185
2038 2186
2038 2187
2038 2189
2038 2198
2038 2199
2038 2203
2038 2209
2038 2211
2038 2215
2038 2223
2038 2224
2038 2226
2038 2232
2038 2239
2038 2241
2038 2242
2038 2250
2038 2254
2038 2259
2038 2267
2038 2268
2038 2277
2038 2279
2038 2283
2038 2285
2038 2289
2038 2296
2038 2302
2038 2318
2038 2319
2038 2322
2038 2325
2038 2327
2038 2330
2038 2336
2038 2343
2038 2345
2038 2366
2038 2367
2038 2372
2038 2379
2038 2384
2038 2398
2038 2406
2038 2416
2038 2417
2038 2419
2038 2425
2038 2436
2038 2445
2038 2451
2038 2458
2038 2463
2038 2471
2038 2473
2038 2491
2038 2498
2038 2508
2038 2509
2038 2510
2038 2511
2038 2512
2038 2525
2038 2533
2038 2543
2038 2555
2038 2566
2038 2582
2038 2588
2038 2589
2038 2594
2038 2598
2038 2608
2038 2610
2038 2612
2038 2616
2038 2617
2038 2637
2038 2642
2038 2649
2038 2653
2039 136
2039 1577
2039 1912
2039 1916
2039 1920
2039 1926
2039 1932
2039 1940
2039 1941
2039 1945
2039 1948
2039 1955
2039 1959
2039 1987
2039 1994
2039 2007
2039 2010
2039 2028
2039 2032
2039 2038
2039 2047
2039 2052
2039 2053
2039 2054
2039 2057
2039 2068
2039 2071
2039 2072
2039 2081
2039 2087
2039 2102
2039 2111
2039 2117
2039 2127
2039 2134
2039 2135
2039 2138
2039 2144
2039 2148
2039 2149
2039 2151
2039 2153
2039 2169
2039 2176
2039 2180
2039 2183
2039 2187
2039 2189
2039 2191
2039 2194
2039 2196
2039 2199
2039 2203
2039 2215
2039 2223
2039 2224
2039 2232
2039 2241
2039 2250
2039 2254
2039 2264
2039 2267
2039 2268
2039 2273
2039 2279
2039 2282
2039 2283
2039 2289
2039 2292
2039 2293
2039 2302
2039 2315
2039 2319
2039 2328
2039 2332
2039 2333
2039 2336
2039 2338
2039 2347
2039 2351
2039 2368
2039 2372
2039 2384
2039 2385
2039 2394
2039 2417
2039 2420
2039 2445
2039 2461
2039 2463
2039 2465
2039 2471
2039 2475
2039 2498
2039 2508
2039 2510
2039 2511
2039 2512
2039 2543
2039 2555
2039 2567
2039 2582
2039 2588
2039 2592
2039 2597
2039 2598
2039 2609
2039 2616
2039 2629
2039 2642
2039 2643
2039 2653
2040 1912
2040 1917
2040 1929
2040 1938
2040 1941
2040 1943
2040 1946
2040 1953
2040 1962
2040 1966
2040 1971
2040 1979
2040 1983
2040 1984
2040 1985
2040 1989
2040 1993
2040 2020
2040 2030
2040 2037
2040 2045
2040 2046
2040 2055
2040 2056
2040 2059
2040 2064
2040 2065
2040 2069
2040 2073
2040 2074
2040 2078
2040 2088
2040 2090
2040 2093
2040 2098
2040 2103
2040 2104
2040 2108
2040 2109
2040 2112
2040 2115
2040 2118
2040 2121
2040 2123
2040 2124
2040 2131
2040 2139
2040 2142
2040 2147
2040 2150
2040 2164
2040 2165
2040 2172
2040 2184
2040 2200
2040 2201
2040 2206
2040 2208
2040 2210
2040 2212
2040 2213
2040 2218
2040 2220
2040 2229
2040 2233
2040 2237
2040 2240
2040 2244
2040 2253
2040 2258
2040 2261
2040 2266
2040 2271
2040 2275
2040 2276
2040 2278
2040 2290
2040 2293
2040 2299
2040 2308
2040 2309
2040 2311
2040 2323
2040 2324
2040 2326
2040 2329
2040 2331
2040 2334
2040 2340
2040 2347
2040 2348
2040 2354
2040 2363
2040 2369
2040 2370
2040 2374
2040 2376
2040 2386
2040 2392
2040 2395
2040 2404
2040 2407
2040 2408
2040 2409
2040 2410
2040 2423
2040 2428
2040 2433
2040 2446
2040 2460
2040 2464
2040 2467
2040 2468
2040 2469
2040 2482
2040 2485
2040 2489
2040 2501
2040 2506
2040 2507
2040 2521
2040 2526
2040 2543
2040 2546
2040 2550
2040 2551
2040 2553
2040 2556
2040 2559
2040 2560
2040 2561
2040 2564
2040 2567
2040 2573
2040 2574
2040 2575
2040 2586
2040 2590
2040 2593
2040 2600
2040 2601
2040 2602
2040 2604
2040 2606
2040 2607
2040 2611
2040 2615
2040 2619
2040 2623
2040 2631
2040 2638
2040 2646
2041 1912
2041 2017
2041 2034
2041 2313
2041 2321
2041 2342
2041 2456
2041 2634
2042 136
2042 1465
2042 1577
2042 1718
2042 1912
2042 1916
2042 1920
2042 1932
2042 1940
2042 1941
2042 1948
2042 1959
2042 1964
2042 1987
2042 1994
2042 2028
2042 2032
2042 2047
2042 2052
2042 2054
2042 2057
2042 2068
2042 2081
2042 2087
2042 2102
2042 2111
2042 2117
2042 2125
2042 2128
2042 2133
2042 2135
2042 2137
2042 2138
2042 2143
2042 2148
2042 2149
2042 2151
2042 2153
2042 2169
2042 2180
2042 2183
2042 2187
2042 2191
2042 2194
2042 2196
2042 2199
2042 2203
2042 2215
2042 2223
2042 2224
2042 2250
2042 2254
2042 2268
2042 2279
2042 2282
2042 2283
2042 2292
2042 2302
2042 2315
2042 2328
2042 2332
2042 2333
2042 2336
2042 2338
2042 2347
2042 2351
2042 2372
2042 2384
2042 2385
2042 2420
2042 2434
2042 2436
2042 2445
2042 2458
2042 2463
2042 2491
2042 2502
2042 2508
2042 2510
2042 2511
2042 2516
2042 2522
2042 2533
2042 2543
2042 2544
2042 2555
2042 2567
2042 2582
2042 2592
2042 2597
2042 2598
2042 2629
2042 2642
2042 2643
2042 2649
2042 2653
2043 1912
2043 1917
2043 1918
2043 1925
2043 1929
2043 1938
2043 1941
2043 1943
2043 1946
2043 1953
2043 1962
2043 1966
2043 1971
2043 1979
2043 1983
2043 1984
2043 1985
2043 1986
2043 1993
2043 1997
2043 2005
2043 2030
2043 2033
2043 2037
2043 2046
2043 2058
2043 2059
2043 2063
2043 2064
2043 2069
2043 2073
2043 2074
2043 2077
2043 2078
2043 2086
2043 2088
2043 2090
2043 2093
2043 2095
2043 2098
2043 2103
2043 2104
2043 2109
2043 2112
2043 2118
2043 2121
2043 2122
2043 2123
2043 2124
2043 2131
2043 2136
2043 2139
2043 2140
2043 2142
2043 2147
2043 2150
2043 2154
2043 2164
2043 2165
2043 2172
2043 2184
2043 2188
2043 2190
2043 2201
2043 2206
2043 2216
2043 2218
2043 2220
2043 2229
2043 2233
2043 2237
2043 2240
2043 2244
2043 2253
2043 2261
2043 2266
2043 2271
2043 2275
2043 2276
2043 2278
2043 2290
2043 2299
2043 2306
2043 2309
2043 2323
2043 2324
2043 2326
2043 2331
2043 2334
2043 2339
2043 2340
2043 2347
2043 2352
2043 2354
2043 2356
2043 2359
2043 2363
2043 2369
2043 2370
2043 2374
2043 2376
2043 2381
2043 2391
2043 2392
2043 2395
2043 2404
2043 2407
2043 2408
2043 2409
2043 2410
2043 2414
2043 2418
2043 2423
2043 2428
2043 2429
2043 2430
2043 2433
2043 2446
2043 2460
2043 2464
2043 2467
2043 2469
2043 2482
2043 2484
2043 2485
2043 2489
2043 2492
2043 2495
2043 2500
2043 2504
2043 2506
2043 2507
2043 2520
2043 2526
2043 2532
2043 2536
2043 2539
2043 2542
2043 2543
2043 2546
2043 2549
2043 2550
2043 2553
2043 2554
2043 2559
2043 2560
2043 2561
2043 2563
2043 2564
2043 2573
2043 2574
2043 2575
2043 2578
2043 2579
2043 2586
2043 2590
2043 2591
2043 2593
2043 2600
2043 2601
2043 2602
2043 2604
2043 2606
2043 2607
2043 2611
2043 2619
2043 2623
2043 2624
2043 2625
2043 2630
2043 2638
2043 2646
2043 2654
2043 2655
2044 1912
2044 1942
2044 1966
2044 1983
2044 2037
2044 2058
2044 2084
2044 2142
2044 2266
2044 2288
2044 2309
2044 2387
2044 2410
2044 2427
2044 2429
2044 2449
2044 2454
2044 2476
2044 2478
2044 2499
2044 2512
2044 2520
2044 2602
2044 2611
2044 2631
2045 1912
2045 1917
2045 1918
2045 1925
2045 1929
2045 1938
2045 1943
2045 1946
2045 1953
2045 1962
2045 1966
2045 1971
2045 1979
2045 1983
2045 1984
2045 1985
2045 1986
2045 1989
2045 1993
2045 1997
2045 2005
2045 2020
2045 2033
2045 2037
2045 2040
2045 2046
2045 2055
2045 2056
2045 2059
2045 2060
2045 2063
2045 2064
2045 2069
2045 2073
2045 2074
2045 2077
2045 2078
2045 2083
2045 2084
2045 2086
2045 2088
2045 2090
2045 2093
2045 2095
2045 2098
2045 2103
2045 2104
2045 2108
2045 2109
2045 2112
2045 2115
2045 2118
2045 2121
2045 2122
2045 2123
2045 2124
2045 2131
2045 2136
2045 2139
2045 2140
2045 2142
2045 2150
2045 2154
2045 2184
2045 2188
2045 2190
2045 2200
2045 2201
2045 2206
2045 2210
2045 2216
2045 2218
2045 2220
2045 2229
2045 2233
2045 2240
2045 2244
2045 2253
2045 2266
2045 2271
2045 2275
2045 2276
2045 2278
2045 2287
2045 2290
2045 2299
2045 2300
2045 2306
2045 2309
2045 2323
2045 2324
2045 2326
2045 2329
2045 2331
2045 2334
2045 2340
2045 2347
2045 2348
2045 2352
2045 2353
2045 2354
2045 2356
2045 2359
2045 2363
2045 2369
2045 2370
2045 2374
2045 2376
2045 2386
2045 2392
2045 2395
2045 2404
2045 2407
2045 2408
2045 2409
2045 2410
2045 2414
2045 2418
2045 2423
2045 2428
2045 2430
2045 2433
2045 2446
2045 2460
2045 2462
2045 2464
2045 2468
2045 2469
2045 2477
2045 2482
2045 2489
2045 2500
2045 2504
2045 2506
2045 2507
2045 2520
2045 2521
2045 2526
2045 2539
2045 2542
2045 2543
2045 2546
2045 2549
2045 2550
2045 2551
2045 2553
2045 2556
2045 2559
2045 2560
2045 2561
2045 2563
2045 2564
2045 2573
2045 2575
2045 2578
2045 2579
2045 2586
2045 2590
2045 2591
2045 2593
2045 2600
2045 2601
2045 2602
2045 2604
2045 2606
2045 2607
2045 2611
2045 2615
2045 2619
2045 2623
2045 2624
2045 2625
2045 2631
2045 2638
2045 2646
2045 2655
2046 1912
2046 1917
2046 1918
2046 1929
2046 1938
2046 1941
2046 1943
2046 1946
2046 1953
2046 1962
2046 1979
2046 1983
2046 1984
2046 1985
2046 1986
2046 1993
2046 2005
2046 2020
2046 2030
2046 2037
2046 2040
2046 2043
2046 2045
2046 2059
2046 2060
2046 2064
2046 2073
2046 2074
2046 2078
2046 2083
2046 2084
2046 2088
2046 2090
2046 2093
2046 2095
2046 2098
2046 2104
2046 2108
2046 2109
2046 2118
2046 2123
2046 2124
2046 2131
2046 2140
2046 2142
2046 2150
2046 2172
2046 2184
2046 2188
2046 2190
2046 2200
2046 2206
2046 2210
2046 2212
2046 2218
2046 2220
2046 2229
2046 2233
2046 2240
2046 2244
2046 2266
2046 2271
2046 2275
2046 2276
2046 2309
2046 2323
2046 2324
2046 2326
2046 2331
2046 2334
2046 2339
2046 2340
2046 2347
2046 2354
2046 2356
2046 2363
2046 2369
2046 2376
2046 2395
2046 2404
2046 2408
2046 2409
2046 2410
2046 2414
2046 2423
2046 2446
2046 2460
2046 2464
2046 2468
2046 2482
2046 2492
2046 2495
2046 2500
2046 2506
2046 2507
2046 2532
2046 2542
2046 2543
2046 2551
2046 2552
2046 2553
2046 2559
2046 2560
2046 2563
2046 2573
2046 2578
2046 2579
2046 2586
2046 2590
2046 2591
2046 2593
2046 2600
2046 2602
2046 2604
2046 2607
2046 2611
2046 2615
2046 2619
2046 2624
2046 2625
2046 2630
2046 2631
2046 2655
2047 1465
2047 1577
2047 1912
2047 1920
2047 1923
2047 1926
2047 1930
2047 1932
2047 1936
2047 1941
2047 1944
2047 1945
2047 1948
2047 1959
2047 1964
2047 1975
2047 1978
2047 1985
2047 1987
2047 1990
2047 1994
2047 2007
2047 2010
2047 2023
2047 2028
2047 2031
2047 2032
2047 2036
2047 2038
2047 2039
2047 2042
2047 2049
2047 2052
2047 2053
2047 2057
2047 2065
2047 2066
2047 2068
2047 2071
2047 2072
2047 2080
2047 2081
2047 2085
2047 2087
2047 2102
2047 2107
2047 2111
2047 2125
2047 2126
2047 2127
2047 2128
2047 2133
2047 2134
2047 2135
2047 2137
2047 2138
2047 2141
2047 2144
2047 2145
2047 2148
2047 2149
2047 2153
2047 2169
2047 2173
2047 2174
2047 2175
2047 2176
2047 2180
2047 2183
2047 2185
2047 2186
2047 2187
2047 2189
2047 2191
2047 2193
2047 2194
2047 2196
2047 2199
2047 2203
2047 2205
2047 2208
2047 2209
2047 2211
2047 2214
2047 2215
2047 2223
2047 2224
2047 2226
2047 2231
2047 2232
2047 2239
2047 2241
2047 2242
2047 2246
2047 2247
2047 2248
2047 2250
2047 2254
2047 2259
2047 2267
2047 2268
2047 2272
2047 2273
2047 2277
2047 2279
2047 2282
2047 2283
2047 2286
2047 2289
2047 2292
2047 2293
2047 2296
2047 2302
2047 2305
2047 2310
2047 2313
2047 2314
2047 2315
2047 2318
2047 2319
2047 2322
2047 2325
2047 2327
2047 2328
2047 2332
2047 2333
2047 2335
2047 2336
2047 2338
2047 2344
2047 2345
2047 2347
2047 2351
2047 2361
2047 2366
2047 2367
2047 2371
2047 2372
2047 2379
2047 2384
2047 2385
2047 2397
2047 2398
2047 2403
2047 2406
2047 2411
2047 2416
2047 2417
2047 2419
2047 2420
2047 2425
2047 2436
2047 2445
2047 2453
2047 2458
2047 2461
2047 2465
2047 2468
2047 2471
2047 2472
2047 2473
2047 2474
2047 2475
2047 2491
2047 2497
2047 2498
2047 2503
2047 2508
2047 2509
2047 2510
2047 2511
2047 2512
2047 2516
2047 2525
2047 2530
2047 2533
2047 2534
2047 2543
2047 2555
2047 2557
2047 2566
2047 2567
2047 2572
2047 2580
2047 2581
2047 2582
2047 2588
2047 2589
2047 2592
2047 2594
2047 2597
2047 2598
2047 2608
2047 2609
2047 2610
2047 2612
2047 2616
2047 2629
2047 2637
2047 2641
2047 2642
2047 2643
2047 2644
2047 2649
2047 2653
2048 1912
2048 2085
2048 2128
2048 2132
2048 2150
2048 2155
2048 2211
2048 2226
2048 2233
2048 2287
2048 2289
2048 2292
2048 2296
2048 2425
2048 2498
2048 2544
2048 2581
2049 1912
2049 1930
2049 1936
2049 1965
2049 1975
2049 1978
2049 1990
2049 2035
2049 2047
2049 2082
2049 2089
2049 2158
2049 2173
2049 2231
2049 2248
2049 2286
2049 2313
2049 2314
2049 2317
2049 2335
2049 2371
2049 2397
2049 2403
2049 2411
2049 2440
2049 2448
2049 2474
2049 2488
2049 2497
2049 2503
2049 2523
2049 2534
2049 2562
2049 2570
2049 2612
2049 2628
2049 2644
