2050 1912
2050 1951
2050 1958
2050 1973
2050 1980
2050 1995
2050 1998
2050 2000
2050 2018
2050 2022
2050 2157
2050 2171
2050 2297
2050 2337
2050 2365
2050 2378
2050 2435
2050 2447
2050 2494
2050 2538
2050 2640
2050 2645
2050 2647
2051 1912
2051 2113
2051 2126
2051 2313
2051 2342
2051 2450
2051 2558
2051 2614
2051 2632
2052 1577
2052 1718
2052 1912
2052 1916
2052 1920
2052 1932
2052 1939
2052 1940
2052 1941
2052 1945
2052 1947
2052 1948
2052 1954
2052 2002
2052 2007
2052 2010
2052 2028
2052 2038
2052 2039
2052 2042
2052 2047
2052 2053
2052 2054
2052 2068
2052 2071
2052 2072
2052 2081
2052 2087
2052 2099
2052 2102
2052 2111
2052 2117
2052 2125
2052 2128
2052 2132
2052 2133
2052 2138
2052 2143
2052 2148
2052 2149
2052 2151
2052 2153
2052 2169
2052 2174
2052 2176
2052 2183
2052 2187
2052 2194
2052 2196
2052 2199
2052 2203
2052 2224
2052 2241
2052 2246
2052 2247
2052 2250
2052 2273
2052 2279
2052 2282
2052 2283
2052 2289
2052 2292
2052 2294
2052 2302
2052 2304
2052 2319
2052 2328
2052 2332
2052 2333
2052 2336
2052 2338
2052 2343
2052 2344
2052 2347
2052 2351
2052 2368
2052 2372
2052 2377
2052 2384
2052 2399
2052 2420
2052 2458
2052 2461
2052 2463
2052 2471
2052 2475
2052 2491
2052 2498
2052 2509
2052 2510
2052 2511
2052 2516
2052 2537
2052 2543
2052 2555
2052 2582
2052 2588
2052 2592
2052 2594
2052 2598
2052 2603
2052 2616
2052 2629
2052 2642
2052 2643
2052 2649
2053 1465
2053 1577
2053 1912
2053 1920
2053 1926
2053 1939
2053 1941
2053 1947
2053 1948
2053 1955
2053 1981
2053 1985
2053 2007
2053 2028
2053 2038
2053 2039
2053 2047
2053 2052
2053 2054
2053 2057
2053 2068
2053 2071
2053 2072
2053 2075
2053 2081
2053 2087
2053 2101
2053 2111
2053 2117
2053 2125
2053 2132
2053 2134
2053 2135
2053 2138
2053 2153
2053 2161
2053 2180
2053 2183
2053 2187
2053 2191
2053 2194
2053 2196
2053 2199
2053 2203
2053 2215
2053 2223
2053 2224
2053 2226
2053 2235
2053 2239
2053 2243
2053 2247
2053 2254
2053 2264
2053 2273
2053 2279
2053 2280
2053 2282
2053 2283
2053 2285
2053 2289
2053 2292
2053 2294
2053 2302
2053 2315
2053 2327
2053 2328
2053 2332
2053 2333
2053 2336
2053 2338
2053 2344
2053 2347
2053 2351
2053 2372
2053 2377
2053 2384
2053 2385
2053 2390
2053 2394
2053 2396
2053 2398
2053 2399
2053 2420
2053 2436
2053 2438
2053 2451
2053 2458
2053 2461
2053 2463
2053 2472
2053 2479
2053 2491
2053 2496
2053 2501
2053 2508
2053 2509
2053 2510
2053 2511
2053 2533
2053 2537
2053 2543
2053 2547
2053 2555
2053 2567
2053 2592
2053 2594
2053 2597
2053 2598
2053 2608
2053 2609
2053 2617
2053 2629
2053 2643
2053 2652
2054 136
2054 1465
2054 1577
2054 1718
2054 1912
2054 1916
2054 1920
2054 1926
2054 1939
2054 1940
2054 1941
2054 1945
2054 1947
2054 1948
2054 1954
2054 1959
2054 1970
2054 1981
2054 2002
2054 2003
2054 2007
2054 2010
2054 2026
2054 2028
2054 2032
2054 2038
2054 2039
2054 2042
2054 2052
2054 2053
2054 2062
2054 2068
2054 2071
2054 2072
2054 2075
2054 2081
2054 2087
2054 2096
2054 2101
2054 2102
2054 2110
2054 2111
2054 2117
2054 2125
2054 2127
2054 2128
2054 2132
2054 2133
2054 2134
2054 2135
2054 2138
2054 2143
2054 2144
2054 2148
2054 2149
2054 2151
2054 2153
2054 2161
2054 2163
2054 2169
2054 2174
2054 2176
2054 2180
2054 2183
2054 2187
2054 2189
2054 2191
2054 2194
2054 2196
2054 2199
2054 2203
2054 2221
2054 2222
2054 2223
2054 2224
2054 2235
2054 2241
2054 2243
2054 2246
2054 2247
2054 2249
2054 2250
2054 2267
2054 2273
2054 2274
2054 2279
2054 2280
2054 2282
2054 2283
2054 2289
2054 2292
2054 2293
2054 2294
2054 2302
2054 2315
2054 2319
2054 2325
2054 2327
2054 2328
2054 2332
2054 2333
2054 2336
2054 2338
2054 2343
2054 2344
2054 2347
2054 2351
2054 2368
2054 2372
2054 2377
2054 2384
2054 2390
2054 2394
2054 2396
2054 2398
2054 2399
2054 2415
2054 2419
2054 2420
2054 2434
2054 2438
2054 2445
2054 2451
2054 2458
2054 2461
2054 2463
2054 2465
2054 2475
2054 2479
2054 2491
2054 2498
2054 2501
2054 2508
2054 2509
2054 2510
2054 2511
2054 2512
2054 2516
2054 2518
2054 2519
2054 2537
2054 2543
2054 2555
2054 2567
2054 2568
2054 2582
2054 2588
2054 2589
2054 2592
2054 2594
2054 2597
2054 2598
2054 2603
2054 2608
2054 2609
2054 2616
2054 2617
2054 2629
2054 2642
2054 2643
2054 2649
2054 2652
2054 2653
2055 1912
2055 1917
2055 1918
2055 1943
2055 1953
2055 1962
2055 1979
2055 1983
2055 1984
2055 1986
2055 1989
2055 2005
2055 2033
2055 2037
2055 2040
2055 2045
2055 2056
2055 2059
2055 2060
2055 2077
2055 2078
2055 2083
2055 2115
2055 2142
2055 2150
2055 2188
2055 2200
2055 2201
2055 2206
2055 2216
2055 2218
2055 2229
2055 2240
2055 2257
2055 2266
2055 2271
2055 2278
2055 2300
2055 2302
2055 2307
2055 2323
2055 2324
2055 2329
2055 2331
2055 2339
2055 2347
2055 2356
2055 2369
2055 2370
2055 2376
2055 2404
2055 2410
2055 2414
2055 2446
2055 2469
2055 2477
2055 2499
2055 2506
2055 2526
2055 2539
2055 2542
2055 2543
2055 2550
2055 2559
2055 2560
2055 2575
2055 2590
2055 2593
2055 2600
2055 2604
2055 2611
2055 2615
2055 2619
2056 1912
2056 1917
2056 1918
2056 1925
2056 1938
2056 1963
2056 1971
2056 1985
2056 1986
2056 1993
2056 1997
2056 2020
2056 2033
2056 2037
2056 2040
2056 2045
2056 2055
2056 2059
2056 2064
2056 2067
2056 2074
2056 2078
2056 2084
2056 2086
2056 2090
2056 2092
2056 2095
2056 2098
2056 2103
2056 2118
2056 2124
2056 2140
2056 2142
2056 2147
2056 2150
2056 2184
2056 2188
2056 2189
2056 2200
2056 2206
2056 2212
2056 2216
2056 2218
2056 2220
2056 2229
2056 2233
2056 2234
2056 2257
2056 2262
2056 2266
2056 2271
2056 2275
2056 2278
2056 2287
2056 2290
2056 2299
2056 2300
2056 2303
2056 2309
2056 2311
2056 2323
2056 2326
2056 2331
2056 2334
2056 2339
2056 2350
2056 2352
2056 2356
2056 2359
2056 2363
2056 2369
2056 2376
2056 2387
2056 2391
2056 2393
2056 2395
2056 2404
2056 2408
2056 2410
2056 2414
2056 2428
2056 2464
2056 2468
2056 2476
2056 2477
2056 2478
2056 2482
2056 2485
2056 2499
2056 2504
2056 2506
2056 2507
2056 2520
2056 2526
2056 2539
2056 2545
2056 2553
2056 2564
2056 2573
2056 2576
2056 2578
2056 2579
2056 2584
2056 2593
2056 2600
2056 2607
2056 2613
2056 2615
2056 2619
2056 2624
2056 2625
2056 2630
2056 2638
2056 2654
2056 2655
2057 1912
2057 1941
2057 1959
2057 1987
2057 2039
2057 2042
2057 2047
2057 2053
2057 2065
2057 2068
2057 2081
2057 2087
2057 2102
2057 2111
2057 2134
2057 2138
2057 2149
2057 2199
2057 2208
2057 2210
2057 2215
2057 2223
2057 2254
2057 2268
2057 2292
2057 2302
2057 2305
2057 2332
2057 2333
2057 2336
2057 2372
2057 2384
2057 2385
2057 2445
2057 2491
2057 2508
2057 2511
2057 2530
2057 2572
2057 2575
2057 2592
2057 2608
2058 1912
2058 1925
2058 1941
2058 1942
2058 1943
2058 1946
2058 1966
2058 1979
2058 1983
2058 1985
2058 2007
2058 2019
2058 2020
2058 2043
2058 2044
2058 2063
2058 2064
2058 2073
2058 2078
2058 2086
2058 2088
2058 2092
2058 2093
2058 2104
2058 2118
2058 2121
2058 2123
2058 2131
2058 2139
2058 2142
2058 2150
2058 2154
2058 2172
2058 2206
2058 2216
2058 2218
2058 2229
2058 2233
2058 2234
2058 2237
2058 2244
2058 2266
2058 2275
2058 2290
2058 2309
2058 2331
2058 2334
2058 2347
2058 2370
2058 2383
2058 2395
2058 2409
2058 2429
2058 2433
2058 2454
2058 2467
2058 2478
2058 2482
2058 2492
2058 2507
2058 2526
2058 2546
2058 2552
2058 2564
2058 2573
2058 2586
2058 2590
2058 2594
2058 2601
2058 2604
2058 2607
2058 2611
2058 2623
2058 2624
2058 2646
2058 2654
2059 1912
2059 1917
2059 1918
2059 1929
2059 1938
2059 1941
2059 1943
2059 1946
2059 1953
2059 1962
2059 1963
2059 1966
2059 1971
2059 1979
2059 1983
2059 1984
2059 1985
2059 1986
2059 1989
2059 1993
2059 1997
2059 2005
2059 2020
2059 2030
2059 2033
2059 2040
2059 2043
2059 2045
2059 2046
2059 2055
2059 2056
2059 2060
2059 2063
2059 2064
2059 2069
2059 2073
2059 2074
2059 2077
2059 2078
2059 2083
2059 2084
2059 2086
2059 2088
2059 2090
2059 2093
2059 2095
2059 2098
2059 2103
2059 2104
2059 2108
2059 2109
2059 2112
2059 2115
2059 2118
2059 2121
2059 2122
2059 2123
2059 2124
2059 2131
2059 2139
2059 2140
2059 2142
2059 2150
2059 2154
2059 2165
2059 2172
2059 2179
2059 2184
2059 2188
2059 2190
2059 2200
2059 2201
2059 2206
2059 2212
2059 2216
2059 2218
2059 2220
2059 2229
2059 2233
2059 2237
2059 2240
2059 2244
2059 2253
2059 2257
2059 2261
2059 2266
2059 2271
2059 2275
2059 2276
2059 2278
2059 2290
2059 2299
2059 2300
2059 2306
2059 2307
2059 2308
2059 2309
2059 2323
2059 2324
2059 2326
2059 2329
2059 2331
2059 2334
2059 2339
2059 2340
2059 2347
2059 2348
2059 2352
2059 2353
2059 2354
2059 2356
2059 2359
2059 2363
2059 2369
2059 2370
2059 2374
2059 2381
2059 2386
2059 2395
2059 2404
2059 2408
2059 2409
2059 2410
2059 2414
2059 2418
2059 2423
2059 2428
2059 2430
2059 2433
2059 2446
2059 2460
2059 2464
2059 2467
2059 2468
2059 2469
2059 2477
2059 2478
2059 2482
2059 2484
2059 2485
2059 2489
2059 2492
2059 2495
2059 2500
2059 2504
2059 2506
2059 2507
2059 2520
2059 2521
2059 2526
2059 2532
2059 2539
2059 2542
2059 2543
2059 2546
2059 2549
2059 2550
2059 2552
2059 2553
2059 2554
2059 2556
2059 2559
2059 2560
2059 2561
2059 2563
2059 2564
2059 2573
2059 2574
2059 2575
2059 2578
2059 2579
2059 2586
2059 2590
2059 2591
2059 2593
2059 2600
2059 2601
2059 2602
2059 2604
2059 2606
2059 2607
2059 2611
2059 2615
2059 2619
2059 2623
2059 2624
2059 2625
2059 2630
2059 2631
2059 2638
2059 2646
2059 2654
2059 2655
2060 1912
2060 1938
2060 1943
2060 1946
2060 1962
2060 1963
2060 1966
2060 1979
2060 1984
2060 1985
2060 1986
2060 1993
2060 2005
2060 2033
2060 2037
2060 2045
2060 2046
2060 2055
2060 2059
2060 2064
2060 2069
2060 2073
2060 2075
2060 2077
2060 2078
2060 2083
2060 2084
2060 2088
2060 2093
2060 2095
2060 2104
2060 2108
2060 2112
2060 2115
2060 2121
2060 2122
2060 2139
2060 2142
2060 2154
2060 2163
2060 2188
2060 2200
2060 2201
2060 2206
2060 2218
2060 2229
2060 2233
2060 2240
2060 2242
2060 2244
2060 2266
2060 2271
2060 2272
2060 2278
2060 2290
2060 2300
2060 2307
2060 2308
2060 2309
2060 2323
2060 2324
2060 2331
2060 2339
2060 2340
2060 2348
2060 2352
2060 2369
2060 2370
2060 2376
2060 2393
2060 2395
2060 2404
2060 2428
2060 2433
2060 2446
2060 2460
2060 2462
2060 2464
2060 2469
2060 2492
2060 2495
2060 2500
2060 2501
2060 2506
2060 2507
2060 2520
2060 2536
2060 2542
2060 2549
2060 2550
2060 2551
2060 2553
2060 2556
2060 2559
2060 2560
2060 2564
2060 2572
2060 2575
2060 2600
2060 2601
2060 2602
2060 2611
2060 2619
2060 2624
2060 2625
2060 2630
2061 1912
2061 1914
2061 1919
2061 1921
2061 1927
2061 1931
2061 1935
2061 1950
2061 1951
2061 1957
2061 1958
2061 1972
2061 1973
2061 1980
2061 1991
2061 1995
2061 2001
2061 2006
2061 2011
2061 2014
2061 2025
2061 2097
2061 2116
2061 2143
2061 2159
2061 2171
2061 2202
2061 2225
2061 2284
2061 2297
2061 2346
2061 2364
2061 2538
2061 2583
2061 2585
2061 2620
2061 2626
2061 2627
2061 2633
2061 2636
2061 2640
2061 2645
2061 2647
2061 2648
2061 2657
2061 2658
2061 2659
2061 2660
2062 1577
2062 1912
2062 1920
2062 1939
2062 1947
2062 1952
2062 1959
2062 1966
2062 1970
2062 1981
2062 1985
2062 1994
2062 2002
2062 2003
2062 2029
2062 2054
2062 2069
2062 2072
2062 2075
2062 2081
2062 2096
2062 2101
2062 2110
2062 2111
2062 2121
2062 2125
2062 2132
2062 2137
2062 2161
2062 2183
2062 2221
2062 2222
2062 2224
2062 2229
2062 2235
2062 2242
2062 2243
2062 2274
2062 2279
2062 2280
2062 2282
2062 2283
2062 2315
2062 2319
2062 2327
2062 2328
2062 2333
2062 2338
2062 2344
2062 2347
2062 2351
2062 2384
2062 2390
2062 2394
2062 2396
2062 2398
2062 2415
2062 2420
2062 2434
2062 2438
2062 2451
2062 2458
2062 2479
2062 2501
2062 2509
2062 2511
2062 2537
2062 2542
2062 2543
2062 2592
2062 2597
2062 2598
2062 2603
2062 2617
2062 2629
2062 2652
2063 1912
2063 1917
2063 1938
2063 1941
2063 1943
2063 1946
2063 1953
2063 1959
2063 1962
2063 1963
2063 1966
2063 1979
2063 1983
2063 1984
2063 1985
2063 1997
2063 2005
2063 2007
2063 2033
2063 2043
2063 2045
2063 2058
2063 2059
2063 2064
2063 2069
2063 2073
2063 2074
2063 2078
2063 2086
2063 2088
2063 2090
2063 2093
2063 2098
2063 2103
2063 2104
2063 2108
2063 2118
2063 2122
2063 2123
2063 2124
2063 2131
2063 2136
2063 2139
2063 2142
2063 2150
2063 2154
2063 2172
2063 2179
2063 2184
2063 2188
2063 2190
2063 2200
2063 2201
2063 2206
2063 2213
2063 2216
2063 2218
2063 2220
2063 2229
2063 2233
2063 2237
2063 2240
2063 2244
2063 2261
2063 2266
2063 2271
2063 2275
2063 2278
2063 2287
2063 2290
2063 2303
2063 2306
2063 2307
2063 2308
2063 2309
2063 2323
2063 2324
2063 2326
2063 2329
2063 2331
2063 2334
2063 2339
2063 2340
2063 2347
2063 2352
2063 2354
2063 2356
2063 2359
2063 2363
2063 2370
2063 2376
2063 2381
2063 2392
2063 2404
2063 2407
2063 2408
2063 2409
2063 2410
2063 2414
2063 2418
2063 2423
2063 2428
2063 2429
2063 2430
2063 2446
2063 2464
2063 2467
2063 2482
2063 2485
2063 2489
2063 2492
2063 2500
2063 2507
2063 2521
2063 2526
2063 2539
2063 2549
2063 2550
2063 2551
2063 2553
2063 2560
2063 2564
2063 2573
2063 2578
2063 2579
2063 2586
2063 2590
2063 2593
2063 2600
2063 2601
2063 2602
2063 2604
2063 2607
2063 2611
2063 2615
2063 2623
2063 2624
2063 2625
2063 2638
2063 2646
2063 2655
2064 1912
2064 1917
2064 1918
2064 1929
2064 1938
2064 1941
2064 1943
2064 1946
2064 1953
2064 1962
2064 1963
2064 1966
2064 1971
2064 1979
2064 1983
2064 1984
2064 1985
2064 1986
2064 1993
2064 1997
2064 2005
2064 2020
2064 2030
2064 2033
2064 2037
2064 2040
2064 2043
2064 2045
2064 2046
2064 2056
2064 2058
2064 2059
2064 2060
2064 2063
2064 2069
2064 2073
2064 2074
2064 2077
2064 2078
2064 2083
2064 2086
2064 2088
2064 2090
2064 2093
2064 2095
2064 2103
2064 2104
2064 2108
2064 2109
2064 2112
2064 2115
2064 2118
2064 2121
2064 2122
2064 2123
2064 2124
2064 2131
2064 2136
2064 2139
2064 2140
2064 2142
2064 2147
2064 2150
2064 2154
2064 2172
2064 2179
2064 2184
2064 2188
2064 2190
2064 2200
2064 2201
2064 2206
2064 2210
2064 2212
2064 2213
2064 2216
2064 2218
2064 2220
2064 2229
2064 2233
2064 2237
2064 2240
2064 2244
2064 2253
2064 2257
2064 2261
2064 2266
2064 2271
2064 2275
2064 2276
2064 2290
2064 2300
2064 2306
2064 2307
2064 2308
2064 2309
2064 2323
2064 2324
2064 2326
2064 2329
2064 2331
2064 2334
2064 2339
2064 2340
2064 2347
2064 2348
2064 2350
2064 2352
2064 2354
2064 2356
2064 2359
2064 2363
2064 2369
2064 2370
2064 2376
2064 2381
2064 2386
2064 2391
2064 2395
2064 2404
2064 2407
2064 2408
2064 2409
2064 2410
2064 2414
2064 2418
2064 2423
2064 2428
2064 2429
2064 2430
2064 2433
2064 2446
2064 2460
2064 2464
2064 2467
2064 2469
2064 2477
2064 2482
2064 2485
2064 2489
2064 2492
2064 2495
2064 2500
2064 2504
2064 2506
2064 2507
2064 2520
2064 2521
2064 2526
2064 2532
2064 2542
2064 2543
2064 2546
2064 2549
2064 2550
2064 2551
2064 2552
2064 2553
2064 2556
2064 2559
2064 2560
2064 2561
2064 2564
2064 2573
2064 2575
2064 2578
2064 2586
2064 2590
2064 2593
2064 2600
2064 2601
2064 2602
2064 2604
2064 2606
2064 2607
2064 2611
2064 2613
2064 2615
2064 2619
2064 2623
2064 2624
2064 2625
2064 2630
2064 2638
2064 2646
2064 2655
2065 1465
2065 1912
2065 1941
2065 1985
2065 2040
2065 2047
2065 2057
2065 2081
2065 2087
2065 2154
2065 2183
2065 2208
2065 2215
2065 2292
2065 2302
2065 2324
2065 2333
2065 2384
2065 2385
2065 2462
2065 2530
2065 2536
2065 2560
2065 2567
2065 2592
2065 2608
2066 1912
2066 1964
2066 2031
2066 2047
2066 2133
2066 2211
2066 2514
2066 2517
2066 2642
2067 1912
2067 1942
2067 2007
2067 2019
2067 2037
2067 2056
2067 2084
2067 2092
2067 2147
2067 2154
2067 2189
2067 2200
2067 2234
2067 2262
2067 2300
2067 2303
2067 2334
2067 2387
2067 2391
2067 2393
2067 2428
2067 2429
2067 2430
2067 2449
2067 2476
2067 2478
2067 2489
2067 2507
2067 2526
2067 2576
2067 2584
2067 2602
2067 2646
2068 136
2068 1465
2068 1577
2068 1718
2068 1912
2068 1920
2068 1926
2068 1932
2068 1939
2068 1940
2068 1941
2068 1945
2068 1947
2068 1948
2068 1954
2068 1955
2068 1959
2068 2002
2068 2010
2068 2026
2068 2028
2068 2032
2068 2038
2068 2039
2068 2042
2068 2047
2068 2052
2068 2053
2068 2054
2068 2057
2068 2071
2068 2072
2068 2081
2068 2087
2068 2101
2068 2102
2068 2111
2068 2117
2068 2125
2068 2127
2068 2128
2068 2132
2068 2133
2068 2134
2068 2135
2068 2138
2068 2143
2068 2144
2068 2149
2068 2151
2068 2153
2068 2161
2068 2169
2068 2174
2068 2176
2068 2180
2068 2183
2068 2187
2068 2189
2068 2191
2068 2194
2068 2196
2068 2198
2068 2199
2068 2203
2068 2215
2068 2223
2068 2224
2068 2232
2068 2241
2068 2247
2068 2249
2068 2254
2068 2259
2068 2268
2068 2279
2068 2280
2068 2282
2068 2283
2068 2289
2068 2293
2068 2294
2068 2302
2068 2305
2068 2319
2068 2328
2068 2330
2068 2332
2068 2333
2068 2338
2068 2343
2068 2344
2068 2345
2068 2347
2068 2366
2068 2367
2068 2372
2068 2377
2068 2379
2068 2384
2068 2385
2068 2394
2068 2398
2068 2417
2068 2419
2068 2434
2068 2436
2068 2445
2068 2451
2068 2458
2068 2461
2068 2463
2068 2471
2068 2472
2068 2473
2068 2475
2068 2491
2068 2498
2068 2508
2068 2510
2068 2511
2068 2512
2068 2533
2068 2537
2068 2543
2068 2555
2068 2567
2068 2571
2068 2572
2068 2582
2068 2588
2068 2589
2068 2592
2068 2597
2068 2598
2068 2616
2068 2617
2068 2629
2068 2643
2068 2649
2068 2653
2069 1912
2069 1917
2069 1918
2069 1925
2069 1938
2069 1943
2069 1946
2069 1962
2069 1963
2069 1966
2069 1979
2069 1983
2069 1984
2069 1985
2069 1986
2069 1993
2069 2005
2069 2020
2069 2030
2069 2033
2069 2037
2069 2040
2069 2043
2069 2045
2069 2059
2069 2060
2069 2062
2069 2063
2069 2064
2069 2073
2069 2074
2069 2077
2069 2078
2069 2083
2069 2084
2069 2088
2069 2090
2069 2093
2069 2098
2069 2103
2069 2104
2069 2108
2069 2109
2069 2115
2069 2118
2069 2121
2069 2122
2069 2123
2069 2124
2069 2131
2069 2139
2069 2140
2069 2142
2069 2150
2069 2154
2069 2172
2069 2184
2069 2188
2069 2189
2069 2190
2069 2201
2069 2206
2069 2210
2069 2212
2069 2218
2069 2220
2069 2229
2069 2233
2069 2240
2069 2244
2069 2253
2069 2258
2069 2266
2069 2271
2069 2275
2069 2276
2069 2290
2069 2300
2069 2306
2069 2307
2069 2308
2069 2309
2069 2323
2069 2324
2069 2326
2069 2331
2069 2334
2069 2339
2069 2340
2069 2347
2069 2348
2069 2352
2069 2353
2069 2354
2069 2369
2069 2370
2069 2374
2069 2376
2069 2381
2069 2387
2069 2393
2069 2395
2069 2404
2069 2409
2069 2410
2069 2414
2069 2423
2069 2428
2069 2443
2069 2460
2069 2462
2069 2464
2069 2467
2069 2468
2069 2469
2069 2476
2069 2478
2069 2482
2069 2485
2069 2492
2069 2499
2069 2500
2069 2501
2069 2504
2069 2507
2069 2520
2069 2521
2069 2524
2069 2526
2069 2532
2069 2536
2069 2542
2069 2543
2069 2546
2069 2549
2069 2550
2069 2551
2069 2553
2069 2556
2069 2559
2069 2560
2069 2561
2069 2564
2069 2573
2069 2574
2069 2575
2069 2578
2069 2579
2069 2586
2069 2590
2069 2591
2069 2593
2069 2600
2069 2601
2069 2602
2069 2604
2069 2606
2069 2607
2069 2611
2069 2615
2069 2619
2069 2624
2069 2625
2069 2630
2069 2631
2069 2638
2069 2654
2069 2655
2070 1912
2070 1960
2070 2091
2070 2126
2070 2129
2070 2156
2070 2236
2070 2260
2070 2335
2070 2361
2070 2488
2070 2570
2070 2644
2071 136
2071 1577
2071 1718
2071 1912
2071 1920
2071 1926
2071 1932
2071 1940
2071 1941
2071 1945
2071 1948
2071 1955
2071 1959
2071 1981
2071 1994
2071 2007
2071 2010
2071 2028
2071 2032
2071 2039
2071 2047
2071 2052
2071 2053
2071 2054
2071 2068
2071 2072
2071 2081
2071 2087
2071 2102
2071 2111
2071 2117
2071 2125
2071 2127
2071 2133
2071 2134
2071 2135
2071 2137
2071 2138
2071 2143
2071 2144
2071 2148
2071 2149
2071 2151
2071 2153
2071 2174
2071 2176
2071 2180
2071 2183
2071 2187
2071 2189
2071 2191
2071 2194
2071 2196
2071 2199
2071 2223
2071 2224
2071 2241
2071 2246
2071 2247
2071 2250
2071 2254
2071 2264
2071 2267
2071 2268
2071 2273
2071 2279
2071 2282
2071 2283
2071 2285
2071 2289
2071 2292
2071 2293
2071 2302
2071 2315
2071 2319
2071 2328
2071 2330
2071 2332
2071 2333
2071 2336
2071 2338
2071 2344
2071 2347
2071 2351
2071 2372
2071 2377
2071 2384
2071 2398
2071 2420
2071 2427
2071 2429
2071 2436
2071 2451
2071 2458
2071 2461
2071 2463
2071 2465
2071 2471
2071 2472
2071 2491
2071 2498
2071 2510
2071 2511
2071 2512
2071 2516
2071 2533
2071 2543
2071 2547
2071 2555
2071 2567
2071 2588
2071 2589
2071 2592
2071 2597
2071 2598
2071 2599
2071 2609
2071 2623
2071 2629
2071 2642
2071 2643
2071 2649
2071 2653
2072 136
2072 1577
2072 1718
2072 1912
2072 1920
2072 1926
2072 1932
2072 1939
2072 1941
2072 1945
2072 1947
2072 1948
2072 1954
2072 1955
2072 1959
2072 1970
2072 1981
2072 2003
2072 2007
2072 2026
2072 2032
2072 2038
2072 2039
2072 2047
2072 2052
2072 2053
2072 2054
2072 2062
2072 2068
2072 2071
2072 2075
2072 2081
2072 2096
2072 2101
2072 2110
2072 2111
2072 2117
2072 2125
2072 2127
2072 2132
2072 2133
2072 2135
2072 2137
2072 2138
2072 2144
2072 2153
2072 2161
2072 2169
2072 2174
2072 2180
2072 2183
2072 2187
2072 2189
2072 2198
2072 2199
2072 2203
2072 2222
2072 2223
2072 2224
2072 2232
2072 2235
2072 2241
2072 2243
2072 2247
2072 2254
2072 2268
2072 2274
2072 2279
2072 2280
2072 2282
2072 2283
2072 2289
2072 2292
2072 2294
2072 2304
2072 2315
2072 2319
2072 2327
2072 2328
2072 2333
2072 2336
2072 2338
2072 2344
2072 2347
2072 2377
2072 2384
2072 2390
2072 2394
2072 2396
2072 2398
2072 2399
2072 2415
2072 2417
2072 2420
2072 2434
2072 2436
2072 2438
2072 2445
2072 2451
2072 2458
2072 2461
2072 2463
2072 2468
2072 2471
2072 2479
2072 2491
2072 2501
2072 2508
2072 2509
2072 2510
2072 2511
2072 2516
2072 2518
2072 2533
2072 2537
2072 2555
2072 2568
2072 2589
2072 2592
2072 2594
2072 2597
2072 2598
2072 2603
2072 2608
2072 2617
2072 2629
2072 2649
2072 2652
2072 2653
2073 1912
2073 1917
2073 1918
2073 1925
2073 1929
2073 1938
2073 1943
2073 1946
2073 1953
2073 1962
2073 1963
2073 1966
2073 1971
2073 1979
2073 1983
2073 1984
2073 1985
2073 1993
2073 1997
2073 2005
2073 2020
2073 2030
2073 2033
2073 2037
2073 2040
2073 2043
2073 2045
2073 2046
2073 2058
2073 2059
2073 2060
2073 2063
2073 2064
2073 2069
2073 2074
2073 2077
2073 2078
2073 2083
2073 2084
2073 2086
2073 2088
2073 2090
2073 2093
2073 2095
2073 2098
2073 2103
2073 2104
2073 2108
2073 2109
2073 2112
2073 2118
2073 2121
2073 2122
2073 2123
2073 2124
2073 2131
2073 2139
2073 2140
2073 2142
2073 2150
2073 2154
2073 2165
2073 2172
2073 2179
2073 2184
2073 2188
2073 2190
2073 2200
2073 2201
2073 2206
2073 2210
2073 2212
2073 2213
2073 2216
2073 2218
2073 2220
2073 2229
2073 2233
2073 2237
2073 2240
2073 2244
2073 2253
2073 2257
2073 2261
2073 2266
2073 2271
2073 2275
2073 2276
2073 2278
2073 2290
2073 2299
2073 2300
2073 2306
2073 2307
2073 2308
2073 2309
2073 2323
2073 2324
2073 2326
2073 2329
2073 2331
2073 2334
2073 2339
2073 2340
2073 2347
2073 2348
2073 2352
2073 2353
2073 2354
2073 2356
2073 2359
2073 2363
2073 2369
2073 2370
2073 2374
2073 2376
2073 2381
2073 2386
2073 2391
2073 2392
2073 2395
2073 2404
2073 2408
2073 2409
2073 2410
2073 2414
2073 2423
2073 2428
2073 2429
2073 2430
2073 2433
2073 2446
2073 2460
2073 2462
2073 2464
2073 2467
2073 2468
2073 2469
2073 2478
2073 2482
2073 2484
2073 2485
2073 2489
2073 2492
2073 2495
2073 2499
2073 2500
2073 2504
2073 2506
2073 2507
2073 2520
2073 2521
2073 2524
2073 2526
2073 2532
2073 2542
2073 2543
2073 2546
2073 2549
2073 2550
2073 2551
2073 2552
2073 2553
2073 2554
2073 2556
2073 2559
2073 2560
2073 2561
2073 2563
2073 2564
2073 2573
2073 2575
2073 2578
2073 2579
2073 2586
2073 2590
2073 2591
2073 2593
2073 2600
2073 2601
2073 2602
2073 2604
2073 2607
2073 2611
2073 2615
2073 2619
2073 2623
2073 2624
2073 2625
2073 2630
2073 2631
2073 2638
2073 2646
2073 2654
2073 2655
2074 1912
2074 1917
2074 1918
2074 1938
2074 1943
2074 1946
2074 1953
2074 1962
2074 1963
2074 1966
2074 1971
2074 1979
2074 1983
2074 1984
2074 1985
2074 1986
2074 1993
2074 1997
2074 2005
2074 2030
2074 2033
2074 2037
2074 2040
2074 2043
2074 2045
2074 2046
2074 2056
2074 2059
2074 2063
2074 2064
2074 2069
2074 2073
2074 2077
2074 2078
2074 2083
2074 2086
2074 2088
2074 2090
2074 2095
2074 2098
2074 2103
2074 2104
2074 2108
2074 2109
2074 2112
2074 2115
2074 2118
2074 2122
2074 2123
2074 2124
2074 2131
2074 2136
2074 2139
2074 2140
2074 2142
2074 2150
2074 2154
2074 2172
2074 2179
2074 2184
2074 2188
2074 2190
2074 2200
2074 2201
2074 2206
2074 2213
2074 2216
2074 2218
2074 2220
2074 2229
2074 2233
2074 2237
2074 2240
2074 2244
2074 2257
2074 2261
2074 2266
2074 2271
2074 2275
2074 2276
2074 2278
2074 2287
2074 2290
2074 2299
2074 2307
2074 2308
2074 2309
2074 2323
2074 2324
2074 2326
2074 2331
2074 2339
2074 2340
2074 2347
2074 2348
2074 2352
2074 2354
2074 2356
2074 2359
2074 2363
2074 2369
2074 2370
2074 2374
2074 2376
2074 2381
2074 2386
2074 2395
2074 2404
2074 2407
2074 2408
2074 2409
2074 2410
2074 2414
2074 2418
2074 2423
2074 2428
2074 2430
2074 2433
2074 2446
2074 2460
2074 2464
2074 2468
2074 2477
2074 2482
2074 2485
2074 2489
2074 2492
2074 2495
2074 2499
2074 2500
2074 2504
2074 2507
2074 2520
2074 2532
2074 2539
2074 2542
2074 2546
2074 2551
2074 2553
2074 2560
2074 2564
2074 2573
2074 2575
2074 2578
2074 2586
2074 2590
2074 2591
2074 2593
2074 2600
2074 2601
2074 2602
2074 2604
2074 2607
2074 2611
2074 2619
2074 2624
2074 2625
2074 2630
2074 2638
2074 2646
2074 2654
2074 2655
2075 1912
2075 1939
2075 1947
2075 1959
2075 1970
2075 1981
2075 2003
2075 2053
2075 2054
2075 2060
2075 2062
2075 2072
2075 2081
2075 2110
2075 2111
2075 2128
2075 2132
2075 2161
2075 2199
2075 2221
2075 2222
2075 2235
2075 2243
2075 2274
2075 2280
2075 2282
2075 2327
2075 2328
2075 2333
2075 2344
2075 2377
2075 2384
2075 2390
2075 2394
2075 2396
2075 2415
2075 2434
2075 2438
2075 2451
2075 2479
2075 2501
2075 2509
2075 2511
2075 2537
2075 2572
2075 2603
2075 2617
2075 2652
2076 1912
2076 1988
2076 2170
2076 2207
2076 2255
2076 2320
2076 2349
2076 2401
2076 2425
2076 2426
2076 2444
2076 2466
2076 2486
2076 2513
2076 2515
2076 2622
2076 2650
2077 1912
2077 1917
2077 1929
2077 1938
2077 1943
2077 1946
2077 1953
2077 1963
2077 1983
2077 1985
2077 1986
2077 1989
2077 1993
2077 2005
2077 2030
2077 2033
2077 2037
2077 2043
2077 2045
2077 2055
2077 2059
2077 2060
2077 2064
2077 2069
2077 2073
2077 2074
2077 2078
2077 2090
2077 2093
2077 2095
2077 2103
2077 2104
2077 2108
2077 2118
2077 2121
2077 2122
2077 2123
2077 2124
2077 2131
2077 2136
2077 2139
2077 2142
2077 2150
2077 2184
2077 2190
2077 2200
2077 2201
2077 2206
2077 2216
2077 2218
2077 2220
2077 2229
2077 2233
2077 2240
2077 2244
2077 2253
2077 2261
2077 2266
2077 2275
2077 2278
2077 2290
2077 2299
2077 2307
2077 2308
2077 2309
2077 2323
2077 2324
2077 2329
2077 2331
2077 2334
2077 2340
2077 2347
2077 2348
2077 2352
2077 2354
2077 2356
2077 2359
2077 2369
2077 2370
2077 2374
2077 2376
2077 2381
2077 2395
2077 2408
2077 2410
2077 2414
2077 2418
2077 2428
2077 2446
2077 2460
2077 2464
2077 2482
2077 2484
2077 2492
2077 2495
2077 2500
2077 2504
2077 2507
2077 2520
2077 2521
2077 2526
2077 2546
2077 2549
2077 2550
2077 2551
2077 2553
2077 2560
2077 2561
2077 2564
2077 2575
2077 2578
2077 2586
2077 2590
2077 2593
2077 2600
2077 2601
2077 2602
2077 2604
2077 2606
2077 2607
2077 2611
2077 2619
2077 2623
2077 2624
2077 2625
2077 2638
2078 1912
2078 1917
2078 1918
2078 1925
2078 1929
2078 1938
2078 1941
2078 1942
2078 1943
2078 1946
2078 1953
2078 1962
2078 1966
2078 1971
2078 1979
2078 1983
2078 1984
2078 1985
2078 1986
2078 1989
2078 1993
2078 1997
2078 2005
2078 2020
2078 2030
2078 2033
2078 2037
2078 2040
2078 2043
2078 2045
2078 2046
2078 2055
2078 2056
2078 2058
2078 2059
2078 2060
2078 2063
2078 2064
2078 2069
2078 2073
2078 2074
2078 2077
2078 2083
2078 2084
2078 2086
2078 2088
2078 2090
2078 2093
2078 2095
2078 2098
2078 2103
2078 2104
2078 2108
2078 2109
2078 2115
2078 2118
2078 2121
2078 2122
2078 2123
2078 2124
2078 2131
2078 2136
2078 2137
2078 2139
2078 2140
2078 2142
2078 2147
2078 2150
2078 2154
2078 2164
2078 2165
2078 2172
2078 2179
2078 2184
2078 2188
2078 2190
2078 2200
2078 2201
2078 2206
2078 2210
2078 2212
2078 2213
2078 2216
2078 2218
2078 2220
2078 2229
2078 2233
2078 2237
2078 2240
2078 2244
2078 2253
2078 2257
2078 2261
2078 2266
2078 2271
2078 2275
2078 2276
2078 2278
2078 2290
2078 2299
2078 2300
2078 2306
2078 2307
2078 2308
2078 2309
2078 2323
2078 2324
2078 2326
2078 2329
2078 2331
2078 2334
2078 2339
2078 2340
2078 2347
2078 2348
2078 2352
2078 2354
2078 2356
2078 2359
2078 2363
2078 2369
2078 2370
2078 2374
2078 2376
2078 2381
2078 2386
2078 2391
2078 2395
2078 2404
2078 2407
2078 2408
2078 2409
2078 2410
2078 2414
2078 2423
2078 2428
2078 2430
2078 2433
2078 2460
2078 2462
2078 2464
2078 2467
2078 2468
2078 2469
2078 2478
2078 2482
2078 2484
2078 2485
2078 2489
2078 2492
2078 2495
2078 2499
2078 2500
2078 2504
2078 2506
2078 2507
2078 2520
2078 2521
2078 2526
2078 2532
2078 2536
2078 2539
2078 2542
2078 2543
2078 2546
2078 2549
2078 2550
2078 2551
2078 2552
2078 2553
2078 2554
2078 2556
2078 2559
2078 2560
2078 2561
2078 2563
2078 2564
2078 2573
2078 2574
2078 2575
2078 2578
2078 2579
2078 2586
2078 2590
2078 2591
2078 2593
2078 2600
2078 2601
2078 2602
2078 2604
2078 2606
2078 2607
2078 2611
2078 2615
2078 2619
2078 2623
2078 2624
2078 2625
2078 2630
2078 2631
2078 2638
2078 2646
2078 2654
2078 2655
2079 1912
2080 1912
2080 2047
2080 2145
2080 2193
2080 2236
2080 2277
2080 2313
2080 2614
2080 2656
2081 136
2081 1465
2081 1577
2081 1718
2081 1912
2081 1916
2081 1920
2081 1926
2081 1932
2081 1939
2081 1940
2081 1941
2081 1945
2081 1947
2081 1948
2081 1955
2081 1959
2081 1964
2081 1970
2081 1981
2081 1985
2081 1994
2081 2002
2081 2003
2081 2007
2081 2010
2081 2026
2081 2028
2081 2029
2081 2032
2081 2039
2081 2042
2081 2047
2081 2052
2081 2053
2081 2054
2081 2057
2081 2062
2081 2065
2081 2068
2081 2071
2081 2072
2081 2075
2081 2087
2081 2101
2081 2102
2081 2110
2081 2111
2081 2117
2081 2125
2081 2127
2081 2128
2081 2132
2081 2133
2081 2134
2081 2135
2081 2137
2081 2138
2081 2144
2081 2148
2081 2149
2081 2153
2081 2161
2081 2174
2081 2176
2081 2177
2081 2180
2081 2183
2081 2187
2081 2189
2081 2191
2081 2194
2081 2196
2081 2199
2081 2215
2081 2223
2081 2224
2081 2235
2081 2241
2081 2243
2081 2246
2081 2247
2081 2250
2081 2252
2081 2254
2081 2267
2081 2273
2081 2274
2081 2279
2081 2280
2081 2282
2081 2283
2081 2289
2081 2292
2081 2293
2081 2294
2081 2302
2081 2304
2081 2315
2081 2319
2081 2324
2081 2327
2081 2328
2081 2332
2081 2333
2081 2336
2081 2338
2081 2343
2081 2344
2081 2347
2081 2351
2081 2367
2081 2368
2081 2372
2081 2377
2081 2384
2081 2385
2081 2390
2081 2394
2081 2396
2081 2398
2081 2399
2081 2415
2081 2419
2081 2420
2081 2432
2081 2434
2081 2436
2081 2438
2081 2445
2081 2451
2081 2458
2081 2461
2081 2462
2081 2463
2081 2465
2081 2468
2081 2471
2081 2472
2081 2475
2081 2479
2081 2491
2081 2496
2081 2501
2081 2508
2081 2509
2081 2510
2081 2511
2081 2530
2081 2533
2081 2537
2081 2543
2081 2547
2081 2555
2081 2567
2081 2582
2081 2588
2081 2589
2081 2592
2081 2594
2081 2597
2081 2598
2081 2603
2081 2608
2081 2609
2081 2617
2081 2629
2081 2642
2081 2643
2081 2649
2081 2652
2081 2653
2082 1912
2082 1926
2082 2035
2082 2049
2082 2089
2082 2120
2082 2152
2082 2228
2082 2371
2082 2397
2082 2402
2082 2412
2082 2440
2082 2448
2082 2488
2082 2540
2082 2570
2082 2644
2083 1912
2083 1917
2083 1918
2083 1925
2083 1929
2083 1938
2083 1943
2083 1946
2083 1962
2083 1966
2083 1983
2083 1984
2083 1985
2083 1986
2083 1989
2083 2005
2083 2020
2083 2030
2083 2033
2083 2037
2083 2045
2083 2046
2083 2055
2083 2059
2083 2060
2083 2064
2083 2069
2083 2073
2083 2074
2083 2078
2083 2084
2083 2088
2083 2090
2083 2093
2083 2095
2083 2103
2083 2104
2083 2108
2083 2112
2083 2115
2083 2118
2083 2122
2083 2123
2083 2124
2083 2131
2083 2142
2083 2147
2083 2150
2083 2164
2083 2165
2083 2172
2083 2184
2083 2188
2083 2190
2083 2200
2083 2201
2083 2206
2083 2212
2083 2218
2083 2220
2083 2229
2083 2233
2083 2240
2083 2244
2083 2257
2083 2261
2083 2266
2083 2271
2083 2275
2083 2276
2083 2278
2083 2290
2083 2299
2083 2300
2083 2307
2083 2323
2083 2324
2083 2331
2083 2340
2083 2347
2083 2348
2083 2352
2083 2353
2083 2354
2083 2356
2083 2359
2083 2363
2083 2370
2083 2374
2083 2381
2083 2386
2083 2395
2083 2404
2083 2408
2083 2409
2083 2410
2083 2414
2083 2418
2083 2428
2083 2433
2083 2446
2083 2464
2083 2467
2083 2469
2083 2477
2083 2478
2083 2492
2083 2495
2083 2500
2083 2504
2083 2506
2083 2507
2083 2520
2083 2539
2083 2542
2083 2543
2083 2549
2083 2550
2083 2551
2083 2553
2083 2556
2083 2559
2083 2560
2083 2561
2083 2564
2083 2573
2083 2574
2083 2575
2083 2579
2083 2586
2083 2590
2083 2593
2083 2600
2083 2601
2083 2602
2083 2604
2083 2607
2083 2611
2083 2613
2083 2615
2083 2619
2083 2624
2083 2630
2083 2631
2083 2638
2083 2654
2083 2655
2084 1912
2084 1917
2084 1918
2084 1925
2084 1938
2084 1942
2084 1943
2084 1946
2084 1952
2084 1962
2084 1966
2084 1979
2084 1983
2084 1985
2084 1986
2084 1989
2084 1993
2084 1997
2084 2020
2084 2030
2084 2037
2084 2044
2084 2045
2084 2046
2084 2056
2084 2059
2084 2060
2084 2067
2084 2069
2084 2073
2084 2078
2084 2083
2084 2088
2084 2090
2084 2098
2084 2103
2084 2104
2084 2108
2084 2109
2084 2112
2084 2118
2084 2123
2084 2131
2084 2139
2084 2140
2084 2142
2084 2164
2084 2165
2084 2172
2084 2184
2084 2188
2084 2201
2084 2206
2084 2216
2084 2218
2084 2220
2084 2229
2084 2233
2084 2240
2084 2261
2084 2266
2084 2271
2084 2275
2084 2276
2084 2288
2084 2290
2084 2299
2084 2300
2084 2309
2084 2323
2084 2324
2084 2326
2084 2331
2084 2347
2084 2348
2084 2352
2084 2353
2084 2354
2084 2356
2084 2369
2084 2374
2084 2376
2084 2381
2084 2387
2084 2391
2084 2393
2084 2395
2084 2404
2084 2407
2084 2409
2084 2410
2084 2423
2084 2427
2084 2429
2084 2433
2084 2449
2084 2454
2084 2460
2084 2467
2084 2468
2084 2469
2084 2482
2084 2484
2084 2495
2084 2499
2084 2500
2084 2504
2084 2506
2084 2507
2084 2512
2084 2520
2084 2526
2084 2532
2084 2546
2084 2550
2084 2551
2084 2552
2084 2553
2084 2554
2084 2556
2084 2559
2084 2560
2084 2561
2084 2573
2084 2575
2084 2578
2084 2579
2084 2586
2084 2590
2084 2600
2084 2601
2084 2602
2084 2606
2084 2607
2084 2611
2084 2615
2084 2619
2084 2624
2084 2625
2084 2631
2084 2638
2085 1912
2085 1926
2085 1964
2085 1982
2085 2047
2085 2048
2085 2091
2085 2107
2085 2145
2085 2152
2085 2186
2085 2197
2085 2211
2085 2226
2085 2232
2085 2235
2085 2265
2085 2296
2085 2322
2085 2341
2085 2366
2085 2367
2085 2379
2085 2406
2085 2473
2085 2523
2085 2566
2085 2581
2085 2610
2085 2612
2086 1912
2086 1917
2086 1929
2086 1946
2086 1953
2086 1962
2086 1971
2086 1979
2086 1983
2086 1984
2086 1985
2086 1986
2086 1993
2086 1997
2086 2005
2086 2007
2086 2033
2086 2037
2086 2043
2086 2045
2086 2056
2086 2058
2086 2059
2086 2063
2086 2064
2086 2073
2086 2074
2086 2078
2086 2088
2086 2090
2086 2093
2086 2103
2086 2104
2086 2112
2086 2118
2086 2123
2086 2131
2086 2139
2086 2140
2086 2142
2086 2154
2086 2172
2086 2179
2086 2184
2086 2188
2086 2190
2086 2200
2086 2201
2086 2206
2086 2212
2086 2216
2086 2218
2086 2220
2086 2229
2086 2233
2086 2240
2086 2244
2086 2253
2086 2257
2086 2261
2086 2266
2086 2275
2086 2290
2086 2300
2086 2308
2086 2309
2086 2323
2086 2324
2086 2326
2086 2331
2086 2334
2086 2339
2086 2340
2086 2347
2086 2348
2086 2354
2086 2356
2086 2359
2086 2363
2086 2369
2086 2370
2086 2376
2086 2381
2086 2395
2086 2404
2086 2407
2086 2408
2086 2409
2086 2410
2086 2414
2086 2418
2086 2428
2086 2429
2086 2430
2086 2446
2086 2464
2086 2467
2086 2468
2086 2469
2086 2478
2086 2482
2086 2485
2086 2489
2086 2492
2086 2495
2086 2500
2086 2504
2086 2507
2086 2526
2086 2539
2086 2542
2086 2543
2086 2546
2086 2551
2086 2553
2086 2559
2086 2560
2086 2564
2086 2575
2086 2578
2086 2590
2086 2593
2086 2600
2086 2601
2086 2602
2086 2604
2086 2607
2086 2611
2086 2615
2086 2623
2086 2625
2086 2630
2086 2638
2086 2646
2086 2654
2086 2655
2087 1465
2087 1577
2087 1718
2087 1912
2087 1916
2087 1920
2087 1926
2087 1932
2087 1940
2087 1941
2087 1945
2087 1947
2087 1948
2087 1954
2087 1955
2087 1959
2087 1969
2087 1970
2087 1985
2087 1987
2087 1994
2087 2002
2087 2007
2087 2010
2087 2026
2087 2028
2087 2032
2087 2038
2087 2039
2087 2042
2087 2047
2087 2052
2087 2053
2087 2054
2087 2057
2087 2065
2087 2068
2087 2071
2087 2081
2087 2102
2087 2111
2087 2117
2087 2125
2087 2127
2087 2128
2087 2133
2087 2134
2087 2135
2087 2138
2087 2143
2087 2144
2087 2148
2087 2149
2087 2151
2087 2153
2087 2163
2087 2169
2087 2174
2087 2176
2087 2180
2087 2183
2087 2187
2087 2189
2087 2191
2087 2194
2087 2196
2087 2198
2087 2199
2087 2203
2087 2208
2087 2215
2087 2223
2087 2224
2087 2241
2087 2246
2087 2247
2087 2249
2087 2250
2087 2254
2087 2259
2087 2264
2087 2267
2087 2268
2087 2273
2087 2279
2087 2282
2087 2283
2087 2289
2087 2292
2087 2293
2087 2294
2087 2302
2087 2305
2087 2315
2087 2319
2087 2325
2087 2327
2087 2328
2087 2332
2087 2333
2087 2336
2087 2338
2087 2343
2087 2344
2087 2347
2087 2351
2087 2368
2087 2372
2087 2377
2087 2384
2087 2385
2087 2398
2087 2420
2087 2434
2087 2436
2087 2445
2087 2451
2087 2461
2087 2463
2087 2465
2087 2471
2087 2472
2087 2475
2087 2491
2087 2498
2087 2508
2087 2509
2087 2510
2087 2511
2087 2512
2087 2516
2087 2522
2087 2530
2087 2533
2087 2537
2087 2543
2087 2547
2087 2555
2087 2567
2087 2572
2087 2582
2087 2588
2087 2589
2087 2592
2087 2594
2087 2597
2087 2598
2087 2608
2087 2609
2087 2616
2087 2617
2087 2629
2087 2642
2087 2643
2087 2649
2087 2653
2088 1912
2088 1917
2088 1918
2088 1925
2088 1929
2088 1938
2088 1941
2088 1942
2088 1943
2088 1946
2088 1953
2088 1962
2088 1963
2088 1966
2088 1971
2088 1979
2088 1983
2088 1984
2088 1985
2088 1986
2088 1989
2088 1993
2088 1997
2088 2005
2088 2020
2088 2030
2088 2033
2088 2037
2088 2040
2088 2043
2088 2045
2088 2046
2088 2058
2088 2059
2088 2060
2088 2063
2088 2064
2088 2069
2088 2073
2088 2074
2088 2078
2088 2083
2088 2084
2088 2086
2088 2090
2088 2093
2088 2095
2088 2098
2088 2103
2088 2104
2088 2108
2088 2109
2088 2112
2088 2115
2088 2118
2088 2121
2088 2122
2088 2123
2088 2124
2088 2131
2088 2136
2088 2139
2088 2140
2088 2142
2088 2150
2088 2154
2088 2164
2088 2165
2088 2172
2088 2184
2088 2188
2088 2190
2088 2200
2088 2201
2088 2206
2088 2212
2088 2213
2088 2216
2088 2218
2088 2220
2088 2229
2088 2233
2088 2237
2088 2240
2088 2244
2088 2253
2088 2257
2088 2261
2088 2266
2088 2271
2088 2275
2088 2276
2088 2278
2088 2287
2088 2290
2088 2299
2088 2300
2088 2306
2088 2307
2088 2308
2088 2309
2088 2323
2088 2324
2088 2326
2088 2329
2088 2331
2088 2334
2088 2339
2088 2340
2088 2347
2088 2348
2088 2352
2088 2353
2088 2354
2088 2356
2088 2359
2088 2363
2088 2370
2088 2374
2088 2376
2088 2381
2088 2386
2088 2391
2088 2395
2088 2404
2088 2408
2088 2409
2088 2410
2088 2414
2088 2418
2088 2423
2088 2428
2088 2429
2088 2430
2088 2433
2088 2443
2088 2446
2088 2460
2088 2464
2088 2467
2088 2468
2088 2469
2088 2482
2088 2484
2088 2485
2088 2492
2088 2495
2088 2500
2088 2504
2088 2506
2088 2507
2088 2520
2088 2521
2088 2526
2088 2532
2088 2536
2088 2539
2088 2542
2088 2543
2088 2546
2088 2549
2088 2550
2088 2551
2088 2552
2088 2553
2088 2554
2088 2556
2088 2559
2088 2560
2088 2561
2088 2563
2088 2564
2088 2573
2088 2574
2088 2575
2088 2576
2088 2578
2088 2586
2088 2590
2088 2591
2088 2593
2088 2600
2088 2601
2088 2602
2088 2604
2088 2606
2088 2607
2088 2611
2088 2615
2088 2619
2088 2624
2088 2625
2088 2630
2088 2631
2088 2638
2088 2646
2088 2654
2088 2655
2089 1912
2089 1960
2089 2023
2089 2035
2089 2049
2089 2082
2089 2107
2089 2126
2089 2228
2089 2231
2089 2236
2089 2313
2089 2361
2089 2371
2089 2397
2089 2402
2089 2440
2089 2448
2089 2488
2089 2570
2089 2614
2089 2618
2089 2628
2090 1912
2090 1917
2090 1918
2090 1929
2090 1938
2090 1941
2090 1943
2090 1946
2090 1953
2090 1962
2090 1966
2090 1971
2090 1979
2090 1983
2090 1984
2090 1985
2090 1986
2090 1993
2090 1997
2090 2005
2090 2020
2090 2030
2090 2033
2090 2037
2090 2040
2090 2043
2090 2045
2090 2046
2090 2056
2090 2059
2090 2063
2090 2064
2090 2069
2090 2073
2090 2074
2090 2077
2090 2078
2090 2083
2090 2084
2090 2086
2090 2088
2090 2093
2090 2095
2090 2103
2090 2104
2090 2108
2090 2112
2090 2115
2090 2118
2090 2121
2090 2122
2090 2123
2090 2124
2090 2131
2090 2139
2090 2140
2090 2142
2090 2150
2090 2154
2090 2165
2090 2172
2090 2179
2090 2184
2090 2188
2090 2190
2090 2200
2090 2201
2090 2206
2090 2212
2090 2213
2090 2216
2090 2218
2090 2220
2090 2229
2090 2233
2090 2237
2090 2240
2090 2244
2090 2253
2090 2257
2090 2261
2090 2266
2090 2271
2090 2275
2090 2276
2090 2278
2090 2287
2090 2290
2090 2299
2090 2300
2090 2306
2090 2307
2090 2308
2090 2309
2090 2323
2090 2324
2090 2326
2090 2329
2090 2331
2090 2334
2090 2339
2090 2340
2090 2347
2090 2348
2090 2352
2090 2354
2090 2356
2090 2359
2090 2363
2090 2369
2090 2370
2090 2374
2090 2376
2090 2381
2090 2386
2090 2391
2090 2395
2090 2404
2090 2408
2090 2409
2090 2410
2090 2414
2090 2418
2090 2423
2090 2428
2090 2430
2090 2433
2090 2446
2090 2460
2090 2462
2090 2464
2090 2467
2090 2468
2090 2469
2090 2477
2090 2478
2090 2482
2090 2484
2090 2492
2090 2495
2090 2499
2090 2500
2090 2504
2090 2506
2090 2507
2090 2520
2090 2521
2090 2526
2090 2532
2090 2539
2090 2542
2090 2543
2090 2546
2090 2549
2090 2550
2090 2551
2090 2552
2090 2553
2090 2556
2090 2559
2090 2560
2090 2561
2090 2564
2090 2573
2090 2575
2090 2576
2090 2578
2090 2579
2090 2586
2090 2590
2090 2591
2090 2593
2090 2600
2090 2601
2090 2602
2090 2604
2090 2607
2090 2611
2090 2615
2090 2619
2090 2623
2090 2624
2090 2625
2090 2630
2090 2631
2090 2638
2090 2646
2090 2654
2090 2655
2091 1912
2091 1934
2091 1960
2091 1964
2091 2023
2091 2035
2091 2070
2091 2085
2091 2099
2091 2105
2091 2126
2091 2129
2091 2130
2091 2146
2091 2156
2091 2160
2091 2162
2091 2173
2091 2197
2091 2231
2091 2236
2091 2260
2091 2313
2091 2317
2091 2341
2091 2342
2091 2361
2091 2371
2091 2411
2091 2440
2091 2448
2091 2488
2091 2540
2091 2659
2092 1912
2092 1942
2092 1943
2092 1982
2092 1983
2092 2007
2092 2019
2092 2037
2092 2056
2092 2058
2092 2067
2092 2140
2092 2147
2092 2172
2092 2189
2092 2200
2092 2206
2092 2234
2092 2262
2092 2271
2092 2288
2092 2300
2092 2303
2092 2331
2092 2350
2092 2383
2092 2387
2092 2391
2092 2393
2092 2409
2092 2423
2092 2428
2092 2429
2092 2449
2092 2478
2092 2492
2092 2507
2092 2526
2092 2576
2092 2584
2092 2590
2092 2602
2092 2607
2093 1912
2093 1917
2093 1918
2093 1929
2093 1938
2093 1941
2093 1943
2093 1946
2093 1953
2093 1962
2093 1963
2093 1966
2093 1971
2093 1979
2093 1983
2093 1984
2093 1985
2093 1986
2093 1993
2093 1997
2093 2005
2093 2020
2093 2030
2093 2033
2093 2040
2093 2043
2093 2045
2093 2046
2093 2058
2093 2059
2093 2060
2093 2063
2093 2064
2093 2069
2093 2073
2093 2077
2093 2078
2093 2083
2093 2086
2093 2088
2093 2090
2093 2095
2093 2103
2093 2104
2093 2108
2093 2112
2093 2115
2093 2118
2093 2121
2093 2122
2093 2123
2093 2131
2093 2139
2093 2142
2093 2150
2093 2154
2093 2164
2093 2172
2093 2184
2093 2188
2093 2190
2093 2200
2093 2201
2093 2206
2093 2216
2093 2218
2093 2220
2093 2229
2093 2233
2093 2240
2093 2244
2093 2253
2093 2257
2093 2261
2093 2266
2093 2271
2093 2275
2093 2276
2093 2278
2093 2287
2093 2290
2093 2299
2093 2300
2093 2306
2093 2307
2093 2308
2093 2309
2093 2323
2093 2324
2093 2326
2093 2329
2093 2331
2093 2339
2093 2340
2093 2347
2093 2348
2093 2352
2093 2353
2093 2354
2093 2356
2093 2359
2093 2363
2093 2369
2093 2370
2093 2374
2093 2376
2093 2381
2093 2383
2093 2386
2093 2391
2093 2395
2093 2401
2093 2404
2093 2409
2093 2410
2093 2414
2093 2418
2093 2423
2093 2428
2093 2429
2093 2430
2093 2433
2093 2446
2093 2460
2093 2464
2093 2467
2093 2482
2093 2484
2093 2485
2093 2489
2093 2492
2093 2495
2093 2500
2093 2504
2093 2507
2093 2520
2093 2521
2093 2526
2093 2539
2093 2542
2093 2543
2093 2546
2093 2549
2093 2550
2093 2552
2093 2553
2093 2554
2093 2556
2093 2559
2093 2560
2093 2561
2093 2563
2093 2564
2093 2575
2093 2578
2093 2579
2093 2586
2093 2590
2093 2593
2093 2600
2093 2601
2093 2602
2093 2604
2093 2606
2093 2607
2093 2611
2093 2615
2093 2619
2093 2623
2093 2624
2093 2625
2093 2630
2093 2631
2093 2638
2093 2646
2093 2654
2093 2655
2094 1912
2094 2167
2094 2245
2094 2281
2094 2301
2094 2487
2094 2535
2095 1912
2095 1917
2095 1918
2095 1925
2095 1929
2095 1938
2095 1941
2095 1943
2095 1946
2095 1953
2095 1962
2095 1966
2095 1971
2095 1979
2095 1983
2095 1984
2095 1985
2095 1986
2095 1993
2095 1997
2095 2005
2095 2030
2095 2033
2095 2037
2095 2043
2095 2045
2095 2046
2095 2056
2095 2059
2095 2060
2095 2064
2095 2073
2095 2074
2095 2077
2095 2078
2095 2083
2095 2088
2095 2090
2095 2093
2095 2103
2095 2104
2095 2112
2095 2115
2095 2118
2095 2121
2095 2131
2095 2139
2095 2140
2095 2142
2095 2150
2095 2154
2095 2165
2095 2172
2095 2188
2095 2190
2095 2200
2095 2206
2095 2210
2095 2212
2095 2213
2095 2218
2095 2220
2095 2233
2095 2237
2095 2244
2095 2253
2095 2257
2095 2258
2095 2261
2095 2266
2095 2271
2095 2275
2095 2276
2095 2290
2095 2299
2095 2308
2095 2309
2095 2311
2095 2323
2095 2324
2095 2326
2095 2331
2095 2334
2095 2339
2095 2340
2095 2347
2095 2352
2095 2354
2095 2356
2095 2359
2095 2363
2095 2369
2095 2370
2095 2376
2095 2381
2095 2386
2095 2395
2095 2404
2095 2407
2095 2410
2095 2414
2095 2423
2095 2428
2095 2430
2095 2433
2095 2446
2095 2462
2095 2464
2095 2467
2095 2468
2095 2477
2095 2484
2095 2485
2095 2492
2095 2495
2095 2499
2095 2500
2095 2504
2095 2507
2095 2520
2095 2526
2095 2539
2095 2542
2095 2543
2095 2546
2095 2549
2095 2551
2095 2552
2095 2553
2095 2554
2095 2559
2095 2560
2095 2563
2095 2564
2095 2578
2095 2586
2095 2590
2095 2591
2095 2593
2095 2600
2095 2601
2095 2602
2095 2604
2095 2607
2095 2611
2095 2615
2095 2616
2095 2619
2095 2624
2095 2625
2095 2630
2095 2646
2095 2654
2095 2655
2096 1912
2096 1939
2096 2032
2096 2054
2096 2062
2096 2072
2096 2132
2096 2222
2096 2243
2096 2328
2096 2333
2096 2390
2096 2432
2096 2434
2096 2438
2096 2480
2096 2501
2096 2509
2096 2518
2096 2568
2096 2603
2097 1912
2097 1914
2097 1919
2097 1927
2097 1935
2097 1951
2097 1957
2097 1958
2097 1972
2097 1973
2097 1980
2097 1991
2097 1998
2097 2000
2097 2006
2097 2011
2097 2022
2097 2024
2097 2025
2097 2061
2097 2171
2097 2192
2097 2225
2097 2284
2097 2364
2097 2447
2097 2538
2097 2585
2097 2620
2097 2626
2097 2640
2097 2645
2097 2647
2097 2648
2097 2657
2097 2658
2097 2659
2097 2660
2098 1912
2098 1917
2098 1918
2098 1925
2098 1938
2098 1943
2098 1946
2098 1962
2098 1963
2098 1971
2098 1979
2098 1984
2098 1993
2098 2005
2098 2020
2098 2030
2098 2033
2098 2037
2098 2040
2098 2043
2098 2045
2098 2046
2098 2056
2098 2059
2098 2063
2098 2069
2098 2073
2098 2074
2098 2078
2098 2084
2098 2088
2098 2104
2098 2109
2098 2115
2098 2118
2098 2122
2098 2123
2098 2131
2098 2140
2098 2142
2098 2150
2098 2164
2098 2172
2098 2184
2098 2188
2098 2190
2098 2201
2098 2206
2098 2210
2098 2213
2098 2218
2098 2220
2098 2229
2098 2233
2098 2244
2098 2257
2098 2266
2098 2271
2098 2278
2098 2290
2098 2299
2098 2300
2098 2308
2098 2323
2098 2324
2098 2331
2098 2339
2098 2340
2098 2347
2098 2348
2098 2352
2098 2359
2098 2369
2098 2376
2098 2395
2098 2404
2098 2410
2098 2423
2098 2428
2098 2460
2098 2462
2098 2464
2098 2468
2098 2492
2098 2499
2098 2500
2098 2506
2098 2507
2098 2520
2098 2542
2098 2543
2098 2549
2098 2550
2098 2551
2098 2553
2098 2556
2098 2560
2098 2561
2098 2573
2098 2574
2098 2575
2098 2578
2098 2579
2098 2586
2098 2590
2098 2591
2098 2600
2098 2601
2098 2602
2098 2604
2098 2611
2098 2615
2098 2624
2098 2625
2098 2630
2098 2631
2098 2638
2099 1912
2099 1941
2099 1976
2099 2052
2099 2091
2099 2126
2099 2197
2099 2199
2099 2230
2099 2247
2099 2283
2099 2313
2099 2358
2099 2461
2099 2510
2099 2555
