2100 1912
2100 2113
2100 2217
2100 2313
2100 2450
2100 2558
2101 1577
2101 1912
2101 1926
2101 1939
2101 1941
2101 1945
2101 1947
2101 1959
2101 1981
2101 2003
2101 2053
2101 2054
2101 2062
2101 2068
2101 2072
2101 2081
2101 2110
2101 2111
2101 2117
2101 2132
2101 2134
2101 2161
2101 2183
2101 2199
2101 2221
2101 2222
2101 2223
2101 2235
2101 2243
2101 2264
2101 2274
2101 2279
2101 2280
2101 2282
2101 2283
2101 2294
2101 2327
2101 2328
2101 2333
2101 2338
2101 2344
2101 2345
2101 2367
2101 2379
2101 2384
2101 2390
2101 2394
2101 2396
2101 2415
2101 2434
2101 2436
2101 2438
2101 2451
2101 2458
2101 2461
2101 2479
2101 2501
2101 2509
2101 2510
2101 2511
2101 2516
2101 2522
2101 2537
2101 2568
2101 2571
2101 2594
2101 2598
2101 2603
2101 2608
2101 2617
2101 2652
2102 136
2102 1465
2102 1577
2102 1718
2102 1912
2102 1916
2102 1920
2102 1926
2102 1940
2102 1941
2102 1945
2102 1947
2102 1948
2102 1954
2102 1959
2102 1994
2102 2007
2102 2010
2102 2026
2102 2028
2102 2032
2102 2038
2102 2039
2102 2042
2102 2047
2102 2052
2102 2054
2102 2057
2102 2068
2102 2071
2102 2081
2102 2087
2102 2111
2102 2116
2102 2117
2102 2125
2102 2127
2102 2132
2102 2133
2102 2134
2102 2138
2102 2143
2102 2148
2102 2149
2102 2151
2102 2153
2102 2169
2102 2174
2102 2176
2102 2180
2102 2183
2102 2187
2102 2189
2102 2194
2102 2196
2102 2198
2102 2199
2102 2203
2102 2215
2102 2223
2102 2224
2102 2239
2102 2241
2102 2246
2102 2250
2102 2254
2102 2259
2102 2264
2102 2267
2102 2268
2102 2273
2102 2279
2102 2280
2102 2282
2102 2283
2102 2285
2102 2289
2102 2292
2102 2294
2102 2302
2102 2305
2102 2325
2102 2327
2102 2328
2102 2332
2102 2336
2102 2338
2102 2343
2102 2344
2102 2347
2102 2351
2102 2368
2102 2372
2102 2384
2102 2385
2102 2400
2102 2413
2102 2417
2102 2419
2102 2436
2102 2451
2102 2459
2102 2461
2102 2463
2102 2471
2102 2475
2102 2491
2102 2498
2102 2508
2102 2509
2102 2510
2102 2511
2102 2519
2102 2529
2102 2531
2102 2533
2102 2543
2102 2547
2102 2555
2102 2567
2102 2582
2102 2588
2102 2589
2102 2598
2102 2610
2102 2612
2102 2616
2102 2617
2102 2629
2102 2642
2102 2643
2102 2649
2103 1912
2103 1917
2103 1929
2103 1938
2103 1941
2103 1943
2103 1946
2103 1953
2103 1962
2103 1966
2103 1971
2103 1983
2103 1984
2103 1985
2103 1986
2103 1993
2103 1997
2103 2020
2103 2021
2103 2030
2103 2033
2103 2037
2103 2040
2103 2043
2103 2045
2103 2056
2103 2059
2103 2063
2103 2064
2103 2069
2103 2073
2103 2074
2103 2077
2103 2078
2103 2083
2103 2084
2103 2086
2103 2088
2103 2090
2103 2093
2103 2095
2103 2104
2103 2108
2103 2109
2103 2112
2103 2115
2103 2118
2103 2121
2103 2122
2103 2123
2103 2124
2103 2131
2103 2136
2103 2139
2103 2140
2103 2142
2103 2150
2103 2154
2103 2172
2103 2179
2103 2184
2103 2188
2103 2190
2103 2200
2103 2201
2103 2206
2103 2210
2103 2212
2103 2216
2103 2218
2103 2220
2103 2229
2103 2233
2103 2237
2103 2240
2103 2244
2103 2253
2103 2258
2103 2266
2103 2271
2103 2275
2103 2276
2103 2278
2103 2290
2103 2300
2103 2306
2103 2307
2103 2308
2103 2309
2103 2311
2103 2323
2103 2324
2103 2326
2103 2331
2103 2334
2103 2339
2103 2340
2103 2347
2103 2348
2103 2352
2103 2354
2103 2356
2103 2359
2103 2363
2103 2369
2103 2370
2103 2374
2103 2376
2103 2381
2103 2386
2103 2392
2103 2395
2103 2404
2103 2407
2103 2408
2103 2409
2103 2410
2103 2414
2103 2423
2103 2428
2103 2430
2103 2433
2103 2446
2103 2449
2103 2460
2103 2464
2103 2467
2103 2468
2103 2469
2103 2476
2103 2477
2103 2478
2103 2482
2103 2484
2103 2489
2103 2492
2103 2500
2103 2504
2103 2507
2103 2520
2103 2521
2103 2524
2103 2526
2103 2532
2103 2536
2103 2539
2103 2542
2103 2543
2103 2546
2103 2549
2103 2550
2103 2551
2103 2552
2103 2553
2103 2556
2103 2559
2103 2560
2103 2561
2103 2563
2103 2564
2103 2573
2103 2574
2103 2578
2103 2586
2103 2590
2103 2591
2103 2593
2103 2601
2103 2602
2103 2604
2103 2606
2103 2607
2103 2611
2103 2615
2103 2619
2103 2623
2103 2624
2103 2625
2103 2630
2103 2631
2103 2638
2103 2646
2103 2654
2103 2655
2104 1912
2104 1917
2104 1918
2104 1925
2104 1929
2104 1938
2104 1941
2104 1943
2104 1946
2104 1953
2104 1962
2104 1966
2104 1971
2104 1979
2104 1983
2104 1984
2104 1985
2104 1986
2104 1989
2104 1993
2104 2005
2104 2020
2104 2030
2104 2033
2104 2037
2104 2040
2104 2043
2104 2045
2104 2046
2104 2058
2104 2059
2104 2060
2104 2063
2104 2064
2104 2069
2104 2073
2104 2074
2104 2077
2104 2078
2104 2083
2104 2084
2104 2086
2104 2088
2104 2090
2104 2093
2104 2095
2104 2098
2104 2103
2104 2108
2104 2112
2104 2118
2104 2121
2104 2122
2104 2123
2104 2124
2104 2131
2104 2136
2104 2139
2104 2140
2104 2142
2104 2150
2104 2154
2104 2165
2104 2172
2104 2179
2104 2184
2104 2188
2104 2190
2104 2200
2104 2201
2104 2206
2104 2210
2104 2212
2104 2216
2104 2218
2104 2220
2104 2229
2104 2233
2104 2237
2104 2240
2104 2244
2104 2253
2104 2257
2104 2266
2104 2271
2104 2275
2104 2278
2104 2287
2104 2290
2104 2299
2104 2300
2104 2306
2104 2307
2104 2308
2104 2309
2104 2323
2104 2326
2104 2329
2104 2331
2104 2334
2104 2339
2104 2340
2104 2347
2104 2348
2104 2352
2104 2353
2104 2354
2104 2356
2104 2359
2104 2363
2104 2369
2104 2370
2104 2374
2104 2376
2104 2381
2104 2386
2104 2391
2104 2395
2104 2407
2104 2408
2104 2409
2104 2410
2104 2414
2104 2418
2104 2423
2104 2428
2104 2430
2104 2433
2104 2446
2104 2460
2104 2464
2104 2467
2104 2469
2104 2477
2104 2482
2104 2484
2104 2485
2104 2489
2104 2492
2104 2495
2104 2500
2104 2504
2104 2506
2104 2507
2104 2520
2104 2521
2104 2526
2104 2539
2104 2542
2104 2546
2104 2549
2104 2550
2104 2551
2104 2553
2104 2556
2104 2559
2104 2560
2104 2561
2104 2563
2104 2564
2104 2573
2104 2578
2104 2586
2104 2590
2104 2593
2104 2600
2104 2601
2104 2602
2104 2604
2104 2606
2104 2607
2104 2611
2104 2615
2104 2623
2104 2624
2104 2625
2104 2630
2104 2638
2104 2646
2104 2654
2104 2655
2105 1912
2105 1960
2105 2091
2105 2120
2105 2126
2105 2236
2105 2238
2105 2260
2105 2342
2105 2360
2105 2570
2106 1912
2106 2168
2106 2421
2106 2437
2107 1912
2107 1915
2107 1922
2107 2035
2107 2047
2107 2085
2107 2089
2107 2117
2107 2120
2107 2126
2107 2145
2107 2146
2107 2152
2107 2160
2107 2166
2107 2227
2107 2228
2107 2236
2107 2260
2107 2313
2107 2314
2107 2322
2107 2325
2107 2342
2107 2403
2107 2411
2107 2412
2107 2424
2107 2440
2107 2488
2107 2497
2107 2562
2107 2570
2107 2587
2107 2628
2107 2644
2107 2656
2108 1912
2108 1917
2108 1918
2108 1929
2108 1938
2108 1941
2108 1943
2108 1946
2108 1953
2108 1962
2108 1963
2108 1966
2108 1971
2108 1983
2108 1984
2108 1985
2108 1986
2108 1993
2108 1997
2108 2005
2108 2020
2108 2030
2108 2033
2108 2037
2108 2040
2108 2045
2108 2046
2108 2059
2108 2060
2108 2063
2108 2064
2108 2069
2108 2073
2108 2074
2108 2077
2108 2078
2108 2083
2108 2084
2108 2088
2108 2090
2108 2093
2108 2103
2108 2104
2108 2109
2108 2118
2108 2121
2108 2122
2108 2123
2108 2124
2108 2131
2108 2136
2108 2139
2108 2140
2108 2142
2108 2150
2108 2154
2108 2164
2108 2172
2108 2184
2108 2188
2108 2190
2108 2200
2108 2201
2108 2206
2108 2212
2108 2218
2108 2220
2108 2229
2108 2233
2108 2240
2108 2244
2108 2253
2108 2266
2108 2271
2108 2275
2108 2276
2108 2278
2108 2290
2108 2299
2108 2300
2108 2306
2108 2307
2108 2308
2108 2309
2108 2323
2108 2324
2108 2326
2108 2329
2108 2331
2108 2339
2108 2340
2108 2348
2108 2352
2108 2354
2108 2356
2108 2359
2108 2363
2108 2369
2108 2370
2108 2374
2108 2376
2108 2381
2108 2386
2108 2395
2108 2404
2108 2409
2108 2410
2108 2414
2108 2418
2108 2423
2108 2428
2108 2430
2108 2433
2108 2460
2108 2464
2108 2467
2108 2468
2108 2469
2108 2482
2108 2484
2108 2492
2108 2495
2108 2500
2108 2504
2108 2506
2108 2507
2108 2520
2108 2526
2108 2532
2108 2539
2108 2542
2108 2543
2108 2546
2108 2549
2108 2550
2108 2551
2108 2553
2108 2556
2108 2559
2108 2560
2108 2561
2108 2564
2108 2573
2108 2578
2108 2579
2108 2586
2108 2590
2108 2593
2108 2600
2108 2601
2108 2602
2108 2604
2108 2606
2108 2607
2108 2611
2108 2615
2108 2619
2108 2624
2108 2625
2108 2630
2108 2631
2108 2638
2108 2654
2108 2655
2109 1912
2109 1918
2109 1925
2109 1929
2109 1938
2109 1943
2109 1946
2109 1962
2109 1963
2109 1966
2109 1971
2109 1983
2109 1984
2109 1985
2109 1986
2109 1993
2109 1997
2109 2020
2109 2030
2109 2033
2109 2037
2109 2040
2109 2043
2109 2045
2109 2046
2109 2059
2109 2064
2109 2069
2109 2073
2109 2074
2109 2078
2109 2084
2109 2088
2109 2098
2109 2103
2109 2108
2109 2112
2109 2115
2109 2121
2109 2123
2109 2124
2109 2131
2109 2139
2109 2140
2109 2142
2109 2164
2109 2165
2109 2172
2109 2184
2109 2201
2109 2206
2109 2220
2109 2229
2109 2233
2109 2240
2109 2244
2109 2261
2109 2266
2109 2271
2109 2275
2109 2276
2109 2278
2109 2290
2109 2299
2109 2306
2109 2308
2109 2309
2109 2323
2109 2324
2109 2326
2109 2329
2109 2331
2109 2339
2109 2340
2109 2348
2109 2354
2109 2363
2109 2369
2109 2374
2109 2376
2109 2395
2109 2404
2109 2408
2109 2409
2109 2410
2109 2414
2109 2428
2109 2430
2109 2433
2109 2446
2109 2460
2109 2462
2109 2464
2109 2468
2109 2477
2109 2484
2109 2485
2109 2492
2109 2495
2109 2499
2109 2500
2109 2506
2109 2507
2109 2520
2109 2521
2109 2526
2109 2542
2109 2543
2109 2549
2109 2551
2109 2552
2109 2556
2109 2559
2109 2560
2109 2561
2109 2564
2109 2573
2109 2574
2109 2578
2109 2579
2109 2586
2109 2590
2109 2593
2109 2601
2109 2602
2109 2604
2109 2607
2109 2611
2109 2619
2109 2624
2109 2625
2109 2630
2109 2631
2109 2638
2109 2655
2110 1912
2110 1939
2110 1947
2110 1952
2110 1959
2110 1970
2110 1981
2110 2003
2110 2054
2110 2062
2110 2072
2110 2075
2110 2081
2110 2101
2110 2111
2110 2132
2110 2142
2110 2161
2110 2199
2110 2221
2110 2222
2110 2226
2110 2235
2110 2282
2110 2327
2110 2328
2110 2333
2110 2344
2110 2377
2110 2384
2110 2390
2110 2394
2110 2396
2110 2415
2110 2432
2110 2434
2110 2438
2110 2479
2110 2501
2110 2511
2110 2537
2110 2603
2110 2652
2111 136
2111 1465
2111 1577
2111 1718
2111 1912
2111 1916
2111 1920
2111 1926
2111 1932
2111 1939
2111 1941
2111 1945
2111 1947
2111 1948
2111 1952
2111 1954
2111 1955
2111 1959
2111 1970
2111 1981
2111 1987
2111 1994
2111 2002
2111 2003
2111 2007
2111 2010
2111 2028
2111 2032
2111 2038
2111 2039
2111 2042
2111 2047
2111 2052
2111 2053
2111 2054
2111 2057
2111 2062
2111 2068
2111 2071
2111 2072
2111 2075
2111 2081
2111 2087
2111 2101
2111 2102
2111 2110
2111 2117
2111 2125
2111 2127
2111 2128
2111 2132
2111 2133
2111 2134
2111 2135
2111 2138
2111 2144
2111 2148
2111 2149
2111 2151
2111 2153
2111 2161
2111 2163
2111 2169
2111 2174
2111 2176
2111 2180
2111 2183
2111 2187
2111 2189
2111 2191
2111 2194
2111 2196
2111 2198
2111 2199
2111 2203
2111 2215
2111 2221
2111 2222
2111 2223
2111 2224
2111 2232
2111 2235
2111 2241
2111 2243
2111 2246
2111 2247
2111 2249
2111 2250
2111 2254
2111 2259
2111 2264
2111 2267
2111 2268
2111 2273
2111 2274
2111 2279
2111 2282
2111 2283
2111 2285
2111 2289
2111 2292
2111 2293
2111 2294
2111 2295
2111 2302
2111 2305
2111 2315
2111 2319
2111 2325
2111 2327
2111 2328
2111 2332
2111 2333
2111 2336
2111 2338
2111 2343
2111 2344
2111 2347
2111 2351
2111 2368
2111 2372
2111 2377
2111 2384
2111 2385
2111 2390
2111 2394
2111 2396
2111 2398
2111 2399
2111 2415
2111 2417
2111 2419
2111 2420
2111 2434
2111 2436
2111 2438
2111 2445
2111 2451
2111 2458
2111 2461
2111 2463
2111 2465
2111 2471
2111 2472
2111 2473
2111 2475
2111 2479
2111 2491
2111 2496
2111 2498
2111 2501
2111 2502
2111 2508
2111 2509
2111 2510
2111 2511
2111 2512
2111 2516
2111 2519
2111 2533
2111 2537
2111 2543
2111 2547
2111 2555
2111 2567
2111 2572
2111 2582
2111 2588
2111 2589
2111 2592
2111 2594
2111 2597
2111 2598
2111 2603
2111 2608
2111 2609
2111 2616
2111 2617
2111 2629
2111 2642
2111 2643
2111 2649
2111 2652
2111 2653
2112 1912
2112 1917
2112 1918
2112 1925
2112 1929
2112 1938
2112 1943
2112 1946
2112 1953
2112 1962
2112 1966
2112 1971
2112 1979
2112 1983
2112 1984
2112 1985
2112 1986
2112 1989
2112 1993
2112 1997
2112 2005
2112 2020
2112 2030
2112 2033
2112 2037
2112 2040
2112 2043
2112 2045
2112 2059
2112 2060
2112 2064
2112 2073
2112 2074
2112 2083
2112 2084
2112 2086
2112 2088
2112 2090
2112 2093
2112 2095
2112 2103
2112 2104
2112 2109
2112 2115
2112 2121
2112 2123
2112 2131
2112 2139
2112 2140
2112 2142
2112 2150
2112 2154
2112 2172
2112 2179
2112 2184
2112 2188
2112 2190
2112 2200
2112 2206
2112 2216
2112 2218
2112 2220
2112 2229
2112 2233
2112 2240
2112 2244
2112 2257
2112 2258
2112 2266
2112 2271
2112 2275
2112 2278
2112 2290
2112 2300
2112 2306
2112 2308
2112 2309
2112 2323
2112 2324
2112 2339
2112 2340
2112 2347
2112 2348
2112 2352
2112 2353
2112 2354
2112 2356
2112 2359
2112 2369
2112 2370
2112 2374
2112 2376
2112 2381
2112 2383
2112 2386
2112 2404
2112 2408
2112 2410
2112 2414
2112 2418
2112 2423
2112 2428
2112 2429
2112 2430
2112 2433
2112 2446
2112 2464
2112 2468
2112 2477
2112 2478
2112 2482
2112 2484
2112 2485
2112 2492
2112 2495
2112 2499
2112 2500
2112 2504
2112 2506
2112 2507
2112 2520
2112 2521
2112 2526
2112 2539
2112 2542
2112 2543
2112 2546
2112 2549
2112 2550
2112 2551
2112 2552
2112 2553
2112 2554
2112 2559
2112 2560
2112 2561
2112 2563
2112 2564
2112 2573
2112 2575
2112 2576
2112 2578
2112 2579
2112 2586
2112 2590
2112 2600
2112 2601
2112 2602
2112 2604
2112 2607
2112 2611
2112 2615
2112 2619
2112 2624
2112 2625
2112 2630
2112 2631
2112 2638
2112 2646
2112 2655
2113 1912
2113 2051
2113 2100
2113 2217
2113 2313
2113 2439
2113 2450
2113 2548
2113 2558
2113 2614
2114 1912
2114 1915
2114 1965
2114 1975
2114 2008
2114 2119
2114 2156
2114 2160
2114 2176
2114 2228
2114 2231
2114 2260
2114 2322
2114 2361
2114 2412
2115 1912
2115 1917
2115 1918
2115 1929
2115 1938
2115 1943
2115 1946
2115 1953
2115 1962
2115 1966
2115 1971
2115 1979
2115 1984
2115 1985
2115 1986
2115 1989
2115 1993
2115 2020
2115 2030
2115 2033
2115 2037
2115 2040
2115 2045
2115 2055
2115 2059
2115 2060
2115 2064
2115 2069
2115 2074
2115 2078
2115 2083
2115 2088
2115 2090
2115 2093
2115 2095
2115 2098
2115 2103
2115 2109
2115 2112
2115 2122
2115 2123
2115 2124
2115 2131
2115 2140
2115 2142
2115 2150
2115 2154
2115 2172
2115 2188
2115 2190
2115 2200
2115 2201
2115 2206
2115 2216
2115 2218
2115 2220
2115 2229
2115 2233
2115 2237
2115 2240
2115 2244
2115 2257
2115 2261
2115 2266
2115 2271
2115 2275
2115 2276
2115 2278
2115 2290
2115 2299
2115 2307
2115 2309
2115 2323
2115 2324
2115 2326
2115 2329
2115 2331
2115 2334
2115 2339
2115 2340
2115 2348
2115 2350
2115 2352
2115 2354
2115 2359
2115 2363
2115 2376
2115 2395
2115 2404
2115 2408
2115 2409
2115 2414
2115 2418
2115 2423
2115 2433
2115 2460
2115 2462
2115 2464
2115 2468
2115 2469
2115 2477
2115 2485
2115 2492
2115 2495
2115 2500
2115 2507
2115 2520
2115 2526
2115 2539
2115 2542
2115 2543
2115 2549
2115 2550
2115 2552
2115 2553
2115 2559
2115 2560
2115 2561
2115 2574
2115 2575
2115 2586
2115 2590
2115 2593
2115 2600
2115 2601
2115 2602
2115 2604
2115 2607
2115 2611
2115 2615
2115 2619
2115 2624
2115 2625
2115 2638
2115 2654
2115 2655
2116 136
2116 1912
2116 1913
2116 1914
2116 1921
2116 1931
2116 1951
2116 1954
2116 1957
2116 1958
2116 1972
2116 1973
2116 1980
2116 1991
2116 1995
2116 1998
2116 1999
2116 2001
2116 2004
2116 2006
2116 2009
2116 2011
2116 2012
2116 2016
2116 2018
2116 2022
2116 2027
2116 2061
2116 2102
2116 2128
2116 2145
2116 2157
2116 2159
2116 2171
2116 2202
2116 2203
2116 2225
2116 2233
2116 2268
2116 2284
2116 2312
2116 2337
2116 2351
2116 2355
2116 2364
2116 2365
2116 2378
2116 2389
2116 2413
2116 2447
2116 2459
2116 2529
2116 2531
2116 2538
2116 2571
2116 2583
2116 2616
2116 2633
2116 2636
2116 2639
2116 2640
2116 2642
2116 2645
2116 2648
2116 2660
2117 136
2117 1465
2117 1577
2117 1718
2117 1912
2117 1920
2117 1923
2117 1930
2117 1932
2117 1940
2117 1941
2117 1944
2117 1945
2117 1947
2117 1948
2117 1954
2117 1955
2117 1959
2117 1964
2117 1994
2117 2007
2117 2028
2117 2029
2117 2031
2117 2039
2117 2042
2117 2052
2117 2053
2117 2054
2117 2068
2117 2071
2117 2072
2117 2081
2117 2087
2117 2101
2117 2102
2117 2107
2117 2111
2117 2126
2117 2128
2117 2134
2117 2135
2117 2137
2117 2138
2117 2144
2117 2145
2117 2148
2117 2149
2117 2153
2117 2169
2117 2174
2117 2183
2117 2187
2117 2191
2117 2194
2117 2196
2117 2198
2117 2199
2117 2203
2117 2205
2117 2209
2117 2211
2117 2215
2117 2224
2117 2226
2117 2232
2117 2241
2117 2242
2117 2246
2117 2247
2117 2250
2117 2254
2117 2264
2117 2268
2117 2272
2117 2273
2117 2279
2117 2282
2117 2283
2117 2292
2117 2294
2117 2302
2117 2305
2117 2310
2117 2315
2117 2317
2117 2319
2117 2325
2117 2327
2117 2328
2117 2336
2117 2343
2117 2344
2117 2345
2117 2347
2117 2351
2117 2367
2117 2368
2117 2372
2117 2377
2117 2384
2117 2385
2117 2394
2117 2416
2117 2419
2117 2420
2117 2434
2117 2436
2117 2458
2117 2461
2117 2463
2117 2465
2117 2471
2117 2472
2117 2475
2117 2480
2117 2491
2117 2496
2117 2508
2117 2525
2117 2530
2117 2533
2117 2537
2117 2543
2117 2544
2117 2555
2117 2557
2117 2567
2117 2582
2117 2588
2117 2592
2117 2594
2117 2597
2117 2598
2117 2609
2117 2610
2117 2628
2117 2629
2117 2637
2117 2641
2117 2643
2117 2653
2118 1912
2118 1917
2118 1918
2118 1925
2118 1929
2118 1938
2118 1943
2118 1946
2118 1953
2118 1962
2118 1963
2118 1966
2118 1971
2118 1979
2118 1983
2118 1984
2118 1985
2118 1986
2118 1993
2118 1997
2118 2005
2118 2020
2118 2030
2118 2033
2118 2037
2118 2040
2118 2043
2118 2045
2118 2046
2118 2056
2118 2058
2118 2059
2118 2063
2118 2064
2118 2069
2118 2073
2118 2074
2118 2077
2118 2078
2118 2083
2118 2084
2118 2086
2118 2088
2118 2090
2118 2093
2118 2095
2118 2098
2118 2103
2118 2104
2118 2108
2118 2121
2118 2122
2118 2123
2118 2124
2118 2131
2118 2136
2118 2139
2118 2140
2118 2142
2118 2150
2118 2154
2118 2165
2118 2172
2118 2179
2118 2184
2118 2188
2118 2190
2118 2200
2118 2201
2118 2206
2118 2212
2118 2216
2118 2218
2118 2220
2118 2229
2118 2233
2118 2237
2118 2240
2118 2244
2118 2253
2118 2257
2118 2261
2118 2266
2118 2271
2118 2275
2118 2276
2118 2278
2118 2287
2118 2290
2118 2299
2118 2300
2118 2303
2118 2306
2118 2307
2118 2308
2118 2309
2118 2323
2118 2324
2118 2326
2118 2329
2118 2331
2118 2334
2118 2339
2118 2340
2118 2347
2118 2348
2118 2352
2118 2354
2118 2356
2118 2359
2118 2363
2118 2369
2118 2370
2118 2374
2118 2376
2118 2381
2118 2386
2118 2392
2118 2395
2118 2404
2118 2408
2118 2409
2118 2410
2118 2414
2118 2423
2118 2428
2118 2429
2118 2430
2118 2433
2118 2446
2118 2460
2118 2462
2118 2464
2118 2467
2118 2468
2118 2469
2118 2477
2118 2478
2118 2482
2118 2484
2118 2489
2118 2492
2118 2495
2118 2500
2118 2504
2118 2507
2118 2520
2118 2521
2118 2526
2118 2532
2118 2539
2118 2542
2118 2543
2118 2546
2118 2549
2118 2550
2118 2551
2118 2552
2118 2553
2118 2559
2118 2560
2118 2561
2118 2563
2118 2564
2118 2573
2118 2578
2118 2579
2118 2586
2118 2590
2118 2593
2118 2600
2118 2601
2118 2602
2118 2604
2118 2606
2118 2607
2118 2611
2118 2615
2118 2619
2118 2623
2118 2624
2118 2625
2118 2630
2118 2631
2118 2638
2118 2646
2118 2654
2118 2655
2119 1912
2119 1975
2119 2114
2119 2129
2119 2313
2119 2361
2119 2371
2119 2397
2119 2412
2119 2474
2119 2488
2119 2558
2119 2570
2119 2618
2119 2644
2120 1912
2120 1922
2120 1933
2120 1960
2120 2034
2120 2082
2120 2105
2120 2107
2120 2126
2120 2129
2120 2156
2120 2160
2120 2181
2120 2260
2120 2313
2120 2317
2120 2405
2120 2412
2120 2448
2120 2523
2120 2577
2120 2587
2120 2628
2121 1912
2121 1917
2121 1918
2121 1929
2121 1938
2121 1941
2121 1943
2121 1946
2121 1953
2121 1962
2121 1963
2121 1966
2121 1971
2121 1979
2121 1983
2121 1984
2121 1985
2121 1986
2121 1993
2121 2020
2121 2030
2121 2033
2121 2037
2121 2040
2121 2043
2121 2045
2121 2058
2121 2059
2121 2060
2121 2062
2121 2064
2121 2069
2121 2073
2121 2077
2121 2078
2121 2088
2121 2090
2121 2093
2121 2095
2121 2103
2121 2104
2121 2108
2121 2109
2121 2112
2121 2118
2121 2122
2121 2123
2121 2124
2121 2131
2121 2139
2121 2140
2121 2142
2121 2150
2121 2172
2121 2184
2121 2188
2121 2190
2121 2201
2121 2206
2121 2212
2121 2218
2121 2220
2121 2229
2121 2233
2121 2237
2121 2240
2121 2244
2121 2253
2121 2257
2121 2266
2121 2271
2121 2275
2121 2276
2121 2278
2121 2290
2121 2299
2121 2306
2121 2307
2121 2308
2121 2309
2121 2323
2121 2324
2121 2326
2121 2329
2121 2331
2121 2334
2121 2339
2121 2340
2121 2347
2121 2352
2121 2354
2121 2356
2121 2359
2121 2363
2121 2369
2121 2370
2121 2374
2121 2376
2121 2381
2121 2392
2121 2395
2121 2408
2121 2409
2121 2410
2121 2414
2121 2418
2121 2423
2121 2427
2121 2428
2121 2430
2121 2433
2121 2460
2121 2464
2121 2467
2121 2468
2121 2469
2121 2477
2121 2482
2121 2489
2121 2492
2121 2499
2121 2500
2121 2504
2121 2507
2121 2520
2121 2521
2121 2526
2121 2532
2121 2536
2121 2542
2121 2549
2121 2550
2121 2553
2121 2556
2121 2559
2121 2560
2121 2561
2121 2564
2121 2573
2121 2575
2121 2578
2121 2586
2121 2590
2121 2593
2121 2600
2121 2601
2121 2602
2121 2604
2121 2607
2121 2611
2121 2615
2121 2619
2121 2623
2121 2624
2121 2625
2121 2638
2121 2654
2121 2655
2122 1912
2122 1925
2122 1929
2122 1938
2122 1943
2122 1946
2122 1953
2122 1962
2122 1963
2122 1979
2122 1983
2122 1985
2122 1986
2122 1989
2122 1993
2122 1997
2122 2005
2122 2030
2122 2037
2122 2043
2122 2045
2122 2059
2122 2060
2122 2063
2122 2064
2122 2069
2122 2073
2122 2074
2122 2077
2122 2078
2122 2083
2122 2088
2122 2090
2122 2093
2122 2098
2122 2103
2122 2104
2122 2108
2122 2115
2122 2118
2122 2121
2122 2123
2122 2124
2122 2131
2122 2136
2122 2139
2122 2142
2122 2150
2122 2154
2122 2165
2122 2172
2122 2179
2122 2184
2122 2188
2122 2190
2122 2200
2122 2201
2122 2206
2122 2216
2122 2218
2122 2220
2122 2229
2122 2233
2122 2240
2122 2244
2122 2253
2122 2257
2122 2261
2122 2266
2122 2271
2122 2275
2122 2278
2122 2290
2122 2299
2122 2300
2122 2307
2122 2308
2122 2309
2122 2323
2122 2326
2122 2339
2122 2340
2122 2347
2122 2348
2122 2352
2122 2353
2122 2354
2122 2356
2122 2359
2122 2363
2122 2369
2122 2370
2122 2374
2122 2376
2122 2381
2122 2386
2122 2404
2122 2407
2122 2408
2122 2409
2122 2410
2122 2414
2122 2418
2122 2423
2122 2428
2122 2430
2122 2433
2122 2446
2122 2460
2122 2464
2122 2477
2122 2485
2122 2489
2122 2492
2122 2495
2122 2500
2122 2504
2122 2507
2122 2520
2122 2521
2122 2539
2122 2542
2122 2546
2122 2549
2122 2551
2122 2553
2122 2556
2122 2560
2122 2564
2122 2575
2122 2578
2122 2586
2122 2590
2122 2593
2122 2600
2122 2601
2122 2604
2122 2606
2122 2607
2122 2611
2122 2615
2122 2619
2122 2624
2122 2625
2122 2638
2122 2646
2123 1912
2123 1917
2123 1918
2123 1925
2123 1929
2123 1938
2123 1941
2123 1943
2123 1946
2123 1953
2123 1962
2123 1963
2123 1966
2123 1971
2123 1979
2123 1983
2123 1984
2123 1985
2123 1986
2123 1989
2123 1993
2123 1997
2123 2005
2123 2020
2123 2030
2123 2033
2123 2037
2123 2040
2123 2043
2123 2045
2123 2046
2123 2058
2123 2059
2123 2063
2123 2064
2123 2069
2123 2073
2123 2074
2123 2077
2123 2078
2123 2083
2123 2084
2123 2086
2123 2088
2123 2090
2123 2093
2123 2098
2123 2103
2123 2104
2123 2108
2123 2109
2123 2112
2123 2115
2123 2118
2123 2121
2123 2122
2123 2124
2123 2131
2123 2136
2123 2139
2123 2140
2123 2142
2123 2150
2123 2154
2123 2165
2123 2172
2123 2179
2123 2184
2123 2188
2123 2190
2123 2200
2123 2201
2123 2206
2123 2210
2123 2212
2123 2213
2123 2216
2123 2218
2123 2220
2123 2229
2123 2233
2123 2237
2123 2240
2123 2244
2123 2253
2123 2257
2123 2261
2123 2266
2123 2271
2123 2275
2123 2276
2123 2278
2123 2287
2123 2290
2123 2299
2123 2300
2123 2306
2123 2307
2123 2308
2123 2309
2123 2311
2123 2323
2123 2324
2123 2326
2123 2329
2123 2331
2123 2334
2123 2339
2123 2340
2123 2347
2123 2348
2123 2352
2123 2353
2123 2354
2123 2356
2123 2359
2123 2363
2123 2369
2123 2370
2123 2374
2123 2376
2123 2381
2123 2386
2123 2387
2123 2391
2123 2395
2123 2404
2123 2407
2123 2408
2123 2409
2123 2410
2123 2414
2123 2418
2123 2428
2123 2429
2123 2430
2123 2433
2123 2446
2123 2460
2123 2462
2123 2464
2123 2467
2123 2469
2123 2477
2123 2478
2123 2482
2123 2484
2123 2485
2123 2489
2123 2492
2123 2495
2123 2499
2123 2500
2123 2504
2123 2506
2123 2507
2123 2520
2123 2521
2123 2526
2123 2532
2123 2539
2123 2542
2123 2543
2123 2546
2123 2549
2123 2550
2123 2551
2123 2552
2123 2553
2123 2554
2123 2556
2123 2559
2123 2560
2123 2561
2123 2563
2123 2564
2123 2573
2123 2574
2123 2575
2123 2576
2123 2578
2123 2579
2123 2586
2123 2590
2123 2591
2123 2593
2123 2600
2123 2601
2123 2602
2123 2604
2123 2607
2123 2611
2123 2613
2123 2615
2123 2623
2123 2624
2123 2625
2123 2630
2123 2631
2123 2638
2123 2646
2123 2654
2123 2655
2124 1912
2124 1917
2124 1918
2124 1925
2124 1929
2124 1938
2124 1943
2124 1946
2124 1962
2124 1963
2124 1966
2124 1971
2124 1979
2124 1983
2124 1984
2124 1985
2124 1986
2124 1993
2124 1997
2124 2005
2124 2020
2124 2030
2124 2040
2124 2043
2124 2045
2124 2046
2124 2056
2124 2059
2124 2063
2124 2064
2124 2069
2124 2073
2124 2074
2124 2077
2124 2078
2124 2083
2124 2088
2124 2090
2124 2103
2124 2104
2124 2108
2124 2109
2124 2115
2124 2118
2124 2121
2124 2122
2124 2123
2124 2131
2124 2136
2124 2139
2124 2140
2124 2142
2124 2150
2124 2154
2124 2165
2124 2172
2124 2179
2124 2184
2124 2188
2124 2190
2124 2201
2124 2206
2124 2212
2124 2213
2124 2216
2124 2218
2124 2220
2124 2229
2124 2233
2124 2240
2124 2244
2124 2253
2124 2266
2124 2271
2124 2275
2124 2276
2124 2278
2124 2287
2124 2290
2124 2299
2124 2306
2124 2307
2124 2308
2124 2309
2124 2311
2124 2323
2124 2324
2124 2326
2124 2331
2124 2334
2124 2339
2124 2340
2124 2347
2124 2352
2124 2354
2124 2356
2124 2359
2124 2363
2124 2369
2124 2370
2124 2374
2124 2376
2124 2381
2124 2387
2124 2395
2124 2404
2124 2408
2124 2409
2124 2410
2124 2414
2124 2423
2124 2428
2124 2433
2124 2446
2124 2460
2124 2464
2124 2467
2124 2468
2124 2469
2124 2477
2124 2478
2124 2482
2124 2484
2124 2489
2124 2492
2124 2500
2124 2504
2124 2507
2124 2520
2124 2521
2124 2526
2124 2532
2124 2539
2124 2542
2124 2543
2124 2549
2124 2550
2124 2552
2124 2553
2124 2556
2124 2559
2124 2560
2124 2561
2124 2564
2124 2573
2124 2574
2124 2578
2124 2579
2124 2586
2124 2590
2124 2591
2124 2593
2124 2600
2124 2601
2124 2602
2124 2604
2124 2607
2124 2611
2124 2615
2124 2619
2124 2623
2124 2624
2124 2625
2124 2630
2124 2631
2124 2638
2124 2646
2124 2654
2124 2655
2125 1465
2125 1577
2125 1718
2125 1912
2125 1916
2125 1920
2125 1926
2125 1932
2125 1939
2125 1940
2125 1941
2125 1945
2125 1948
2125 1954
2125 1955
2125 1959
2125 1970
2125 2007
2125 2010
2125 2026
2125 2028
2125 2032
2125 2038
2125 2042
2125 2047
2125 2052
2125 2053
2125 2054
2125 2062
2125 2068
2125 2071
2125 2072
2125 2081
2125 2087
2125 2102
2125 2111
2125 2133
2125 2138
2125 2143
2125 2148
2125 2149
2125 2151
2125 2153
2125 2161
2125 2163
2125 2169
2125 2174
2125 2176
2125 2183
2125 2187
2125 2196
2125 2198
2125 2203
2125 2223
2125 2224
2125 2232
2125 2241
2125 2243
2125 2246
2125 2247
2125 2250
2125 2273
2125 2279
2125 2282
2125 2283
2125 2289
2125 2292
2125 2294
2125 2295
2125 2298
2125 2302
2125 2304
2125 2319
2125 2327
2125 2328
2125 2332
2125 2333
2125 2336
2125 2338
2125 2343
2125 2344
2125 2347
2125 2351
2125 2368
2125 2372
2125 2384
2125 2398
2125 2399
2125 2419
2125 2434
2125 2451
2125 2458
2125 2461
2125 2463
2125 2471
2125 2475
2125 2498
2125 2501
2125 2502
2125 2509
2125 2510
2125 2511
2125 2512
2125 2516
2125 2518
2125 2519
2125 2533
2125 2543
2125 2555
2125 2582
2125 2588
2125 2592
2125 2594
2125 2598
2125 2603
2125 2605
2125 2616
2125 2629
2125 2642
2125 2643
2125 2649
2126 1912
2126 1922
2126 1933
2126 1949
2126 1960
2126 1964
2126 1965
2126 1975
2126 2008
2126 2035
2126 2047
2126 2051
2126 2070
2126 2089
2126 2091
2126 2099
2126 2105
2126 2107
2126 2117
2126 2120
2126 2129
2126 2146
2126 2152
2126 2160
2126 2162
2126 2173
2126 2181
2126 2197
2126 2231
2126 2236
2126 2283
2126 2301
2126 2313
2126 2317
2126 2335
2126 2341
2126 2360
2126 2361
2126 2366
2126 2371
2126 2405
2126 2412
2126 2424
2126 2440
2126 2448
2126 2455
2126 2488
2126 2535
2126 2540
2126 2570
2126 2577
2126 2587
2126 2628
2126 2659
2127 136
2127 1577
2127 1718
2127 1912
2127 1913
2127 1920
2127 1926
2127 1932
2127 1940
2127 1941
2127 1945
2127 1955
2127 1964
2127 1973
2127 2002
2127 2007
2127 2026
2127 2031
2127 2032
2127 2038
2127 2039
2127 2047
2127 2054
2127 2068
2127 2071
2127 2072
2127 2081
2127 2087
2127 2102
2127 2111
2127 2133
2127 2134
2127 2138
2127 2144
2127 2148
2127 2149
2127 2151
2127 2153
2127 2174
2127 2176
2127 2183
2127 2187
2127 2189
2127 2196
2127 2199
2127 2203
2127 2223
2127 2224
2127 2241
2127 2246
2127 2250
2127 2254
2127 2268
2127 2279
2127 2283
2127 2289
2127 2292
2127 2302
2127 2312
2127 2319
2127 2327
2127 2328
2127 2330
2127 2332
2127 2333
2127 2336
2127 2338
2127 2343
2127 2351
2127 2355
2127 2367
2127 2372
2127 2384
2127 2389
2127 2394
2127 2396
2127 2398
2127 2400
2127 2419
2127 2436
2127 2445
2127 2451
2127 2458
2127 2463
2127 2471
2127 2473
2127 2491
2127 2498
2127 2508
2127 2510
2127 2511
2127 2512
2127 2516
2127 2529
2127 2533
2127 2537
2127 2543
2127 2555
2127 2567
2127 2582
2127 2588
2127 2589
2127 2592
2127 2594
2127 2597
2127 2598
2127 2608
2127 2616
2127 2617
2127 2629
2127 2643
2127 2649
2128 136
2128 1465
2128 1577
2128 1912
2128 1916
2128 1920
2128 1941
2128 1947
2128 1948
2128 1954
2128 1961
2128 1972
2128 2002
2128 2026
2128 2028
2128 2042
2128 2047
2128 2048
2128 2052
2128 2054
2128 2068
2128 2075
2128 2081
2128 2087
2128 2111
2128 2116
2128 2117
2128 2132
2128 2135
2128 2138
2128 2143
2128 2148
2128 2151
2128 2153
2128 2163
2128 2183
2128 2187
2128 2203
2128 2233
2128 2246
2128 2250
2128 2267
2128 2268
2128 2278
2128 2279
2128 2283
2128 2287
2128 2292
2128 2294
2128 2302
2128 2304
2128 2310
2128 2322
2128 2328
2128 2332
2128 2333
2128 2338
2128 2344
2128 2347
2128 2351
2128 2355
2128 2368
2128 2372
2128 2384
2128 2399
2128 2400
2128 2436
2128 2438
2128 2463
2128 2475
2128 2479
2128 2491
2128 2502
2128 2509
2128 2512
2128 2516
2128 2529
2128 2533
2128 2537
2128 2543
2128 2544
2128 2555
2128 2567
2128 2582
2128 2594
2128 2598
2128 2603
2128 2616
2128 2629
2128 2642
2128 2643
2128 2646
2129 1912
2129 1922
2129 1930
2129 1933
2129 1960
2129 2023
2129 2035
2129 2070
2129 2091
2129 2119
2129 2120
2129 2126
2129 2146
2129 2181
2129 2231
2129 2236
2129 2260
2129 2313
2129 2317
2129 2342
2129 2357
2129 2371
2129 2373
2129 2397
2129 2402
2129 2405
2129 2412
2129 2440
2129 2448
2129 2488
2129 2540
2129 2570
2129 2577
2129 2587
2129 2614
2129 2628
2129 2644
2129 2656
2130 1912
2130 2091
2130 2156
2130 2160
2130 2197
2130 2313
2130 2341
2130 2397
2130 2448
2130 2618
2130 2659
2131 1912
2131 1917
2131 1929
2131 1938
2131 1941
2131 1943
2131 1946
2131 1962
2131 1963
2131 1966
2131 1971
2131 1979
2131 1983
2131 1984
2131 1985
2131 1986
2131 1993
2131 1997
2131 2005
2131 2020
2131 2030
2131 2033
2131 2037
2131 2040
2131 2043
2131 2045
2131 2046
2131 2058
2131 2059
2131 2063
2131 2064
2131 2069
2131 2073
2131 2074
2131 2077
2131 2078
2131 2083
2131 2084
2131 2086
2131 2088
2131 2090
2131 2093
2131 2095
2131 2098
2131 2103
2131 2104
2131 2108
2131 2109
2131 2112
2131 2115
2131 2118
2131 2121
2131 2122
2131 2123
2131 2124
2131 2139
2131 2140
2131 2142
2131 2150
2131 2154
2131 2165
2131 2172
2131 2179
2131 2184
2131 2188
2131 2190
2131 2200
2131 2201
2131 2206
2131 2210
2131 2216
2131 2218
2131 2220
2131 2229
2131 2233
2131 2237
2131 2240
2131 2244
2131 2253
2131 2257
2131 2261
2131 2266
2131 2271
2131 2275
2131 2276
2131 2278
2131 2287
2131 2290
2131 2299
2131 2300
2131 2306
2131 2307
2131 2308
2131 2309
2131 2311
2131 2323
2131 2324
2131 2326
2131 2331
2131 2334
2131 2339
2131 2340
2131 2347
2131 2348
2131 2352
2131 2353
2131 2354
2131 2356
2131 2359
2131 2363
2131 2369
2131 2370
2131 2374
2131 2376
2131 2381
2131 2386
2131 2395
2131 2404
2131 2407
2131 2408
2131 2409
2131 2410
2131 2414
2131 2418
2131 2423
2131 2428
2131 2430
2131 2433
2131 2446
2131 2449
2131 2460
2131 2462
2131 2464
2131 2467
2131 2468
2131 2469
2131 2476
2131 2477
2131 2478
2131 2482
2131 2484
2131 2485
2131 2489
2131 2492
2131 2495
2131 2499
2131 2500
2131 2504
2131 2506
2131 2507
2131 2520
2131 2521
2131 2526
2131 2532
2131 2539
2131 2542
2131 2543
2131 2546
2131 2547
2131 2549
2131 2550
2131 2551
2131 2552
2131 2553
2131 2554
2131 2556
2131 2559
2131 2560
2131 2561
2131 2563
2131 2564
2131 2573
2131 2574
2131 2575
2131 2576
2131 2578
2131 2579
2131 2586
2131 2590
2131 2593
2131 2600
2131 2601
2131 2602
2131 2604
2131 2606
2131 2607
2131 2611
2131 2613
2131 2615
2131 2619
2131 2623
2131 2624
2131 2625
2131 2630
2131 2631
2131 2638
2131 2654
2131 2655
2132 1465
2132 1577
2132 1718
2132 1912
2132 1916
2132 1939
2132 1947
2132 1959
2132 1970
2132 1981
2132 2002
2132 2003
2132 2048
2132 2052
2132 2053
2132 2054
2132 2062
2132 2068
2132 2072
2132 2075
2132 2081
2132 2096
2132 2101
2132 2102
2132 2110
2132 2111
2132 2128
2132 2149
2132 2161
2132 2169
2132 2183
2132 2185
2132 2187
2132 2198
2132 2199
2132 2221
2132 2222
2132 2235
2132 2241
2132 2243
2132 2246
2132 2247
2132 2264
2132 2273
2132 2274
2132 2280
2132 2282
2132 2292
2132 2294
2132 2304
2132 2319
2132 2324
2132 2327
2132 2328
2132 2333
2132 2336
2132 2343
2132 2344
2132 2368
2132 2377
2132 2384
2132 2390
2132 2394
2132 2396
2132 2399
2132 2415
2132 2419
2132 2432
2132 2434
2132 2438
2132 2451
2132 2458
2132 2461
2132 2462
2132 2471
2132 2475
2132 2479
2132 2491
2132 2501
2132 2509
2132 2510
2132 2511
2132 2512
2132 2518
2132 2537
2132 2555
2132 2592
2132 2594
2132 2598
2132 2603
2132 2617
2132 2629
2132 2642
2132 2652
2133 136
2133 1577
2133 1718
2133 1912
2133 1916
2133 1923
2133 1926
2133 1940
2133 1944
2133 1945
2133 1947
2133 1954
2133 1955
2133 1959
2133 1964
2133 1965
2133 1987
2133 2007
2133 2010
2133 2026
2133 2028
2133 2031
2133 2032
2133 2036
2133 2038
2133 2042
2133 2047
2133 2052
2133 2054
2133 2066
2133 2068
2133 2071
2133 2072
2133 2081
2133 2087
2133 2102
2133 2111
2133 2125
2133 2127
2133 2135
2133 2138
2133 2141
2133 2143
2133 2144
2133 2145
2133 2149
2133 2151
2133 2153
2133 2155
2133 2169
2133 2174
2133 2175
2133 2176
2133 2180
2133 2185
2133 2187
2133 2189
2133 2194
2133 2196
2133 2198
2133 2199
2133 2203
2133 2209
2133 2210
2133 2211
2133 2214
2133 2223
2133 2224
2133 2231
2133 2232
2133 2239
2133 2241
2133 2242
2133 2246
2133 2247
2133 2250
2133 2254
2133 2256
2133 2267
2133 2268
2133 2272
2133 2273
2133 2279
2133 2282
2133 2283
2133 2289
2133 2291
2133 2292
2133 2294
2133 2296
2133 2302
2133 2310
2133 2313
2133 2315
2133 2318
2133 2319
2133 2322
2133 2325
2133 2328
2133 2330
2133 2333
2133 2336
2133 2343
2133 2344
2133 2351
2133 2362
2133 2366
2133 2367
2133 2368
2133 2372
2133 2377
2133 2384
2133 2394
2133 2398
2133 2399
2133 2406
2133 2416
2133 2417
2133 2419
2133 2436
2133 2440
2133 2445
2133 2451
2133 2461
2133 2463
2133 2471
2133 2474
2133 2475
2133 2480
2133 2491
2133 2498
2133 2508
2133 2509
2133 2510
2133 2511
2133 2512
2133 2514
2133 2517
2133 2525
2133 2543
2133 2555
2133 2557
2133 2567
2133 2582
2133 2588
2133 2589
2133 2592
2133 2594
2133 2598
2133 2603
2133 2608
2133 2610
2133 2616
2133 2617
2133 2629
2133 2637
2133 2642
2133 2649
2133 2653
2134 1465
2134 1577
2134 1912
2134 1920
2134 1926
2134 1932
2134 1948
2134 1959
2134 1970
2134 1982
2134 1987
2134 2007
2134 2026
2134 2028
2134 2032
2134 2038
2134 2039
2134 2047
2134 2053
2134 2054
2134 2057
2134 2068
2134 2071
2134 2081
2134 2087
2134 2101
2134 2102
2134 2111
2134 2117
2134 2127
2134 2138
2134 2148
2134 2149
2134 2153
2134 2169
2134 2180
2134 2187
2134 2191
2134 2194
2134 2196
2134 2199
2134 2215
2134 2223
2134 2241
2134 2254
2134 2264
2134 2268
2134 2273
2134 2279
2134 2283
2134 2285
2134 2289
2134 2292
2134 2302
2134 2315
2134 2319
2134 2332
2134 2333
2134 2336
2134 2347
2134 2351
2134 2372
2134 2384
2134 2385
2134 2398
2134 2399
2134 2417
2134 2451
2134 2463
2134 2465
2134 2471
2134 2496
2134 2508
2134 2510
2134 2511
2134 2533
2134 2543
2134 2555
2134 2567
2134 2588
2134 2598
2134 2616
2134 2629
2134 2642
2134 2643
2135 136
2135 1465
2135 1577
2135 1912
2135 1920
2135 1932
2135 1940
2135 1945
2135 1948
2135 1959
2135 1994
2135 2007
2135 2028
2135 2038
2135 2039
2135 2042
2135 2047
2135 2053
2135 2054
2135 2068
2135 2071
2135 2072
2135 2081
2135 2087
2135 2111
2135 2117
2135 2128
2135 2133
2135 2137
2135 2138
2135 2143
2135 2153
2135 2174
2135 2180
2135 2183
2135 2187
2135 2191
2135 2194
2135 2196
2135 2199
2135 2203
2135 2224
2135 2239
2135 2241
2135 2247
2135 2264
2135 2267
2135 2268
2135 2279
2135 2282
2135 2283
2135 2292
2135 2293
2135 2302
2135 2315
2135 2319
2135 2330
2135 2332
2135 2333
2135 2336
2135 2338
2135 2347
2135 2351
2135 2372
2135 2384
2135 2417
2135 2420
2135 2436
2135 2463
2135 2472
2135 2475
2135 2496
2135 2502
2135 2509
2135 2511
2135 2512
2135 2533
2135 2543
2135 2544
2135 2555
2135 2567
2135 2592
2135 2597
2135 2598
2135 2629
2135 2642
2135 2643
2135 2653
2136 1912
2136 1917
2136 1938
2136 1943
2136 1946
2136 1953
2136 1962
2136 1979
2136 1986
2136 1997
2136 2030
2136 2037
2136 2043
2136 2045
2136 2063
2136 2064
2136 2074
2136 2077
2136 2078
2136 2088
2136 2103
2136 2104
2136 2108
2136 2118
2136 2122
2136 2123
2136 2124
2136 2164
2136 2172
2136 2184
2136 2200
2136 2201
2136 2206
2136 2216
2136 2220
2136 2229
2136 2233
2136 2244
2136 2261
2136 2275
2136 2300
2136 2307
2136 2308
2136 2326
2136 2340
2136 2347
2136 2354
2136 2363
2136 2370
2136 2374
2136 2376
2136 2404
2136 2408
2136 2409
2136 2418
2136 2423
2136 2428
2136 2446
2136 2464
2136 2467
2136 2477
2136 2489
2136 2500
2136 2504
2136 2507
2136 2532
2136 2539
2136 2543
2136 2564
2136 2576
2136 2611
2136 2625
2136 2638
2136 2646
2137 1577
2137 1912
2137 1920
2137 1941
2137 1985
2137 2002
2137 2007
2137 2042
2137 2047
2137 2062
2137 2071
2137 2072
2137 2078
2137 2081
2137 2117
2137 2135
2137 2143
2137 2148
2137 2153
2137 2183
2137 2267
2137 2279
2137 2282
2137 2283
2137 2293
2137 2319
2137 2328
2137 2333
2137 2347
2137 2351
2137 2384
2137 2385
2137 2398
2137 2420
2137 2468
2137 2491
2137 2502
2137 2506
2137 2510
2137 2533
2137 2543
2137 2555
2137 2561
2137 2573
2137 2592
2137 2594
2137 2597
2137 2608
2137 2629
2138 136
2138 1465
2138 1577
2138 1912
2138 1920
2138 1926
2138 1932
2138 1940
2138 1941
2138 1945
2138 1948
2138 1954
2138 1955
2138 1959
2138 1964
2138 1987
2138 1994
2138 2007
2138 2026
2138 2028
2138 2031
2138 2032
2138 2038
2138 2039
2138 2042
2138 2047
2138 2052
2138 2053
2138 2054
2138 2057
2138 2068
2138 2071
2138 2072
2138 2081
2138 2087
2138 2102
2138 2111
2138 2117
2138 2125
2138 2127
2138 2128
2138 2133
2138 2134
2138 2135
2138 2144
2138 2148
2138 2149
2138 2151
2138 2153
2138 2169
2138 2174
2138 2176
2138 2180
2138 2183
2138 2187
2138 2189
2138 2191
2138 2194
2138 2196
2138 2198
2138 2199
2138 2203
2138 2215
2138 2223
2138 2224
2138 2232
2138 2239
2138 2241
2138 2250
2138 2254
2138 2259
2138 2267
2138 2273
2138 2279
2138 2282
2138 2283
2138 2289
2138 2292
2138 2293
2138 2294
2138 2302
2138 2305
2138 2315
2138 2319
2138 2325
2138 2328
2138 2332
2138 2333
2138 2336
2138 2338
2138 2344
2138 2347
2138 2351
2138 2368
2138 2372
2138 2377
2138 2384
2138 2385
2138 2387
2138 2394
2138 2398
2138 2417
2138 2420
2138 2436
2138 2445
2138 2451
2138 2458
2138 2461
2138 2463
2138 2465
2138 2471
2138 2472
2138 2491
2138 2496
2138 2508
2138 2509
2138 2510
2138 2511
2138 2512
2138 2533
2138 2537
2138 2543
2138 2555
2138 2567
2138 2582
2138 2589
2138 2592
2138 2594
2138 2597
2138 2598
2138 2608
2138 2609
2138 2617
2138 2629
2138 2642
2138 2643
2138 2649
2138 2653
2139 1912
2139 1917
2139 1918
2139 1929
2139 1938
2139 1943
2139 1946
2139 1953
2139 1962
2139 1963
2139 1966
2139 1971
2139 1979
2139 1983
2139 1984
2139 1985
2139 1986
2139 1993
2139 1997
2139 2005
2139 2030
2139 2033
2139 2037
2139 2040
2139 2043
2139 2045
2139 2058
2139 2059
2139 2060
2139 2063
2139 2064
2139 2069
2139 2073
2139 2074
2139 2077
2139 2078
2139 2084
2139 2086
2139 2088
2139 2090
2139 2093
2139 2095
2139 2103
2139 2104
2139 2108
2139 2109
2139 2112
2139 2118
2139 2121
2139 2122
2139 2123
2139 2124
2139 2131
2139 2140
2139 2142
2139 2150
2139 2154
2139 2165
2139 2172
2139 2184
2139 2188
2139 2190
2139 2200
2139 2201
2139 2206
2139 2210
2139 2212
2139 2216
2139 2218
2139 2220
2139 2229
2139 2233
2139 2237
2139 2240
2139 2244
2139 2253
2139 2257
2139 2266
2139 2271
2139 2275
2139 2276
2139 2278
2139 2290
2139 2299
2139 2306
2139 2307
2139 2308
2139 2309
2139 2311
2139 2323
2139 2324
2139 2326
2139 2329
2139 2331
2139 2334
2139 2339
2139 2340
2139 2347
2139 2348
2139 2352
2139 2354
2139 2356
2139 2359
2139 2363
2139 2369
2139 2370
2139 2374
2139 2381
2139 2386
2139 2392
2139 2395
2139 2407
2139 2408
2139 2409
2139 2410
2139 2414
2139 2418
2139 2423
2139 2428
2139 2430
2139 2433
2139 2446
2139 2460
2139 2464
2139 2467
2139 2468
2139 2469
2139 2477
2139 2482
2139 2484
2139 2485
2139 2489
2139 2492
2139 2495
2139 2499
2139 2500
2139 2504
2139 2507
2139 2520
2139 2521
2139 2526
2139 2532
2139 2539
2139 2542
2139 2543
2139 2546
2139 2549
2139 2550
2139 2551
2139 2553
2139 2559
2139 2560
2139 2561
2139 2564
2139 2574
2139 2578
2139 2586
2139 2590
2139 2591
2139 2593
2139 2600
2139 2601
2139 2602
2139 2604
2139 2607
2139 2611
2139 2613
2139 2615
2139 2619
2139 2623
2139 2624
2139 2625
2139 2630
2139 2631
2139 2638
2139 2646
2139 2654
2139 2655
2140 1912
2140 1917
2140 1918
2140 1925
2140 1929
2140 1938
2140 1943
2140 1946
2140 1953
2140 1962
2140 1963
2140 1966
2140 1971
2140 1979
2140 1983
2140 1984
2140 1985
2140 1986
2140 1993
2140 1997
2140 2020
2140 2030
2140 2033
2140 2037
2140 2043
2140 2045
2140 2046
2140 2056
2140 2059
2140 2064
2140 2069
2140 2073
2140 2074
2140 2078
2140 2084
2140 2086
2140 2088
2140 2090
2140 2092
2140 2095
2140 2098
2140 2103
2140 2104
2140 2108
2140 2109
2140 2112
2140 2115
2140 2118
2140 2121
2140 2123
2140 2124
2140 2131
2140 2139
2140 2142
2140 2150
2140 2154
2140 2164
2140 2165
2140 2172
2140 2184
2140 2188
2140 2190
2140 2200
2140 2201
2140 2206
2140 2210
2140 2212
2140 2213
2140 2216
2140 2218
2140 2220
2140 2229
2140 2233
2140 2240
2140 2244
2140 2253
2140 2257
2140 2261
2140 2266
2140 2271
2140 2275
2140 2276
2140 2278
2140 2290
2140 2299
2140 2307
2140 2308
2140 2309
2140 2311
2140 2323
2140 2324
2140 2326
2140 2329
2140 2331
2140 2339
2140 2340
2140 2347
2140 2352
2140 2354
2140 2356
2140 2359
2140 2363
2140 2369
2140 2370
2140 2374
2140 2376
2140 2381
2140 2392
2140 2395
2140 2404
2140 2408
2140 2409
2140 2410
2140 2414
2140 2423
2140 2428
2140 2430
2140 2433
2140 2446
2140 2464
2140 2467
2140 2468
2140 2477
2140 2484
2140 2485
2140 2492
2140 2495
2140 2499
2140 2500
2140 2506
2140 2507
2140 2520
2140 2526
2140 2532
2140 2539
2140 2542
2140 2543
2140 2546
2140 2549
2140 2551
2140 2552
2140 2553
2140 2554
2140 2556
2140 2559
2140 2560
2140 2561
2140 2573
2140 2574
2140 2575
2140 2578
2140 2579
2140 2586
2140 2590
2140 2591
2140 2593
2140 2600
2140 2601
2140 2602
2140 2604
2140 2607
2140 2611
2140 2615
2140 2619
2140 2623
2140 2624
2140 2625
2140 2630
2140 2638
2140 2654
2140 2655
2141 1912
2141 1923
2141 1944
2141 1964
2141 2031
2141 2038
2141 2047
2141 2133
2141 2176
2141 2205
2141 2209
2141 2211
2141 2242
2141 2270
2141 2272
2141 2289
2141 2318
2141 2362
2141 2416
2141 2419
2141 2425
2141 2610
2141 2637
2141 2642
2142 1912
2142 1917
2142 1918
2142 1925
2142 1929
2142 1938
2142 1941
2142 1942
2142 1943
2142 1946
2142 1962
2142 1963
2142 1966
2142 1971
2142 1979
2142 1982
2142 1983
2142 1984
2142 1985
2142 1986
2142 1989
2142 1993
2142 2002
2142 2005
2142 2020
2142 2030
2142 2033
2142 2037
2142 2040
2142 2043
2142 2044
2142 2045
2142 2046
2142 2055
2142 2056
2142 2058
2142 2059
2142 2060
2142 2063
2142 2064
2142 2069
2142 2073
2142 2074
2142 2077
2142 2078
2142 2083
2142 2084
2142 2086
2142 2088
2142 2090
2142 2093
2142 2095
2142 2098
2142 2103
2142 2104
2142 2108
2142 2109
2142 2110
2142 2112
2142 2115
2142 2118
2142 2121
2142 2122
2142 2123
2142 2124
2142 2131
2142 2139
2142 2140
2142 2150
2142 2154
2142 2164
2142 2165
2142 2172
2142 2179
2142 2184
2142 2188
2142 2189
2142 2190
2142 2201
2142 2206
2142 2212
2142 2213
2142 2216
2142 2218
2142 2220
2142 2226
2142 2229
2142 2233
2142 2240
2142 2244
2142 2253
2142 2257
2142 2258
2142 2261
2142 2266
2142 2271
2142 2275
2142 2276
2142 2278
2142 2287
2142 2290
2142 2299
2142 2300
2142 2303
2142 2306
2142 2307
2142 2308
2142 2309
2142 2311
2142 2323
2142 2324
2142 2326
2142 2328
2142 2329
2142 2331
2142 2334
2142 2336
2142 2339
2142 2340
2142 2347
2142 2348
2142 2352
2142 2354
2142 2356
2142 2359
2142 2363
2142 2369
2142 2370
2142 2374
2142 2376
2142 2381
2142 2386
2142 2387
2142 2392
2142 2393
2142 2395
2142 2398
2142 2404
2142 2407
2142 2408
2142 2409
2142 2410
2142 2414
2142 2423
2142 2427
2142 2428
2142 2429
2142 2430
2142 2433
2142 2443
2142 2446
2142 2449
2142 2454
2142 2460
2142 2462
2142 2464
2142 2467
2142 2468
2142 2469
2142 2476
2142 2478
2142 2482
2142 2484
2142 2485
2142 2492
2142 2495
2142 2499
2142 2500
2142 2501
2142 2504
2142 2506
2142 2507
2142 2512
2142 2518
2142 2520
2142 2521
2142 2526
2142 2532
2142 2536
2142 2539
2142 2542
2142 2543
2142 2546
2142 2549
2142 2550
2142 2551
2142 2552
2142 2553
2142 2554
2142 2556
2142 2559
2142 2560
2142 2561
2142 2564
2142 2573
2142 2574
2142 2575
2142 2578
2142 2579
2142 2586
2142 2590
2142 2591
2142 2593
2142 2600
2142 2601
2142 2602
2142 2604
2142 2606
2142 2607
2142 2611
2142 2615
2142 2619
2142 2623
2142 2624
2142 2625
2142 2630
2142 2631
2142 2638
2142 2646
2142 2654
2142 2655
2143 136
2143 1577
2143 1718
2143 1912
2143 1916
2143 1919
2143 1921
2143 1931
2143 1940
2143 1945
2143 1948
2143 1954
2143 1959
2143 1968
2143 1972
2143 1973
2143 1980
2143 1985
2143 1994
2143 1999
2143 2001
2143 2002
2143 2009
2143 2010
2143 2028
2143 2032
2143 2042
2143 2052
2143 2054
2143 2061
2143 2068
2143 2071
2143 2087
2143 2102
2143 2125
2143 2128
2143 2133
2143 2135
2143 2137
2143 2149
2143 2151
2143 2153
2143 2159
2143 2169
2143 2174
2143 2176
2143 2180
2143 2187
2143 2198
2143 2199
2143 2203
2143 2224
2143 2239
2143 2241
2143 2250
2143 2273
2143 2279
2143 2283
2143 2289
2143 2292
2143 2294
2143 2302
2143 2315
2143 2319
2143 2328
2143 2336
2143 2343
2143 2365
2143 2368
2143 2377
2143 2384
2143 2420
2143 2436
2143 2451
2143 2461
2143 2463
2143 2471
2143 2472
2143 2475
2143 2491
2143 2498
2143 2509
2143 2510
2143 2511
2143 2512
2143 2533
2143 2543
2143 2544
2143 2555
2143 2567
2143 2571
2143 2582
2143 2588
2143 2592
2143 2597
2143 2598
2143 2616
2143 2620
2143 2627
2143 2629
2143 2648
2143 2649
2144 1577
2144 1718
2144 1912
2144 1920
2144 1932
2144 1941
2144 1945
2144 1948
2144 1955
2144 2007
2144 2032
2144 2038
2144 2039
2144 2047
2144 2054
2144 2068
2144 2071
2144 2072
2144 2081
2144 2087
2144 2111
2144 2117
2144 2127
2144 2133
2144 2138
2144 2148
2144 2153
2144 2174
2144 2183
2144 2187
2144 2189
2144 2191
2144 2194
2144 2196
2144 2199
2144 2223
2144 2224
2144 2241
2144 2254
2144 2268
2144 2282
2144 2283
2144 2289
2144 2292
2144 2315
2144 2319
2144 2330
2144 2332
2144 2333
2144 2336
2144 2351
2144 2384
2144 2398
2144 2401
2144 2436
2144 2445
2144 2451
2144 2463
2144 2465
2144 2471
2144 2472
2144 2491
2144 2510
2144 2511
2144 2543
2144 2555
2144 2589
2144 2592
2144 2594
2144 2598
2144 2599
2144 2609
2144 2616
2144 2617
2144 2642
2144 2643
2144 2649
2144 2653
2145 1912
2145 1923
2145 1926
2145 1934
2145 1964
2145 2031
2145 2038
2145 2047
2145 2080
2145 2085
2145 2107
2145 2116
2145 2117
2145 2133
2145 2146
2145 2176
2145 2186
2145 2211
2145 2232
2145 2235
2145 2236
2145 2277
2145 2289
2145 2296
2145 2313
2145 2322
2145 2325
2145 2357
2145 2366
2145 2367
2145 2406
2145 2416
2145 2473
2145 2502
2145 2525
2145 2544
2145 2566
2145 2610
2145 2612
2145 2637
2145 2642
2145 2656
2145 2659
2146 1912
2146 1915
2146 1949
2146 1960
2146 2091
2146 2107
2146 2126
2146 2129
2146 2145
2146 2152
2146 2160
2146 2162
2146 2173
2146 2181
2146 2193
2146 2341
2146 2361
2146 2371
2146 2405
2146 2411
2146 2424
2146 2455
2146 2488
2146 2659
2147 1912
2147 1943
2147 1983
2147 1985
2147 2007
2147 2040
2147 2043
2147 2056
2147 2064
2147 2067
2147 2078
2147 2083
2147 2092
2147 2188
2147 2189
2147 2218
2147 2262
2147 2266
2147 2271
2147 2288
2147 2300
2147 2311
2147 2339
2147 2350
2147 2376
2147 2383
2147 2387
2147 2391
2147 2404
2147 2428
2147 2443
2147 2476
2147 2478
2147 2545
2147 2575
2147 2576
2147 2590
2147 2600
2147 2604
2147 2611
2147 2615
2148 1465
2148 1577
2148 1718
2148 1912
2148 1920
2148 1932
2148 1940
2148 1941
2148 1945
2148 1948
2148 1994
2148 2007
2148 2028
2148 2032
2148 2039
2148 2042
2148 2047
2148 2052
2148 2054
2148 2071
2148 2081
2148 2087
2148 2102
2148 2111
2148 2117
2148 2125
2148 2127
2148 2128
2148 2134
2148 2137
2148 2138
2148 2144
2148 2153
2148 2174
2148 2180
2148 2183
2148 2187
2148 2191
2148 2194
2148 2196
2148 2199
2148 2224
2148 2241
2148 2247
2148 2264
2148 2279
2148 2282
2148 2283
2148 2289
2148 2292
2148 2293
2148 2295
2148 2302
2148 2315
2148 2327
2148 2328
2148 2332
2148 2333
2148 2336
2148 2338
2148 2347
2148 2351
2148 2372
2148 2384
2148 2394
2148 2398
2148 2417
2148 2458
2148 2461
2148 2463
2148 2465
2148 2472
2148 2509
2148 2510
2148 2516
2148 2530
2148 2533
2148 2543
2148 2555
2148 2567
2148 2571
2148 2592
2148 2597
2148 2598
2148 2599
2148 2609
2148 2629
2148 2635
2148 2643
2148 2649
2149 1465
2149 1577
2149 1718
2149 1912
2149 1916
2149 1920
2149 1926
2149 1932
2149 1940
2149 1945
2149 1947
2149 1954
2149 1959
2149 1964
2149 2002
2149 2007
2149 2010
2149 2028
2149 2031
2149 2032
2149 2038
2149 2039
2149 2042
2149 2047
2149 2052
2149 2054
2149 2057
2149 2068
2149 2071
2149 2081
2149 2087
2149 2102
2149 2111
2149 2117
2149 2125
2149 2127
2149 2132
2149 2133
2149 2134
2149 2138
2149 2143
2149 2151
2149 2153
2149 2155
2149 2169
2149 2174
2149 2176
2149 2183
2149 2185
2149 2187
2149 2189
2149 2194
2149 2196
2149 2198
2149 2199
2149 2203
2149 2215
2149 2223
2149 2224
2149 2226
2149 2241
2149 2246
2149 2247
2149 2250
2149 2254
2149 2268
2149 2273
2149 2279
2149 2282
2149 2283
2149 2289
2149 2292
2149 2293
2149 2294
2149 2302
2149 2319
2149 2325
2149 2328
2149 2330
2149 2332
2149 2333
2149 2336
2149 2338
2149 2343
2149 2344
2149 2347
2149 2351
2149 2368
2149 2372
2149 2384
2149 2385
2149 2398
2149 2399
2149 2419
2149 2434
2149 2436
2149 2445
2149 2461
2149 2463
2149 2471
2149 2475
2149 2491
2149 2498
2149 2508
2149 2509
2149 2510
2149 2512
2149 2516
2149 2519
2149 2525
2149 2529
2149 2533
2149 2543
2149 2547
2149 2555
2149 2572
2149 2582
2149 2588
2149 2592
2149 2598
2149 2603
2149 2608
2149 2616
2149 2617
2149 2629
2149 2642
2149 2643
2149 2649
