2150 1912
2150 1917
2150 1925
2150 1929
2150 1938
2150 1941
2150 1943
2150 1946
2150 1953
2150 1962
2150 1966
2150 1971
2150 1979
2150 1983
2150 1984
2150 1985
2150 1986
2150 1993
2150 1997
2150 2005
2150 2020
2150 2026
2150 2030
2150 2033
2150 2040
2150 2043
2150 2045
2150 2046
2150 2048
2150 2055
2150 2056
2150 2058
2150 2059
2150 2063
2150 2064
2150 2069
2150 2073
2150 2074
2150 2077
2150 2078
2150 2083
2150 2088
2150 2090
2150 2093
2150 2095
2150 2098
2150 2103
2150 2104
2150 2108
2150 2112
2150 2115
2150 2118
2150 2121
2150 2122
2150 2123
2150 2124
2150 2131
2150 2139
2150 2140
2150 2142
2150 2154
2150 2165
2150 2172
2150 2179
2150 2184
2150 2188
2150 2190
2150 2200
2150 2201
2150 2206
2150 2212
2150 2216
2150 2218
2150 2220
2150 2229
2150 2233
2150 2237
2150 2240
2150 2244
2150 2253
2150 2257
2150 2258
2150 2261
2150 2266
2150 2271
2150 2275
2150 2276
2150 2278
2150 2287
2150 2290
2150 2299
2150 2300
2150 2306
2150 2307
2150 2308
2150 2309
2150 2323
2150 2324
2150 2326
2150 2329
2150 2331
2150 2334
2150 2339
2150 2340
2150 2347
2150 2348
2150 2350
2150 2352
2150 2353
2150 2354
2150 2356
2150 2359
2150 2369
2150 2370
2150 2374
2150 2376
2150 2381
2150 2386
2150 2392
2150 2395
2150 2404
2150 2408
2150 2409
2150 2410
2150 2414
2150 2418
2150 2423
2150 2428
2150 2429
2150 2430
2150 2433
2150 2446
2150 2460
2150 2464
2150 2467
2150 2468
2150 2469
2150 2478
2150 2482
2150 2489
2150 2492
2150 2495
2150 2499
2150 2500
2150 2504
2150 2507
2150 2520
2150 2521
2150 2526
2150 2532
2150 2536
2150 2539
2150 2542
2150 2543
2150 2546
2150 2549
2150 2550
2150 2551
2150 2552
2150 2553
2150 2554
2150 2556
2150 2559
2150 2560
2150 2561
2150 2563
2150 2564
2150 2573
2150 2575
2150 2578
2150 2579
2150 2586
2150 2590
2150 2593
2150 2600
2150 2601
2150 2602
2150 2604
2150 2606
2150 2607
2150 2611
2150 2615
2150 2619
2150 2623
2150 2624
2150 2625
2150 2630
2150 2631
2150 2638
2150 2646
2150 2654
2150 2655
2151 1577
2151 1718
2151 1912
2151 1916
2151 1920
2151 1932
2151 1940
2151 1945
2151 1947
2151 1948
2151 1954
2151 1970
2151 2002
2151 2007
2151 2010
2151 2032
2151 2039
2151 2042
2151 2052
2151 2054
2151 2068
2151 2071
2151 2087
2151 2102
2151 2111
2151 2125
2151 2127
2151 2128
2151 2133
2151 2138
2151 2143
2151 2149
2151 2153
2151 2169
2151 2174
2151 2176
2151 2180
2151 2187
2151 2189
2151 2199
2151 2203
2151 2223
2151 2224
2151 2241
2151 2246
2151 2247
2151 2250
2151 2267
2151 2273
2151 2289
2151 2292
2151 2294
2151 2319
2151 2328
2151 2336
2151 2338
2151 2343
2151 2344
2151 2347
2151 2351
2151 2368
2151 2377
2151 2384
2151 2399
2151 2419
2151 2436
2151 2461
2151 2463
2151 2468
2151 2471
2151 2475
2151 2498
2151 2509
2151 2510
2151 2512
2151 2522
2151 2543
2151 2567
2151 2582
2151 2588
2151 2589
2151 2598
2151 2616
2151 2629
2151 2642
2151 2649
2152 1912
2152 1949
2152 1960
2152 1990
2152 2008
2152 2015
2152 2082
2152 2085
2152 2107
2152 2126
2152 2146
2152 2231
2152 2236
2152 2248
2152 2357
2152 2373
2152 2388
2152 2405
2153 136
2153 1465
2153 1577
2153 1718
2153 1912
2153 1920
2153 1926
2153 1932
2153 1940
2153 1941
2153 1945
2153 1947
2153 1948
2153 1954
2153 1959
2153 1970
2153 1994
2153 2002
2153 2007
2153 2010
2153 2026
2153 2028
2153 2032
2153 2039
2153 2042
2153 2047
2153 2052
2153 2053
2153 2054
2153 2068
2153 2071
2153 2072
2153 2081
2153 2087
2153 2102
2153 2111
2153 2117
2153 2125
2153 2127
2153 2128
2153 2133
2153 2134
2153 2135
2153 2137
2153 2138
2153 2143
2153 2144
2153 2148
2153 2149
2153 2151
2153 2169
2153 2174
2153 2176
2153 2180
2153 2183
2153 2187
2153 2191
2153 2194
2153 2196
2153 2199
2153 2203
2153 2215
2153 2223
2153 2224
2153 2233
2153 2241
2153 2246
2153 2247
2153 2250
2153 2254
2153 2264
2153 2267
2153 2268
2153 2273
2153 2279
2153 2282
2153 2283
2153 2289
2153 2292
2153 2293
2153 2294
2153 2302
2153 2315
2153 2319
2153 2325
2153 2327
2153 2328
2153 2332
2153 2333
2153 2336
2153 2338
2153 2343
2153 2344
2153 2347
2153 2351
2153 2372
2153 2377
2153 2384
2153 2385
2153 2396
2153 2398
2153 2419
2153 2420
2153 2434
2153 2451
2153 2461
2153 2463
2153 2465
2153 2468
2153 2471
2153 2472
2153 2475
2153 2491
2153 2496
2153 2498
2153 2508
2153 2509
2153 2510
2153 2511
2153 2533
2153 2543
2153 2547
2153 2555
2153 2567
2153 2582
2153 2588
2153 2592
2153 2594
2153 2597
2153 2598
2153 2599
2153 2608
2153 2609
2153 2616
2153 2617
2153 2629
2153 2642
2153 2643
2153 2653
2154 1912
2154 1917
2154 1918
2154 1929
2154 1938
2154 1943
2154 1946
2154 1962
2154 1963
2154 1966
2154 1971
2154 1983
2154 1985
2154 1986
2154 1993
2154 1997
2154 2020
2154 2030
2154 2033
2154 2037
2154 2043
2154 2045
2154 2058
2154 2059
2154 2060
2154 2063
2154 2064
2154 2065
2154 2067
2154 2069
2154 2073
2154 2074
2154 2078
2154 2086
2154 2088
2154 2090
2154 2093
2154 2095
2154 2103
2154 2104
2154 2108
2154 2112
2154 2115
2154 2118
2154 2122
2154 2123
2154 2124
2154 2131
2154 2139
2154 2140
2154 2142
2154 2150
2154 2165
2154 2172
2154 2179
2154 2184
2154 2188
2154 2190
2154 2200
2154 2201
2154 2206
2154 2212
2154 2213
2154 2216
2154 2218
2154 2220
2154 2229
2154 2233
2154 2237
2154 2240
2154 2244
2154 2253
2154 2257
2154 2266
2154 2271
2154 2275
2154 2276
2154 2278
2154 2290
2154 2299
2154 2306
2154 2307
2154 2308
2154 2309
2154 2323
2154 2324
2154 2326
2154 2329
2154 2334
2154 2339
2154 2340
2154 2347
2154 2352
2154 2354
2154 2356
2154 2359
2154 2363
2154 2369
2154 2370
2154 2374
2154 2376
2154 2381
2154 2386
2154 2391
2154 2395
2154 2404
2154 2407
2154 2408
2154 2409
2154 2410
2154 2414
2154 2418
2154 2423
2154 2428
2154 2429
2154 2430
2154 2460
2154 2464
2154 2467
2154 2468
2154 2469
2154 2477
2154 2478
2154 2482
2154 2484
2154 2485
2154 2489
2154 2492
2154 2500
2154 2504
2154 2507
2154 2526
2154 2542
2154 2546
2154 2549
2154 2553
2154 2556
2154 2559
2154 2564
2154 2573
2154 2578
2154 2579
2154 2586
2154 2590
2154 2593
2154 2600
2154 2601
2154 2602
2154 2604
2154 2607
2154 2611
2154 2615
2154 2623
2154 2624
2154 2625
2154 2630
2154 2638
2154 2646
2154 2654
2154 2655
2155 1718
2155 1912
2155 1923
2155 1970
2155 2010
2155 2048
2155 2133
2155 2149
2155 2176
2155 2209
2155 2221
2155 2226
2155 2235
2155 2246
2155 2247
2155 2270
2155 2273
2155 2283
2155 2289
2155 2310
2155 2318
2155 2325
2155 2328
2155 2343
2155 2344
2155 2368
2155 2416
2155 2419
2155 2425
2155 2438
2155 2475
2155 2491
2155 2498
2155 2501
2155 2525
2155 2557
2155 2603
2155 2608
2155 2610
2155 2641
2155 2642
2156 1912
2156 1915
2156 1922
2156 1975
2156 2015
2156 2034
2156 2070
2156 2091
2156 2114
2156 2120
2156 2130
2156 2160
2156 2162
2156 2173
2156 2197
2156 2231
2156 2251
2156 2322
2156 2341
2156 2360
2156 2388
2156 2412
2156 2424
2156 2455
2156 2577
2156 2587
2156 2659
2157 136
2157 1912
2157 1927
2157 1928
2157 1951
2157 1976
2157 1991
2157 1995
2157 1998
2157 2000
2157 2001
2157 2004
2157 2009
2157 2011
2157 2012
2157 2018
2157 2022
2157 2024
2157 2027
2157 2050
2157 2116
2157 2171
2157 2192
2157 2202
2157 2225
2157 2268
2157 2337
2157 2364
2157 2365
2157 2378
2157 2417
2157 2447
2157 2459
2157 2538
2157 2583
2157 2636
2157 2640
2157 2645
2157 2648
2158 1912
2158 1975
2158 2049
2158 2228
2158 2231
2158 2335
2158 2411
2158 2474
2158 2488
2158 2523
2159 1912
2159 1919
2159 1921
2159 1927
2159 1931
2159 1935
2159 1950
2159 1951
2159 1957
2159 1958
2159 1968
2159 1972
2159 1973
2159 1976
2159 1980
2159 1991
2159 1995
2159 1998
2159 2001
2159 2006
2159 2009
2159 2018
2159 2024
2159 2025
2159 2027
2159 2061
2159 2116
2159 2143
2159 2171
2159 2192
2159 2202
2159 2225
2159 2284
2159 2297
2159 2346
2159 2364
2159 2365
2159 2538
2159 2583
2159 2585
2159 2620
2159 2626
2159 2627
2159 2633
2159 2640
2159 2648
2159 2657
2159 2659
2160 1912
2160 1922
2160 1933
2160 2091
2160 2107
2160 2114
2160 2120
2160 2126
2160 2130
2160 2146
2160 2156
2160 2238
2160 2251
2160 2260
2160 2313
2160 2341
2160 2360
2160 2361
2160 2405
2160 2412
2160 2455
2160 2577
2160 2587
2160 2659
2161 1912
2161 1920
2161 1926
2161 1939
2161 1945
2161 1947
2161 1955
2161 1959
2161 1970
2161 1981
2161 2003
2161 2007
2161 2026
2161 2032
2161 2053
2161 2054
2161 2062
2161 2068
2161 2072
2161 2075
2161 2081
2161 2101
2161 2110
2161 2111
2161 2125
2161 2132
2161 2194
2161 2199
2161 2221
2161 2222
2161 2232
2161 2235
2161 2243
2161 2259
2161 2264
2161 2267
2161 2280
2161 2282
2161 2292
2161 2294
2161 2304
2161 2327
2161 2328
2161 2333
2161 2336
2161 2338
2161 2344
2161 2367
2161 2379
2161 2384
2161 2390
2161 2394
2161 2396
2161 2415
2161 2417
2161 2434
2161 2438
2161 2451
2161 2458
2161 2471
2161 2473
2161 2475
2161 2479
2161 2491
2161 2501
2161 2508
2161 2509
2161 2511
2161 2522
2161 2537
2161 2543
2161 2547
2161 2555
2161 2592
2161 2594
2161 2597
2161 2598
2161 2603
2161 2608
2161 2617
2161 2649
2161 2652
2162 1912
2162 1960
2162 1964
2162 2091
2162 2126
2162 2146
2162 2156
2162 2173
2162 2238
2162 2313
2162 2325
2162 2341
2162 2371
2162 2405
2162 2540
2163 1577
2163 1912
2163 1923
2163 1940
2163 1948
2163 1970
2163 2028
2163 2054
2163 2060
2163 2087
2163 2111
2163 2125
2163 2128
2163 2183
2163 2198
2163 2223
2163 2224
2163 2242
2163 2283
2163 2328
2163 2344
2163 2368
2163 2395
2163 2399
2163 2502
2163 2516
2163 2519
2163 2543
2163 2582
2163 2643
2163 2649
2164 1912
2164 1925
2164 1929
2164 1942
2164 1946
2164 1962
2164 1966
2164 1971
2164 1979
2164 1986
2164 1993
2164 2005
2164 2030
2164 2033
2164 2037
2164 2040
2164 2043
2164 2078
2164 2083
2164 2084
2164 2088
2164 2093
2164 2098
2164 2108
2164 2109
2164 2136
2164 2140
2164 2142
2164 2165
2164 2172
2164 2188
2164 2200
2164 2201
2164 2206
2164 2220
2164 2229
2164 2233
2164 2253
2164 2257
2164 2266
2164 2271
2164 2276
2164 2278
2164 2290
2164 2300
2164 2306
2164 2323
2164 2324
2164 2340
2164 2348
2164 2352
2164 2363
2164 2369
2164 2376
2164 2381
2164 2404
2164 2423
2164 2428
2164 2433
2164 2462
2164 2464
2164 2468
2164 2484
2164 2492
2164 2495
2164 2507
2164 2520
2164 2526
2164 2536
2164 2542
2164 2551
2164 2559
2164 2560
2164 2561
2164 2563
2164 2575
2164 2579
2164 2586
2164 2590
2164 2591
2164 2593
2164 2600
2164 2601
2164 2604
2164 2607
2164 2611
2164 2613
2164 2615
2164 2624
2164 2625
2164 2630
2164 2638
2165 1912
2165 1917
2165 1918
2165 1925
2165 1938
2165 1941
2165 1943
2165 1946
2165 1962
2165 1966
2165 1971
2165 1979
2165 1984
2165 1985
2165 1986
2165 1993
2165 2020
2165 2030
2165 2033
2165 2037
2165 2040
2165 2043
2165 2059
2165 2073
2165 2078
2165 2083
2165 2084
2165 2088
2165 2090
2165 2095
2165 2104
2165 2109
2165 2118
2165 2122
2165 2123
2165 2124
2165 2131
2165 2139
2165 2140
2165 2142
2165 2150
2165 2154
2165 2164
2165 2172
2165 2188
2165 2190
2165 2201
2165 2206
2165 2212
2165 2213
2165 2218
2165 2220
2165 2229
2165 2233
2165 2240
2165 2244
2165 2257
2165 2261
2165 2266
2165 2271
2165 2275
2165 2276
2165 2278
2165 2290
2165 2299
2165 2300
2165 2309
2165 2323
2165 2324
2165 2329
2165 2340
2165 2347
2165 2352
2165 2369
2165 2376
2165 2381
2165 2404
2165 2408
2165 2410
2165 2414
2165 2423
2165 2449
2165 2460
2165 2462
2165 2464
2165 2468
2165 2484
2165 2485
2165 2492
2165 2495
2165 2499
2165 2500
2165 2504
2165 2507
2165 2520
2165 2524
2165 2526
2165 2536
2165 2542
2165 2543
2165 2546
2165 2551
2165 2552
2165 2553
2165 2559
2165 2560
2165 2563
2165 2573
2165 2574
2165 2578
2165 2579
2165 2586
2165 2590
2165 2591
2165 2593
2165 2600
2165 2601
2165 2602
2165 2604
2165 2607
2165 2611
2165 2615
2165 2619
2165 2623
2165 2624
2165 2625
2165 2630
2165 2655
2166 1912
2166 1960
2166 1965
2166 2107
2166 2289
2166 2335
2166 2361
2166 2371
2166 2405
2167 1912
2167 2094
2167 2281
2167 2487
2167 2535
2168 1912
2168 2106
2168 2421
2169 1465
2169 1577
2169 1718
2169 1912
2169 1916
2169 1926
2169 1940
2169 1941
2169 1945
2169 1947
2169 1948
2169 1954
2169 1955
2169 1959
2169 1987
2169 2002
2169 2007
2169 2010
2169 2032
2169 2038
2169 2039
2169 2042
2169 2047
2169 2052
2169 2054
2169 2068
2169 2072
2169 2087
2169 2102
2169 2111
2169 2117
2169 2125
2169 2132
2169 2133
2169 2134
2169 2138
2169 2143
2169 2149
2169 2151
2169 2153
2169 2174
2169 2176
2169 2180
2169 2183
2169 2187
2169 2189
2169 2194
2169 2196
2169 2198
2169 2199
2169 2203
2169 2224
2169 2246
2169 2247
2169 2249
2169 2250
2169 2273
2169 2279
2169 2283
2169 2289
2169 2292
2169 2294
2169 2295
2169 2302
2169 2304
2169 2327
2169 2328
2169 2332
2169 2336
2169 2338
2169 2343
2169 2344
2169 2347
2169 2368
2169 2372
2169 2377
2169 2384
2169 2385
2169 2398
2169 2399
2169 2419
2169 2434
2169 2436
2169 2451
2169 2461
2169 2463
2169 2471
2169 2472
2169 2475
2169 2491
2169 2498
2169 2502
2169 2509
2169 2511
2169 2512
2169 2516
2169 2519
2169 2582
2169 2588
2169 2589
2169 2592
2169 2598
2169 2608
2169 2616
2169 2617
2169 2629
2169 2642
2169 2643
2169 2649
2170 1912
2170 1988
2170 1992
2170 2076
2170 2207
2170 2255
2170 2320
2170 2349
2170 2399
2170 2401
2170 2426
2170 2444
2170 2466
2170 2486
2170 2490
2170 2513
2170 2622
2170 2650
2171 136
2171 1912
2171 1914
2171 1919
2171 1927
2171 1928
2171 1935
2171 1951
2171 1957
2171 1958
2171 1968
2171 1972
2171 1973
2171 1976
2171 1980
2171 1991
2171 1995
2171 1998
2171 1999
2171 2000
2171 2001
2171 2004
2171 2006
2171 2011
2171 2012
2171 2018
2171 2022
2171 2024
2171 2025
2171 2027
2171 2050
2171 2061
2171 2097
2171 2116
2171 2157
2171 2159
2171 2192
2171 2202
2171 2225
2171 2268
2171 2284
2171 2297
2171 2337
2171 2346
2171 2364
2171 2365
2171 2378
2171 2417
2171 2435
2171 2447
2171 2459
2171 2494
2171 2538
2171 2583
2171 2620
2171 2627
2171 2633
2171 2636
2171 2639
2171 2640
2171 2645
2171 2647
2171 2648
2171 2657
2171 2658
2171 2660
2172 1912
2172 1917
2172 1918
2172 1925
2172 1929
2172 1938
2172 1943
2172 1946
2172 1953
2172 1962
2172 1963
2172 1966
2172 1971
2172 1983
2172 1984
2172 1985
2172 1993
2172 1997
2172 2005
2172 2020
2172 2021
2172 2030
2172 2033
2172 2037
2172 2040
2172 2043
2172 2046
2172 2058
2172 2059
2172 2063
2172 2064
2172 2069
2172 2073
2172 2074
2172 2078
2172 2083
2172 2084
2172 2086
2172 2088
2172 2090
2172 2092
2172 2093
2172 2095
2172 2098
2172 2103
2172 2104
2172 2108
2172 2109
2172 2112
2172 2115
2172 2118
2172 2121
2172 2122
2172 2123
2172 2124
2172 2131
2172 2136
2172 2139
2172 2140
2172 2142
2172 2150
2172 2154
2172 2164
2172 2165
2172 2179
2172 2184
2172 2188
2172 2190
2172 2200
2172 2201
2172 2206
2172 2210
2172 2212
2172 2216
2172 2218
2172 2220
2172 2229
2172 2233
2172 2237
2172 2240
2172 2244
2172 2257
2172 2258
2172 2261
2172 2266
2172 2271
2172 2275
2172 2276
2172 2278
2172 2290
2172 2299
2172 2300
2172 2307
2172 2308
2172 2309
2172 2311
2172 2323
2172 2324
2172 2326
2172 2329
2172 2331
2172 2339
2172 2340
2172 2347
2172 2348
2172 2350
2172 2352
2172 2353
2172 2354
2172 2356
2172 2359
2172 2363
2172 2369
2172 2370
2172 2374
2172 2376
2172 2381
2172 2386
2172 2391
2172 2395
2172 2404
2172 2407
2172 2408
2172 2409
2172 2410
2172 2414
2172 2418
2172 2428
2172 2430
2172 2433
2172 2446
2172 2460
2172 2462
2172 2464
2172 2467
2172 2468
2172 2469
2172 2478
2172 2482
2172 2484
2172 2485
2172 2489
2172 2492
2172 2495
2172 2499
2172 2500
2172 2504
2172 2506
2172 2507
2172 2520
2172 2521
2172 2526
2172 2532
2172 2536
2172 2539
2172 2542
2172 2543
2172 2546
2172 2549
2172 2550
2172 2552
2172 2553
2172 2554
2172 2556
2172 2559
2172 2560
2172 2561
2172 2563
2172 2564
2172 2573
2172 2574
2172 2578
2172 2579
2172 2586
2172 2590
2172 2591
2172 2593
2172 2600
2172 2601
2172 2602
2172 2604
2172 2607
2172 2611
2172 2615
2172 2619
2172 2623
2172 2624
2172 2625
2172 2630
2172 2631
2172 2646
2172 2654
2172 2655
2173 1912
2173 1936
2173 1949
2173 1960
2173 1975
2173 1978
2173 1990
2173 2047
2173 2049
2173 2091
2173 2126
2173 2146
2173 2156
2173 2162
2173 2248
2173 2251
2173 2260
2173 2286
2173 2314
2173 2335
2173 2341
2173 2357
2173 2403
2173 2405
2173 2411
2173 2412
2173 2497
2173 2503
2173 2534
2173 2540
2174 136
2174 1577
2174 1718
2174 1912
2174 1916
2174 1923
2174 1926
2174 1940
2174 1945
2174 1947
2174 1954
2174 1955
2174 1959
2174 1964
2174 1987
2174 2007
2174 2010
2174 2028
2174 2031
2174 2032
2174 2038
2174 2047
2174 2052
2174 2054
2174 2068
2174 2071
2174 2072
2174 2081
2174 2087
2174 2102
2174 2111
2174 2117
2174 2125
2174 2127
2174 2133
2174 2135
2174 2138
2174 2143
2174 2144
2174 2148
2174 2149
2174 2151
2174 2153
2174 2169
2174 2176
2174 2180
2174 2183
2174 2187
2174 2189
2174 2194
2174 2199
2174 2203
2174 2209
2174 2211
2174 2223
2174 2224
2174 2239
2174 2241
2174 2242
2174 2246
2174 2247
2174 2249
2174 2250
2174 2254
2174 2264
2174 2267
2174 2268
2174 2279
2174 2283
2174 2285
2174 2289
2174 2292
2174 2294
2174 2296
2174 2319
2174 2325
2174 2327
2174 2328
2174 2330
2174 2336
2174 2338
2174 2343
2174 2368
2174 2372
2174 2377
2174 2384
2174 2398
2174 2419
2174 2434
2174 2436
2174 2445
2174 2451
2174 2458
2174 2461
2174 2463
2174 2471
2174 2475
2174 2491
2174 2498
2174 2508
2174 2509
2174 2510
2174 2511
2174 2512
2174 2537
2174 2547
2174 2581
2174 2582
2174 2588
2174 2589
2174 2594
2174 2598
2174 2608
2174 2610
2174 2612
2174 2616
2174 2617
2174 2643
2174 2649
2174 2653
2175 1912
2175 1975
2175 2047
2175 2133
2175 2176
2175 2286
2175 2289
2175 2642
2176 1577
2176 1718
2176 1912
2176 1916
2176 1923
2176 1926
2176 1940
2176 1944
2176 1945
2176 1954
2176 1964
2176 1965
2176 1970
2176 2007
2176 2010
2176 2026
2176 2028
2176 2031
2176 2032
2176 2038
2176 2039
2176 2047
2176 2052
2176 2054
2176 2068
2176 2071
2176 2081
2176 2087
2176 2102
2176 2111
2176 2114
2176 2125
2176 2127
2176 2133
2176 2138
2176 2141
2176 2143
2176 2145
2176 2149
2176 2151
2176 2153
2176 2155
2176 2169
2176 2174
2176 2175
2176 2180
2176 2185
2176 2187
2176 2194
2176 2196
2176 2199
2176 2203
2176 2209
2176 2211
2176 2224
2176 2235
2176 2241
2176 2242
2176 2246
2176 2247
2176 2250
2176 2254
2176 2264
2176 2267
2176 2272
2176 2273
2176 2282
2176 2289
2176 2292
2176 2294
2176 2304
2176 2310
2176 2318
2176 2322
2176 2325
2176 2328
2176 2333
2176 2336
2176 2343
2176 2344
2176 2351
2176 2362
2176 2366
2176 2372
2176 2377
2176 2384
2176 2406
2176 2416
2176 2419
2176 2425
2176 2453
2176 2461
2176 2463
2176 2471
2176 2475
2176 2480
2176 2498
2176 2509
2176 2512
2176 2522
2176 2525
2176 2543
2176 2555
2176 2557
2176 2567
2176 2582
2176 2588
2176 2592
2176 2594
2176 2598
2176 2603
2176 2608
2176 2610
2176 2616
2176 2637
2176 2642
2176 2649
2177 1912
2177 2081
2177 2252
2177 2282
2177 2294
2177 2304
2177 2325
2177 2328
2177 2333
2177 2451
2177 2509
2178 1912
2178 2316
2178 2321
2179 1912
2179 1917
2179 1938
2179 1943
2179 1946
2179 1962
2179 1971
2179 1979
2179 1983
2179 1985
2179 1993
2179 2021
2179 2037
2179 2059
2179 2063
2179 2064
2179 2073
2179 2074
2179 2078
2179 2086
2179 2090
2179 2103
2179 2104
2179 2112
2179 2118
2179 2122
2179 2123
2179 2124
2179 2131
2179 2142
2179 2150
2179 2154
2179 2172
2179 2184
2179 2188
2179 2200
2179 2206
2179 2212
2179 2216
2179 2218
2179 2220
2179 2229
2179 2233
2179 2240
2179 2244
2179 2257
2179 2266
2179 2271
2179 2278
2179 2290
2179 2300
2179 2307
2179 2308
2179 2309
2179 2311
2179 2324
2179 2331
2179 2334
2179 2347
2179 2352
2179 2354
2179 2356
2179 2359
2179 2363
2179 2376
2179 2381
2179 2404
2179 2414
2179 2423
2179 2430
2179 2464
2179 2477
2179 2484
2179 2485
2179 2495
2179 2504
2179 2507
2179 2539
2179 2546
2179 2553
2179 2556
2179 2563
2179 2575
2179 2590
2179 2600
2179 2601
2179 2602
2179 2604
2179 2607
2179 2611
2179 2613
2179 2625
2179 2638
2179 2654
2180 136
2180 1465
2180 1577
2180 1718
2180 1912
2180 1920
2180 1932
2180 1939
2180 1940
2180 1941
2180 1947
2180 1954
2180 1955
2180 2007
2180 2026
2180 2028
2180 2032
2180 2038
2180 2039
2180 2042
2180 2047
2180 2053
2180 2054
2180 2068
2180 2071
2180 2072
2180 2081
2180 2087
2180 2102
2180 2111
2180 2133
2180 2134
2180 2135
2180 2138
2180 2143
2180 2148
2180 2151
2180 2153
2180 2169
2180 2174
2180 2176
2180 2183
2180 2187
2180 2189
2180 2191
2180 2194
2180 2199
2180 2203
2180 2215
2180 2224
2180 2241
2180 2246
2180 2247
2180 2250
2180 2254
2180 2264
2180 2267
2180 2268
2180 2279
2180 2282
2180 2283
2180 2285
2180 2289
2180 2292
2180 2294
2180 2302
2180 2304
2180 2327
2180 2328
2180 2330
2180 2332
2180 2336
2180 2338
2180 2344
2180 2347
2180 2351
2180 2368
2180 2372
2180 2377
2180 2384
2180 2385
2180 2398
2180 2417
2180 2420
2180 2434
2180 2436
2180 2451
2180 2458
2180 2461
2180 2465
2180 2472
2180 2491
2180 2496
2180 2498
2180 2508
2180 2509
2180 2510
2180 2511
2180 2516
2180 2543
2180 2547
2180 2555
2180 2567
2180 2588
2180 2589
2180 2592
2180 2597
2180 2598
2180 2617
2180 2629
2180 2642
2180 2643
2180 2649
2180 2653
2181 1912
2181 1949
2181 2120
2181 2126
2181 2129
2181 2146
2181 2357
2181 2371
2181 2373
2181 2405
2181 2412
2181 2440
2181 2497
2181 2562
2181 2587
2181 2644
2181 2656
2182 1912
2182 1944
2182 2029
2182 2242
2182 2452
2182 2480
2182 2610
2182 2642
2183 136
2183 1465
2183 1577
2183 1912
2183 1916
2183 1920
2183 1926
2183 1932
2183 1939
2183 1941
2183 1945
2183 1947
2183 1948
2183 1955
2183 1959
2183 1970
2183 1994
2183 2002
2183 2007
2183 2010
2183 2026
2183 2028
2183 2032
2183 2038
2183 2039
2183 2042
2183 2047
2183 2052
2183 2053
2183 2054
2183 2062
2183 2065
2183 2068
2183 2071
2183 2072
2183 2081
2183 2087
2183 2101
2183 2102
2183 2111
2183 2117
2183 2125
2183 2127
2183 2128
2183 2132
2183 2135
2183 2137
2183 2138
2183 2144
2183 2148
2183 2149
2183 2153
2183 2163
2183 2169
2183 2174
2183 2180
2183 2187
2183 2191
2183 2194
2183 2196
2183 2199
2183 2215
2183 2223
2183 2224
2183 2241
2183 2246
2183 2247
2183 2264
2183 2267
2183 2273
2183 2279
2183 2282
2183 2283
2183 2289
2183 2292
2183 2293
2183 2294
2183 2302
2183 2315
2183 2319
2183 2327
2183 2328
2183 2332
2183 2333
2183 2336
2183 2338
2183 2344
2183 2345
2183 2347
2183 2351
2183 2367
2183 2368
2183 2372
2183 2384
2183 2385
2183 2394
2183 2398
2183 2420
2183 2434
2183 2436
2183 2451
2183 2458
2183 2461
2183 2465
2183 2468
2183 2471
2183 2472
2183 2475
2183 2491
2183 2508
2183 2509
2183 2510
2183 2511
2183 2516
2183 2518
2183 2529
2183 2533
2183 2537
2183 2543
2183 2555
2183 2567
2183 2582
2183 2589
2183 2592
2183 2594
2183 2597
2183 2598
2183 2608
2183 2609
2183 2617
2183 2629
2183 2643
2183 2649
2183 2653
2184 1912
2184 1917
2184 1918
2184 1925
2184 1929
2184 1938
2184 1941
2184 1943
2184 1946
2184 1953
2184 1962
2184 1966
2184 1971
2184 1979
2184 1983
2184 1984
2184 1985
2184 1986
2184 1993
2184 1997
2184 2005
2184 2020
2184 2030
2184 2033
2184 2037
2184 2040
2184 2043
2184 2045
2184 2046
2184 2056
2184 2059
2184 2063
2184 2064
2184 2069
2184 2073
2184 2074
2184 2077
2184 2078
2184 2083
2184 2084
2184 2086
2184 2088
2184 2090
2184 2093
2184 2098
2184 2103
2184 2104
2184 2108
2184 2109
2184 2112
2184 2118
2184 2121
2184 2122
2184 2123
2184 2124
2184 2131
2184 2136
2184 2139
2184 2140
2184 2142
2184 2150
2184 2154
2184 2172
2184 2179
2184 2188
2184 2189
2184 2190
2184 2200
2184 2201
2184 2206
2184 2210
2184 2212
2184 2216
2184 2218
2184 2220
2184 2229
2184 2233
2184 2237
2184 2240
2184 2244
2184 2253
2184 2257
2184 2261
2184 2266
2184 2271
2184 2275
2184 2276
2184 2278
2184 2287
2184 2290
2184 2306
2184 2307
2184 2308
2184 2309
2184 2311
2184 2323
2184 2324
2184 2326
2184 2331
2184 2334
2184 2339
2184 2340
2184 2347
2184 2348
2184 2352
2184 2354
2184 2356
2184 2359
2184 2363
2184 2369
2184 2370
2184 2374
2184 2376
2184 2381
2184 2386
2184 2392
2184 2395
2184 2407
2184 2408
2184 2409
2184 2410
2184 2414
2184 2428
2184 2429
2184 2430
2184 2433
2184 2446
2184 2449
2184 2460
2184 2464
2184 2468
2184 2469
2184 2476
2184 2478
2184 2482
2184 2489
2184 2492
2184 2500
2184 2504
2184 2507
2184 2520
2184 2521
2184 2526
2184 2532
2184 2536
2184 2539
2184 2542
2184 2543
2184 2546
2184 2549
2184 2550
2184 2551
2184 2552
2184 2553
2184 2556
2184 2559
2184 2560
2184 2561
2184 2563
2184 2564
2184 2573
2184 2574
2184 2576
2184 2578
2184 2579
2184 2586
2184 2590
2184 2591
2184 2593
2184 2600
2184 2601
2184 2602
2184 2604
2184 2607
2184 2611
2184 2613
2184 2615
2184 2619
2184 2623
2184 2624
2184 2625
2184 2630
2184 2638
2184 2646
2184 2654
2184 2655
2185 1718
2185 1912
2185 1923
2185 1964
2185 2031
2185 2038
2185 2047
2185 2132
2185 2133
2185 2149
2185 2176
2185 2198
2185 2246
2185 2289
2185 2425
2185 2434
2185 2518
2186 1912
2186 1926
2186 1964
2186 2038
2186 2047
2186 2085
2186 2145
2186 2211
2186 2232
2186 2277
2186 2296
2186 2366
2186 2367
2186 2379
2186 2406
2186 2425
2186 2473
2186 2566
2187 136
2187 1465
2187 1577
2187 1718
2187 1912
2187 1920
2187 1926
2187 1932
2187 1940
2187 1941
2187 1945
2187 1948
2187 1954
2187 1955
2187 1959
2187 1994
2187 2002
2187 2007
2187 2010
2187 2026
2187 2028
2187 2032
2187 2038
2187 2039
2187 2042
2187 2047
2187 2052
2187 2053
2187 2054
2187 2068
2187 2071
2187 2072
2187 2081
2187 2087
2187 2102
2187 2111
2187 2117
2187 2125
2187 2127
2187 2128
2187 2132
2187 2133
2187 2134
2187 2135
2187 2138
2187 2143
2187 2144
2187 2148
2187 2149
2187 2151
2187 2153
2187 2169
2187 2174
2187 2176
2187 2180
2187 2183
2187 2189
2187 2191
2187 2194
2187 2196
2187 2198
2187 2199
2187 2203
2187 2223
2187 2224
2187 2239
2187 2241
2187 2246
2187 2247
2187 2250
2187 2254
2187 2264
2187 2267
2187 2268
2187 2273
2187 2279
2187 2282
2187 2283
2187 2285
2187 2289
2187 2292
2187 2293
2187 2294
2187 2295
2187 2302
2187 2315
2187 2319
2187 2327
2187 2328
2187 2330
2187 2332
2187 2333
2187 2336
2187 2338
2187 2343
2187 2344
2187 2347
2187 2351
2187 2368
2187 2372
2187 2377
2187 2379
2187 2384
2187 2394
2187 2398
2187 2417
2187 2419
2187 2420
2187 2436
2187 2445
2187 2451
2187 2458
2187 2461
2187 2463
2187 2465
2187 2471
2187 2472
2187 2475
2187 2491
2187 2496
2187 2498
2187 2502
2187 2508
2187 2510
2187 2511
2187 2512
2187 2516
2187 2533
2187 2543
2187 2555
2187 2567
2187 2571
2187 2582
2187 2588
2187 2589
2187 2592
2187 2597
2187 2598
2187 2608
2187 2609
2187 2616
2187 2617
2187 2629
2187 2635
2187 2642
2187 2643
2187 2649
2187 2653
2188 1912
2188 1917
2188 1918
2188 1925
2188 1929
2188 1938
2188 1941
2188 1943
2188 1946
2188 1953
2188 1962
2188 1971
2188 1979
2188 1983
2188 1984
2188 1985
2188 1986
2188 1989
2188 1993
2188 1997
2188 2005
2188 2020
2188 2030
2188 2033
2188 2037
2188 2043
2188 2045
2188 2046
2188 2055
2188 2056
2188 2059
2188 2060
2188 2063
2188 2064
2188 2069
2188 2073
2188 2074
2188 2078
2188 2083
2188 2084
2188 2086
2188 2088
2188 2090
2188 2093
2188 2095
2188 2098
2188 2103
2188 2104
2188 2108
2188 2112
2188 2115
2188 2118
2188 2121
2188 2122
2188 2123
2188 2124
2188 2131
2188 2139
2188 2140
2188 2142
2188 2147
2188 2150
2188 2154
2188 2164
2188 2165
2188 2172
2188 2179
2188 2184
2188 2190
2188 2200
2188 2201
2188 2206
2188 2210
2188 2212
2188 2213
2188 2216
2188 2218
2188 2220
2188 2229
2188 2233
2188 2240
2188 2244
2188 2253
2188 2257
2188 2258
2188 2261
2188 2266
2188 2271
2188 2275
2188 2276
2188 2278
2188 2290
2188 2299
2188 2300
2188 2306
2188 2307
2188 2308
2188 2309
2188 2311
2188 2323
2188 2324
2188 2326
2188 2329
2188 2331
2188 2339
2188 2340
2188 2347
2188 2348
2188 2352
2188 2353
2188 2354
2188 2356
2188 2359
2188 2363
2188 2369
2188 2370
2188 2374
2188 2376
2188 2381
2188 2386
2188 2391
2188 2392
2188 2395
2188 2404
2188 2407
2188 2408
2188 2409
2188 2410
2188 2414
2188 2418
2188 2423
2188 2428
2188 2429
2188 2430
2188 2433
2188 2446
2188 2460
2188 2464
2188 2469
2188 2477
2188 2478
2188 2482
2188 2485
2188 2489
2188 2492
2188 2495
2188 2500
2188 2504
2188 2506
2188 2507
2188 2520
2188 2521
2188 2526
2188 2539
2188 2542
2188 2543
2188 2546
2188 2549
2188 2550
2188 2551
2188 2552
2188 2553
2188 2554
2188 2556
2188 2559
2188 2560
2188 2564
2188 2573
2188 2574
2188 2575
2188 2576
2188 2578
2188 2579
2188 2586
2188 2590
2188 2593
2188 2600
2188 2601
2188 2602
2188 2604
2188 2606
2188 2607
2188 2611
2188 2615
2188 2619
2188 2623
2188 2624
2188 2625
2188 2630
2188 2631
2188 2638
2188 2646
2188 2654
2188 2655
2189 136
2189 1577
2189 1718
2189 1912
2189 1926
2189 1932
2189 1945
2189 1955
2189 1964
2189 1983
2189 1985
2189 2007
2189 2032
2189 2038
2189 2039
2189 2047
2189 2054
2189 2056
2189 2067
2189 2068
2189 2069
2189 2071
2189 2072
2189 2081
2189 2087
2189 2092
2189 2102
2189 2111
2189 2127
2189 2133
2189 2138
2189 2142
2189 2144
2189 2147
2189 2149
2189 2151
2189 2169
2189 2174
2189 2180
2189 2184
2189 2187
2189 2196
2189 2203
2189 2223
2189 2224
2189 2232
2189 2234
2189 2241
2189 2250
2189 2254
2189 2266
2189 2268
2189 2279
2189 2283
2189 2285
2189 2288
2189 2289
2189 2292
2189 2303
2189 2309
2189 2319
2189 2327
2189 2330
2189 2334
2189 2336
2189 2347
2189 2351
2189 2372
2189 2384
2189 2387
2189 2391
2189 2393
2189 2394
2189 2395
2189 2398
2189 2417
2189 2419
2189 2427
2189 2429
2189 2436
2189 2449
2189 2451
2189 2458
2189 2463
2189 2471
2189 2472
2189 2476
2189 2478
2189 2491
2189 2508
2189 2510
2189 2511
2189 2512
2189 2526
2189 2533
2189 2542
2189 2543
2189 2550
2189 2555
2189 2567
2189 2582
2189 2584
2189 2588
2189 2589
2189 2594
2189 2597
2189 2598
2189 2608
2189 2611
2189 2616
2189 2617
2189 2649
2189 2653
2190 1912
2190 1917
2190 1918
2190 1925
2190 1929
2190 1938
2190 1943
2190 1953
2190 1962
2190 1963
2190 1966
2190 1971
2190 1979
2190 1983
2190 1984
2190 1985
2190 1989
2190 1993
2190 1997
2190 2005
2190 2020
2190 2030
2190 2033
2190 2037
2190 2043
2190 2045
2190 2046
2190 2059
2190 2063
2190 2064
2190 2069
2190 2073
2190 2074
2190 2077
2190 2078
2190 2083
2190 2086
2190 2088
2190 2090
2190 2093
2190 2095
2190 2098
2190 2103
2190 2104
2190 2108
2190 2112
2190 2115
2190 2118
2190 2121
2190 2122
2190 2123
2190 2124
2190 2131
2190 2139
2190 2140
2190 2142
2190 2150
2190 2154
2190 2165
2190 2172
2190 2184
2190 2188
2190 2201
2190 2206
2190 2218
2190 2220
2190 2229
2190 2233
2190 2237
2190 2240
2190 2244
2190 2257
2190 2261
2190 2266
2190 2271
2190 2275
2190 2276
2190 2278
2190 2290
2190 2299
2190 2308
2190 2309
2190 2323
2190 2324
2190 2326
2190 2329
2190 2331
2190 2339
2190 2340
2190 2347
2190 2348
2190 2352
2190 2353
2190 2354
2190 2356
2190 2359
2190 2363
2190 2369
2190 2374
2190 2376
2190 2381
2190 2386
2190 2391
2190 2392
2190 2395
2190 2404
2190 2407
2190 2409
2190 2410
2190 2418
2190 2423
2190 2428
2190 2430
2190 2433
2190 2446
2190 2460
2190 2464
2190 2467
2190 2469
2190 2482
2190 2484
2190 2485
2190 2492
2190 2495
2190 2506
2190 2507
2190 2520
2190 2521
2190 2526
2190 2532
2190 2536
2190 2539
2190 2542
2190 2543
2190 2546
2190 2549
2190 2550
2190 2551
2190 2552
2190 2553
2190 2554
2190 2556
2190 2559
2190 2560
2190 2564
2190 2573
2190 2574
2190 2575
2190 2578
2190 2579
2190 2586
2190 2590
2190 2591
2190 2593
2190 2600
2190 2601
2190 2604
2190 2607
2190 2611
2190 2615
2190 2623
2190 2624
2190 2625
2190 2630
2190 2631
2190 2638
2190 2646
2190 2654
2191 1465
2191 1577
2191 1912
2191 1920
2191 1926
2191 1932
2191 1940
2191 1941
2191 1945
2191 1948
2191 1959
2191 1987
2191 1994
2191 2007
2191 2026
2191 2028
2191 2032
2191 2039
2191 2042
2191 2047
2191 2053
2191 2054
2191 2068
2191 2071
2191 2081
2191 2087
2191 2111
2191 2117
2191 2134
2191 2135
2191 2138
2191 2144
2191 2148
2191 2153
2191 2180
2191 2183
2191 2187
2191 2194
2191 2196
2191 2199
2191 2223
2191 2224
2191 2233
2191 2241
2191 2250
2191 2264
2191 2273
2191 2279
2191 2282
2191 2283
2191 2289
2191 2292
2191 2302
2191 2305
2191 2315
2191 2319
2191 2328
2191 2332
2191 2333
2191 2336
2191 2338
2191 2343
2191 2347
2191 2351
2191 2372
2191 2384
2191 2420
2191 2436
2191 2451
2191 2465
2191 2471
2191 2472
2191 2475
2191 2498
2191 2510
2191 2511
2191 2516
2191 2543
2191 2555
2191 2567
2191 2592
2191 2597
2191 2598
2191 2609
2191 2642
2191 2643
2191 2649
2191 2653
2192 1912
2192 1919
2192 1927
2192 1931
2192 1935
2192 1951
2192 1972
2192 1973
2192 1976
2192 2000
2192 2001
2192 2004
2192 2006
2192 2011
2192 2018
2192 2022
2192 2024
2192 2097
2192 2157
2192 2159
2192 2171
2192 2202
2192 2225
2192 2297
2192 2364
2192 2365
2192 2435
2192 2447
2192 2459
2192 2472
2192 2538
2192 2585
2192 2620
2192 2626
2192 2639
2192 2640
2192 2645
2192 2648
2192 2657
2192 2658
2192 2659
2193 1912
2193 1936
2193 1975
2193 2023
2193 2047
2193 2080
2193 2146
2193 2316
2193 2335
2193 2373
2193 2397
2193 2411
2193 2497
2193 2656
2194 1465
2194 1577
2194 1912
2194 1920
2194 1926
2194 1932
2194 1940
2194 1941
2194 1945
2194 1948
2194 1959
2194 1987
2194 1994
2194 2002
2194 2010
2194 2028
2194 2032
2194 2039
2194 2042
2194 2047
2194 2052
2194 2053
2194 2054
2194 2068
2194 2071
2194 2081
2194 2087
2194 2102
2194 2111
2194 2117
2194 2133
2194 2134
2194 2135
2194 2138
2194 2144
2194 2148
2194 2149
2194 2153
2194 2161
2194 2169
2194 2174
2194 2176
2194 2180
2194 2183
2194 2187
2194 2191
2194 2196
2194 2199
2194 2224
2194 2232
2194 2239
2194 2241
2194 2247
2194 2259
2194 2273
2194 2279
2194 2282
2194 2283
2194 2285
2194 2289
2194 2292
2194 2294
2194 2302
2194 2315
2194 2319
2194 2325
2194 2327
2194 2328
2194 2329
2194 2330
2194 2332
2194 2333
2194 2336
2194 2338
2194 2347
2194 2351
2194 2372
2194 2384
2194 2394
2194 2399
2194 2417
2194 2420
2194 2438
2194 2461
2194 2463
2194 2465
2194 2471
2194 2472
2194 2473
2194 2475
2194 2491
2194 2508
2194 2509
2194 2533
2194 2537
2194 2543
2194 2555
2194 2567
2194 2571
2194 2588
2194 2592
2194 2597
2194 2598
2194 2608
2194 2609
2194 2629
2194 2642
2194 2643
2194 2653
2195 1912
2196 1465
2196 1577
2196 1718
2196 1912
2196 1920
2196 1932
2196 1940
2196 1941
2196 1945
2196 1947
2196 1948
2196 1954
2196 1959
2196 1994
2196 2002
2196 2007
2196 2010
2196 2026
2196 2028
2196 2032
2196 2039
2196 2042
2196 2047
2196 2052
2196 2053
2196 2054
2196 2068
2196 2071
2196 2081
2196 2087
2196 2102
2196 2111
2196 2117
2196 2125
2196 2127
2196 2133
2196 2134
2196 2135
2196 2138
2196 2144
2196 2148
2196 2149
2196 2153
2196 2169
2196 2176
2196 2183
2196 2187
2196 2189
2196 2191
2196 2194
2196 2199
2196 2215
2196 2224
2196 2241
2196 2246
2196 2247
2196 2268
2196 2273
2196 2279
2196 2282
2196 2283
2196 2289
2196 2292
2196 2294
2196 2302
2196 2315
2196 2319
2196 2325
2196 2328
2196 2330
2196 2332
2196 2333
2196 2336
2196 2338
2196 2344
2196 2347
2196 2351
2196 2372
2196 2384
2196 2417
2196 2419
2196 2420
2196 2434
2196 2461
2196 2463
2196 2465
2196 2471
2196 2472
2196 2475
2196 2491
2196 2496
2196 2498
2196 2510
2196 2511
2196 2533
2196 2543
2196 2555
2196 2567
2196 2582
2196 2588
2196 2589
2196 2592
2196 2597
2196 2598
2196 2609
2196 2617
2196 2629
2196 2642
2196 2643
2196 2653
2197 1912
2197 1960
2197 1964
2197 1975
2197 2023
2197 2035
2197 2085
2197 2091
2197 2099
2197 2126
2197 2130
2197 2156
2197 2236
2197 2260
2197 2313
2197 2341
2197 2361
2197 2371
2197 2440
2197 2455
2197 2540
2197 2659
2198 1465
2198 1577
2198 1718
2198 1912
2198 1947
2198 2002
2198 2007
2198 2038
2198 2068
2198 2072
2198 2087
2198 2102
2198 2111
2198 2117
2198 2125
2198 2132
2198 2133
2198 2138
2198 2143
2198 2149
2198 2163
2198 2169
2198 2185
2198 2187
2198 2224
2198 2241
2198 2246
2198 2247
2198 2250
2198 2254
2198 2264
2198 2273
2198 2279
2198 2282
2198 2283
2198 2294
2198 2319
2198 2328
2198 2332
2198 2336
2198 2344
2198 2368
2198 2384
2198 2419
2198 2434
2198 2461
2198 2463
2198 2471
2198 2502
2198 2511
2198 2516
2198 2518
2198 2588
2198 2598
2198 2642
2199 136
2199 1465
2199 1577
2199 1718
2199 1912
2199 1916
2199 1920
2199 1926
2199 1932
2199 1939
2199 1940
2199 1941
2199 1945
2199 1947
2199 1948
2199 1954
2199 1955
2199 1959
2199 1970
2199 1981
2199 1987
2199 1994
2199 2002
2199 2003
2199 2007
2199 2010
2199 2028
2199 2029
2199 2032
2199 2038
2199 2039
2199 2042
2199 2047
2199 2052
2199 2053
2199 2054
2199 2057
2199 2068
2199 2071
2199 2072
2199 2075
2199 2081
2199 2087
2199 2099
2199 2101
2199 2102
2199 2110
2199 2111
2199 2117
2199 2127
2199 2132
2199 2133
2199 2134
2199 2135
2199 2138
2199 2143
2199 2144
2199 2148
2199 2149
2199 2151
2199 2153
2199 2161
2199 2169
2199 2174
2199 2176
2199 2180
2199 2183
2199 2187
2199 2191
2199 2194
2199 2196
2199 2203
2199 2215
2199 2223
2199 2224
2199 2228
2199 2235
2199 2241
2199 2243
2199 2246
2199 2247
2199 2250
2199 2252
2199 2254
2199 2259
2199 2273
2199 2274
2199 2279
2199 2280
2199 2282
2199 2283
2199 2289
2199 2292
2199 2294
2199 2302
2199 2304
2199 2313
2199 2315
2199 2319
2199 2325
2199 2327
2199 2328
2199 2332
2199 2333
2199 2336
2199 2338
2199 2343
2199 2344
2199 2345
2199 2347
2199 2351
2199 2361
2199 2367
2199 2368
2199 2372
2199 2377
2199 2384
2199 2385
2199 2390
2199 2394
2199 2396
2199 2398
2199 2399
2199 2417
2199 2419
2199 2420
2199 2432
2199 2434
2199 2438
2199 2451
2199 2458
2199 2461
2199 2463
2199 2465
2199 2468
2199 2471
2199 2472
2199 2475
2199 2479
2199 2491
2199 2498
2199 2501
2199 2508
2199 2509
2199 2510
2199 2511
2199 2512
2199 2516
2199 2518
2199 2530
2199 2533
2199 2537
2199 2543
2199 2547
2199 2555
2199 2557
2199 2567
2199 2572
2199 2582
2199 2588
2199 2592
2199 2594
2199 2597
2199 2598
2199 2603
2199 2608
2199 2609
2199 2616
2199 2617
2199 2629
2199 2642
2199 2643
2199 2649
2199 2652
2199 2653
