2200 1912
2200 1917
2200 1918
2200 1925
2200 1929
2200 1938
2200 1943
2200 1946
2200 1953
2200 1962
2200 1971
2200 1979
2200 1983
2200 1984
2200 1985
2200 1986
2200 1989
2200 1993
2200 1997
2200 2005
2200 2020
2200 2030
2200 2033
2200 2037
2200 2040
2200 2045
2200 2046
2200 2055
2200 2056
2200 2059
2200 2060
2200 2063
2200 2064
2200 2067
2200 2073
2200 2074
2200 2077
2200 2078
2200 2083
2200 2086
2200 2088
2200 2090
2200 2092
2200 2093
2200 2095
2200 2103
2200 2104
2200 2108
2200 2112
2200 2115
2200 2118
2200 2122
2200 2123
2200 2131
2200 2136
2200 2139
2200 2140
2200 2150
2200 2154
2200 2164
2200 2172
2200 2179
2200 2184
2200 2188
2200 2201
2200 2206
2200 2210
2200 2212
2200 2213
2200 2216
2200 2218
2200 2220
2200 2229
2200 2233
2200 2237
2200 2240
2200 2244
2200 2253
2200 2257
2200 2261
2200 2266
2200 2271
2200 2275
2200 2276
2200 2278
2200 2290
2200 2299
2200 2307
2200 2308
2200 2309
2200 2323
2200 2324
2200 2326
2200 2329
2200 2331
2200 2339
2200 2340
2200 2347
2200 2348
2200 2352
2200 2353
2200 2354
2200 2356
2200 2359
2200 2363
2200 2369
2200 2370
2200 2374
2200 2376
2200 2381
2200 2386
2200 2392
2200 2395
2200 2404
2200 2407
2200 2408
2200 2409
2200 2410
2200 2414
2200 2418
2200 2423
2200 2428
2200 2429
2200 2430
2200 2433
2200 2446
2200 2460
2200 2462
2200 2464
2200 2467
2200 2469
2200 2477
2200 2478
2200 2485
2200 2489
2200 2492
2200 2495
2200 2500
2200 2504
2200 2506
2200 2507
2200 2520
2200 2521
2200 2526
2200 2542
2200 2546
2200 2549
2200 2552
2200 2553
2200 2554
2200 2559
2200 2560
2200 2563
2200 2573
2200 2575
2200 2590
2200 2593
2200 2600
2200 2601
2200 2602
2200 2607
2200 2611
2200 2615
2200 2619
2200 2623
2200 2624
2200 2625
2200 2630
2200 2631
2200 2638
2200 2646
2200 2654
2200 2655
2201 1912
2201 1917
2201 1918
2201 1925
2201 1929
2201 1938
2201 1942
2201 1943
2201 1946
2201 1953
2201 1962
2201 1963
2201 1966
2201 1971
2201 1979
2201 1983
2201 1984
2201 1985
2201 1986
2201 1989
2201 1993
2201 1997
2201 2005
2201 2020
2201 2030
2201 2033
2201 2037
2201 2040
2201 2043
2201 2045
2201 2055
2201 2059
2201 2060
2201 2063
2201 2064
2201 2069
2201 2073
2201 2074
2201 2077
2201 2078
2201 2083
2201 2084
2201 2086
2201 2088
2201 2090
2201 2093
2201 2098
2201 2103
2201 2104
2201 2108
2201 2109
2201 2115
2201 2118
2201 2121
2201 2122
2201 2123
2201 2124
2201 2131
2201 2136
2201 2139
2201 2140
2201 2142
2201 2150
2201 2154
2201 2164
2201 2165
2201 2172
2201 2184
2201 2188
2201 2190
2201 2200
2201 2206
2201 2210
2201 2212
2201 2213
2201 2216
2201 2218
2201 2220
2201 2229
2201 2233
2201 2237
2201 2240
2201 2244
2201 2253
2201 2257
2201 2261
2201 2266
2201 2271
2201 2275
2201 2276
2201 2278
2201 2290
2201 2299
2201 2300
2201 2307
2201 2308
2201 2309
2201 2323
2201 2324
2201 2326
2201 2329
2201 2331
2201 2334
2201 2339
2201 2340
2201 2347
2201 2348
2201 2352
2201 2354
2201 2356
2201 2359
2201 2363
2201 2369
2201 2370
2201 2374
2201 2376
2201 2381
2201 2386
2201 2395
2201 2404
2201 2408
2201 2409
2201 2410
2201 2414
2201 2418
2201 2423
2201 2428
2201 2430
2201 2433
2201 2446
2201 2460
2201 2464
2201 2467
2201 2468
2201 2469
2201 2477
2201 2478
2201 2482
2201 2484
2201 2485
2201 2489
2201 2492
2201 2495
2201 2499
2201 2500
2201 2504
2201 2506
2201 2507
2201 2520
2201 2521
2201 2526
2201 2532
2201 2539
2201 2542
2201 2543
2201 2546
2201 2549
2201 2550
2201 2551
2201 2552
2201 2553
2201 2554
2201 2559
2201 2560
2201 2561
2201 2563
2201 2564
2201 2573
2201 2574
2201 2575
2201 2578
2201 2579
2201 2586
2201 2590
2201 2591
2201 2593
2201 2600
2201 2601
2201 2602
2201 2604
2201 2607
2201 2611
2201 2615
2201 2619
2201 2624
2201 2625
2201 2630
2201 2631
2201 2638
2201 2655
2202 1912
2202 1919
2202 1921
2202 1927
2202 1931
2202 1935
2202 1951
2202 1954
2202 1957
2202 1968
2202 1972
2202 1973
2202 1980
2202 2000
2202 2004
2202 2006
2202 2022
2202 2024
2202 2025
2202 2027
2202 2061
2202 2116
2202 2157
2202 2159
2202 2171
2202 2192
2202 2225
2202 2284
2202 2297
2202 2346
2202 2364
2202 2365
2202 2378
2202 2389
2202 2447
2202 2459
2202 2538
2202 2585
2202 2620
2202 2626
2202 2627
2202 2633
2202 2636
2202 2639
2202 2640
2202 2647
2202 2657
2202 2658
2202 2659
2203 136
2203 1465
2203 1577
2203 1718
2203 1912
2203 1913
2203 1916
2203 1940
2203 1945
2203 1954
2203 1955
2203 1959
2203 2002
2203 2007
2203 2010
2203 2032
2203 2038
2203 2039
2203 2042
2203 2047
2203 2052
2203 2053
2203 2054
2203 2068
2203 2072
2203 2087
2203 2102
2203 2111
2203 2116
2203 2117
2203 2125
2203 2127
2203 2128
2203 2133
2203 2135
2203 2138
2203 2143
2203 2149
2203 2151
2203 2153
2203 2169
2203 2174
2203 2176
2203 2180
2203 2187
2203 2189
2203 2199
2203 2223
2203 2224
2203 2239
2203 2241
2203 2246
2203 2250
2203 2264
2203 2267
2203 2268
2203 2273
2203 2289
2203 2292
2203 2294
2203 2302
2203 2312
2203 2319
2203 2328
2203 2336
2203 2338
2203 2343
2203 2355
2203 2368
2203 2384
2203 2389
2203 2399
2203 2400
2203 2413
2203 2445
2203 2461
2203 2463
2203 2471
2203 2475
2203 2491
2203 2498
2203 2508
2203 2509
2203 2510
2203 2512
2203 2516
2203 2529
2203 2531
2203 2533
2203 2544
2203 2547
2203 2582
2203 2588
2203 2589
2203 2597
2203 2598
2203 2616
2203 2629
2203 2643
2203 2649
2204 1912
2204 2034
2204 2421
2204 2437
2205 1912
2205 1923
2205 1926
2205 2031
2205 2047
2205 2117
2205 2141
2205 2209
2205 2211
2205 2232
2205 2325
2205 2366
2205 2416
2205 2473
2206 1912
2206 1917
2206 1918
2206 1925
2206 1929
2206 1938
2206 1941
2206 1942
2206 1943
2206 1946
2206 1953
2206 1962
2206 1966
2206 1971
2206 1979
2206 1983
2206 1984
2206 1985
2206 1986
2206 1993
2206 1997
2206 2005
2206 2020
2206 2030
2206 2033
2206 2037
2206 2040
2206 2043
2206 2045
2206 2046
2206 2055
2206 2056
2206 2058
2206 2059
2206 2060
2206 2063
2206 2064
2206 2069
2206 2073
2206 2074
2206 2077
2206 2078
2206 2083
2206 2084
2206 2086
2206 2088
2206 2090
2206 2092
2206 2093
2206 2095
2206 2098
2206 2103
2206 2104
2206 2108
2206 2109
2206 2112
2206 2115
2206 2118
2206 2121
2206 2122
2206 2123
2206 2124
2206 2131
2206 2136
2206 2139
2206 2140
2206 2142
2206 2150
2206 2154
2206 2164
2206 2165
2206 2172
2206 2179
2206 2184
2206 2188
2206 2190
2206 2200
2206 2201
2206 2210
2206 2212
2206 2213
2206 2216
2206 2218
2206 2220
2206 2229
2206 2233
2206 2237
2206 2240
2206 2244
2206 2253
2206 2257
2206 2261
2206 2266
2206 2271
2206 2275
2206 2276
2206 2278
2206 2287
2206 2290
2206 2299
2206 2300
2206 2306
2206 2307
2206 2308
2206 2309
2206 2323
2206 2324
2206 2326
2206 2329
2206 2331
2206 2334
2206 2339
2206 2340
2206 2347
2206 2348
2206 2352
2206 2353
2206 2354
2206 2356
2206 2359
2206 2363
2206 2369
2206 2370
2206 2374
2206 2376
2206 2381
2206 2386
2206 2391
2206 2392
2206 2395
2206 2404
2206 2407
2206 2408
2206 2409
2206 2410
2206 2414
2206 2418
2206 2423
2206 2428
2206 2429
2206 2430
2206 2433
2206 2446
2206 2460
2206 2462
2206 2464
2206 2467
2206 2468
2206 2469
2206 2477
2206 2478
2206 2482
2206 2484
2206 2485
2206 2489
2206 2492
2206 2495
2206 2500
2206 2504
2206 2506
2206 2507
2206 2520
2206 2521
2206 2526
2206 2532
2206 2536
2206 2539
2206 2542
2206 2543
2206 2546
2206 2549
2206 2550
2206 2551
2206 2552
2206 2553
2206 2554
2206 2556
2206 2559
2206 2560
2206 2561
2206 2563
2206 2564
2206 2573
2206 2574
2206 2575
2206 2578
2206 2579
2206 2586
2206 2590
2206 2591
2206 2593
2206 2600
2206 2601
2206 2602
2206 2604
2206 2606
2206 2607
2206 2611
2206 2613
2206 2615
2206 2619
2206 2623
2206 2624
2206 2625
2206 2630
2206 2631
2206 2638
2206 2646
2206 2654
2206 2655
2207 1912
2207 1924
2207 1988
2207 1992
2207 2076
2207 2170
2207 2255
2207 2259
2207 2320
2207 2349
2207 2393
2207 2426
2207 2444
2207 2466
2207 2478
2207 2486
2207 2513
2207 2515
2207 2526
2207 2550
2207 2622
2207 2650
2208 1912
2208 1941
2208 1985
2208 2040
2208 2047
2208 2057
2208 2065
2208 2087
2208 2215
2208 2229
2208 2292
2208 2302
2208 2324
2208 2333
2208 2347
2208 2384
2208 2385
2208 2462
2208 2530
2208 2560
2208 2592
2208 2608
2209 1912
2209 1923
2209 1926
2209 1944
2209 1964
2209 2031
2209 2038
2209 2047
2209 2117
2209 2133
2209 2141
2209 2155
2209 2174
2209 2176
2209 2205
2209 2211
2209 2226
2209 2232
2209 2242
2209 2270
2209 2272
2209 2283
2209 2289
2209 2296
2209 2325
2209 2362
2209 2416
2209 2419
2209 2425
2209 2480
2209 2498
2209 2525
2209 2610
2209 2637
2209 2641
2209 2642
2210 1912
2210 1938
2210 1946
2210 1953
2210 1962
2210 1966
2210 1979
2210 1983
2210 1985
2210 1986
2210 1993
2210 2005
2210 2020
2210 2033
2210 2037
2210 2040
2210 2045
2210 2046
2210 2057
2210 2064
2210 2069
2210 2073
2210 2078
2210 2095
2210 2098
2210 2103
2210 2104
2210 2123
2210 2131
2210 2133
2210 2139
2210 2140
2210 2172
2210 2184
2210 2188
2210 2200
2210 2201
2210 2206
2210 2215
2210 2216
2210 2218
2210 2220
2210 2229
2210 2233
2210 2240
2210 2244
2210 2253
2210 2266
2210 2271
2210 2290
2210 2306
2210 2309
2210 2323
2210 2324
2210 2326
2210 2333
2210 2340
2210 2347
2210 2348
2210 2354
2210 2359
2210 2369
2210 2374
2210 2381
2210 2385
2210 2395
2210 2404
2210 2410
2210 2414
2210 2423
2210 2446
2210 2464
2210 2469
2210 2492
2210 2495
2210 2526
2210 2543
2210 2551
2210 2556
2210 2559
2210 2560
2210 2561
2210 2564
2210 2567
2210 2573
2210 2578
2210 2579
2210 2590
2210 2600
2210 2601
2210 2604
2210 2607
2210 2611
2210 2619
2210 2623
2210 2624
2210 2631
2210 2655
2211 1912
2211 1923
2211 1926
2211 1944
2211 1964
2211 1977
2211 2007
2211 2031
2211 2036
2211 2038
2211 2047
2211 2048
2211 2066
2211 2085
2211 2117
2211 2133
2211 2141
2211 2145
2211 2174
2211 2176
2211 2186
2211 2205
2211 2209
2211 2214
2211 2232
2211 2254
2211 2272
2211 2289
2211 2291
2211 2296
2211 2313
2211 2318
2211 2322
2211 2325
2211 2327
2211 2345
2211 2362
2211 2366
2211 2367
2211 2396
2211 2406
2211 2416
2211 2419
2211 2425
2211 2473
2211 2525
2211 2566
2211 2594
2211 2608
2211 2610
2211 2612
2211 2637
2211 2642
2211 2656
2212 1912
2212 1917
2212 1918
2212 1925
2212 1938
2212 1943
2212 1946
2212 1962
2212 1966
2212 1971
2212 1979
2212 1983
2212 1984
2212 1985
2212 1993
2212 2020
2212 2030
2212 2033
2212 2040
2212 2046
2212 2056
2212 2059
2212 2064
2212 2069
2212 2073
2212 2078
2212 2083
2212 2086
2212 2088
2212 2090
2212 2095
2212 2103
2212 2104
2212 2108
2212 2118
2212 2121
2212 2123
2212 2124
2212 2139
2212 2140
2212 2142
2212 2150
2212 2154
2212 2165
2212 2172
2212 2179
2212 2184
2212 2188
2212 2200
2212 2201
2212 2206
2212 2213
2212 2218
2212 2220
2212 2229
2212 2233
2212 2237
2212 2240
2212 2244
2212 2261
2212 2266
2212 2271
2212 2275
2212 2290
2212 2299
2212 2308
2212 2309
2212 2323
2212 2324
2212 2329
2212 2331
2212 2334
2212 2339
2212 2340
2212 2347
2212 2353
2212 2356
2212 2363
2212 2369
2212 2370
2212 2374
2212 2376
2212 2381
2212 2386
2212 2395
2212 2404
2212 2408
2212 2409
2212 2410
2212 2414
2212 2418
2212 2423
2212 2428
2212 2429
2212 2433
2212 2460
2212 2462
2212 2464
2212 2468
2212 2469
2212 2482
2212 2492
2212 2495
2212 2500
2212 2507
2212 2520
2212 2521
2212 2526
2212 2532
2212 2539
2212 2542
2212 2543
2212 2546
2212 2549
2212 2550
2212 2551
2212 2554
2212 2559
2212 2560
2212 2561
2212 2563
2212 2564
2212 2573
2212 2574
2212 2586
2212 2590
2212 2593
2212 2600
2212 2601
2212 2604
2212 2607
2212 2611
2212 2615
2212 2623
2212 2624
2212 2625
2212 2630
2212 2631
2212 2654
2212 2655
2213 1912
2213 1918
2213 1943
2213 1946
2213 1962
2213 1979
2213 1983
2213 1984
2213 1985
2213 1986
2213 1993
2213 2005
2213 2020
2213 2030
2213 2033
2213 2040
2213 2063
2213 2064
2213 2073
2213 2074
2213 2078
2213 2088
2213 2090
2213 2095
2213 2098
2213 2123
2213 2124
2213 2140
2213 2142
2213 2154
2213 2165
2213 2188
2213 2200
2213 2201
2213 2206
2213 2212
2213 2218
2213 2220
2213 2229
2213 2233
2213 2237
2213 2244
2213 2257
2213 2261
2213 2266
2213 2271
2213 2275
2213 2276
2213 2278
2213 2290
2213 2299
2213 2308
2213 2309
2213 2324
2213 2326
2213 2331
2213 2339
2213 2352
2213 2353
2213 2369
2213 2374
2213 2386
2213 2391
2213 2404
2213 2407
2213 2409
2213 2410
2213 2433
2213 2446
2213 2464
2213 2467
2213 2468
2213 2484
2213 2492
2213 2506
2213 2521
2213 2542
2213 2546
2213 2549
2213 2550
2213 2553
2213 2554
2213 2556
2213 2559
2213 2560
2213 2561
2213 2563
2213 2564
2213 2575
2213 2590
2213 2593
2213 2600
2213 2602
2213 2604
2213 2606
2213 2607
2213 2611
2213 2615
2213 2619
2213 2624
2213 2630
2213 2638
2213 2654
2214 1912
2214 1926
2214 1964
2214 1974
2214 1977
2214 2031
2214 2036
2214 2047
2214 2133
2214 2211
2214 2219
2214 2228
2214 2256
2214 2265
2214 2288
2214 2289
2214 2291
2214 2302
2214 2313
2214 2318
2214 2345
2214 2366
2214 2367
2214 2406
2214 2453
2214 2514
2214 2624
2215 1577
2215 1912
2215 1920
2215 1941
2215 1959
2215 1985
2215 1987
2215 2038
2215 2039
2215 2042
2215 2047
2215 2053
2215 2057
2215 2065
2215 2068
2215 2081
2215 2087
2215 2102
2215 2111
2215 2117
2215 2134
2215 2138
2215 2149
2215 2153
2215 2180
2215 2183
2215 2196
2215 2199
2215 2208
2215 2210
2215 2223
2215 2239
2215 2254
2215 2259
2215 2264
2215 2267
2215 2268
2215 2279
2215 2283
2215 2285
2215 2292
2215 2302
2215 2333
2215 2336
2215 2372
2215 2384
2215 2385
2215 2417
2215 2445
2215 2501
2215 2508
2215 2530
2215 2543
2215 2547
2215 2567
2215 2572
2215 2592
2215 2629
2216 1912
2216 1917
2216 1938
2216 1943
2216 1946
2216 1953
2216 1962
2216 1971
2216 1979
2216 1985
2216 1986
2216 1989
2216 2005
2216 2037
2216 2043
2216 2045
2216 2055
2216 2056
2216 2058
2216 2059
2216 2063
2216 2064
2216 2073
2216 2074
2216 2077
2216 2078
2216 2084
2216 2086
2216 2088
2216 2090
2216 2093
2216 2103
2216 2104
2216 2112
2216 2115
2216 2118
2216 2122
2216 2123
2216 2124
2216 2131
2216 2136
2216 2139
2216 2140
2216 2142
2216 2150
2216 2154
2216 2172
2216 2179
2216 2184
2216 2188
2216 2200
2216 2201
2216 2206
2216 2210
2216 2218
2216 2220
2216 2229
2216 2233
2216 2240
2216 2244
2216 2253
2216 2266
2216 2271
2216 2275
2216 2290
2216 2299
2216 2307
2216 2309
2216 2323
2216 2324
2216 2331
2216 2334
2216 2339
2216 2340
2216 2347
2216 2352
2216 2354
2216 2356
2216 2359
2216 2363
2216 2369
2216 2370
2216 2374
2216 2381
2216 2383
2216 2386
2216 2404
2216 2407
2216 2408
2216 2409
2216 2410
2216 2414
2216 2418
2216 2423
2216 2428
2216 2429
2216 2446
2216 2460
2216 2464
2216 2467
2216 2477
2216 2482
2216 2492
2216 2500
2216 2504
2216 2507
2216 2520
2216 2526
2216 2539
2216 2542
2216 2543
2216 2549
2216 2553
2216 2559
2216 2560
2216 2561
2216 2564
2216 2575
2216 2578
2216 2586
2216 2590
2216 2593
2216 2600
2216 2602
2216 2604
2216 2607
2216 2611
2216 2615
2216 2624
2216 2625
2216 2638
2216 2646
2216 2655
2217 1912
2217 2100
2217 2113
2217 2313
2217 2375
2217 2422
2217 2439
2217 2448
2217 2450
2217 2540
2217 2548
2217 2558
2217 2618
2218 1912
2218 1917
2218 1918
2218 1925
2218 1929
2218 1938
2218 1942
2218 1943
2218 1946
2218 1953
2218 1962
2218 1963
2218 1966
2218 1971
2218 1979
2218 1983
2218 1984
2218 1985
2218 1986
2218 1989
2218 1993
2218 1997
2218 2005
2218 2007
2218 2020
2218 2030
2218 2033
2218 2037
2218 2040
2218 2043
2218 2045
2218 2046
2218 2055
2218 2056
2218 2058
2218 2059
2218 2060
2218 2063
2218 2064
2218 2069
2218 2073
2218 2074
2218 2077
2218 2078
2218 2083
2218 2084
2218 2086
2218 2088
2218 2090
2218 2093
2218 2095
2218 2098
2218 2103
2218 2104
2218 2108
2218 2112
2218 2115
2218 2118
2218 2121
2218 2122
2218 2123
2218 2124
2218 2131
2218 2139
2218 2140
2218 2142
2218 2147
2218 2150
2218 2154
2218 2165
2218 2172
2218 2179
2218 2184
2218 2188
2218 2190
2218 2200
2218 2201
2218 2206
2218 2210
2218 2212
2218 2213
2218 2216
2218 2220
2218 2229
2218 2233
2218 2237
2218 2240
2218 2244
2218 2253
2218 2261
2218 2266
2218 2271
2218 2275
2218 2276
2218 2278
2218 2290
2218 2299
2218 2300
2218 2303
2218 2306
2218 2307
2218 2308
2218 2309
2218 2323
2218 2324
2218 2326
2218 2329
2218 2331
2218 2334
2218 2339
2218 2340
2218 2347
2218 2348
2218 2352
2218 2354
2218 2356
2218 2359
2218 2363
2218 2369
2218 2370
2218 2374
2218 2376
2218 2381
2218 2386
2218 2387
2218 2391
2218 2392
2218 2395
2218 2404
2218 2408
2218 2409
2218 2410
2218 2414
2218 2418
2218 2423
2218 2427
2218 2428
2218 2429
2218 2430
2218 2433
2218 2446
2218 2460
2218 2464
2218 2467
2218 2468
2218 2469
2218 2477
2218 2482
2218 2484
2218 2485
2218 2489
2218 2492
2218 2495
2218 2499
2218 2500
2218 2504
2218 2506
2218 2507
2218 2520
2218 2521
2218 2526
2218 2532
2218 2539
2218 2542
2218 2543
2218 2546
2218 2549
2218 2550
2218 2551
2218 2552
2218 2553
2218 2554
2218 2556
2218 2559
2218 2560
2218 2561
2218 2563
2218 2564
2218 2573
2218 2574
2218 2575
2218 2578
2218 2579
2218 2586
2218 2590
2218 2591
2218 2593
2218 2600
2218 2601
2218 2602
2218 2604
2218 2606
2218 2607
2218 2611
2218 2615
2218 2619
2218 2623
2218 2624
2218 2625
2218 2630
2218 2631
2218 2638
2218 2646
2218 2654
2218 2655
2219 1912
2219 1964
2219 2214
2219 2345
2219 2406
2220 1912
2220 1917
2220 1918
2220 1929
2220 1938
2220 1943
2220 1946
2220 1953
2220 1962
2220 1966
2220 1971
2220 1979
2220 1983
2220 1984
2220 1985
2220 1986
2220 1989
2220 1993
2220 2005
2220 2020
2220 2030
2220 2033
2220 2037
2220 2040
2220 2043
2220 2045
2220 2046
2220 2056
2220 2059
2220 2063
2220 2064
2220 2069
2220 2073
2220 2074
2220 2077
2220 2078
2220 2083
2220 2084
2220 2086
2220 2088
2220 2090
2220 2093
2220 2095
2220 2098
2220 2103
2220 2104
2220 2108
2220 2109
2220 2112
2220 2115
2220 2118
2220 2121
2220 2122
2220 2123
2220 2124
2220 2131
2220 2136
2220 2139
2220 2140
2220 2142
2220 2150
2220 2154
2220 2164
2220 2165
2220 2172
2220 2179
2220 2184
2220 2188
2220 2190
2220 2200
2220 2201
2220 2206
2220 2210
2220 2212
2220 2213
2220 2216
2220 2218
2220 2229
2220 2233
2220 2240
2220 2244
2220 2253
2220 2261
2220 2266
2220 2271
2220 2275
2220 2276
2220 2278
2220 2287
2220 2290
2220 2299
2220 2300
2220 2306
2220 2307
2220 2308
2220 2309
2220 2311
2220 2323
2220 2324
2220 2326
2220 2329
2220 2331
2220 2334
2220 2339
2220 2340
2220 2347
2220 2348
2220 2352
2220 2353
2220 2354
2220 2356
2220 2359
2220 2363
2220 2369
2220 2370
2220 2374
2220 2376
2220 2381
2220 2386
2220 2392
2220 2395
2220 2404
2220 2407
2220 2408
2220 2409
2220 2410
2220 2414
2220 2418
2220 2423
2220 2428
2220 2429
2220 2430
2220 2433
2220 2446
2220 2460
2220 2462
2220 2464
2220 2468
2220 2469
2220 2477
2220 2482
2220 2484
2220 2485
2220 2489
2220 2492
2220 2495
2220 2500
2220 2504
2220 2507
2220 2520
2220 2521
2220 2526
2220 2532
2220 2539
2220 2542
2220 2543
2220 2546
2220 2549
2220 2550
2220 2551
2220 2553
2220 2554
2220 2556
2220 2559
2220 2560
2220 2561
2220 2563
2220 2564
2220 2573
2220 2574
2220 2575
2220 2578
2220 2579
2220 2586
2220 2590
2220 2591
2220 2593
2220 2600
2220 2601
2220 2602
2220 2604
2220 2607
2220 2611
2220 2613
2220 2615
2220 2619
2220 2623
2220 2624
2220 2625
2220 2630
2220 2631
2220 2638
2220 2646
2220 2654
2220 2655
2221 1912
2221 1916
2221 1947
2221 1952
2221 1959
2221 1970
2221 1981
2221 2003
2221 2054
2221 2062
2221 2075
2221 2101
2221 2110
2221 2111
2221 2132
2221 2155
2221 2161
2221 2222
2221 2226
2221 2235
2221 2243
2221 2328
2221 2333
2221 2344
2221 2350
2221 2384
2221 2390
2221 2394
2221 2396
2221 2415
2221 2432
2221 2434
2221 2438
2221 2479
2221 2501
2221 2511
2221 2537
2221 2568
2221 2603
2221 2641
2221 2652
2222 1912
2222 1939
2222 1947
2222 1952
2222 1955
2222 1970
2222 1981
2222 1982
2222 2003
2222 2054
2222 2062
2222 2072
2222 2075
2222 2096
2222 2101
2222 2110
2222 2111
2222 2132
2222 2161
2222 2221
2222 2226
2222 2235
2222 2243
2222 2247
2222 2272
2222 2274
2222 2327
2222 2328
2222 2333
2222 2344
2222 2377
2222 2384
2222 2390
2222 2415
2222 2432
2222 2434
2222 2438
2222 2479
2222 2501
2222 2511
2222 2537
2222 2568
2222 2603
2222 2617
2222 2651
2222 2652
2223 136
2223 1465
2223 1577
2223 1718
2223 1912
2223 1920
2223 1926
2223 1932
2223 1941
2223 1945
2223 1955
2223 1959
2223 1987
2223 2007
2223 2028
2223 2032
2223 2038
2223 2039
2223 2042
2223 2047
2223 2053
2223 2054
2223 2057
2223 2068
2223 2071
2223 2072
2223 2081
2223 2087
2223 2101
2223 2102
2223 2111
2223 2125
2223 2127
2223 2133
2223 2134
2223 2138
2223 2144
2223 2149
2223 2151
2223 2153
2223 2163
2223 2174
2223 2183
2223 2187
2223 2189
2223 2191
2223 2199
2223 2203
2223 2215
2223 2224
2223 2232
2223 2243
2223 2250
2223 2254
2223 2259
2223 2266
2223 2268
2223 2279
2223 2280
2223 2282
2223 2283
2223 2289
2223 2294
2223 2295
2223 2319
2223 2327
2223 2328
2223 2330
2223 2332
2223 2333
2223 2336
2223 2338
2223 2345
2223 2347
2223 2367
2223 2372
2223 2379
2223 2384
2223 2385
2223 2394
2223 2398
2223 2417
2223 2436
2223 2445
2223 2451
2223 2458
2223 2463
2223 2471
2223 2491
2223 2498
2223 2501
2223 2502
2223 2508
2223 2509
2223 2510
2223 2511
2223 2512
2223 2516
2223 2519
2223 2543
2223 2555
2223 2567
2223 2582
2223 2589
2223 2592
2223 2594
2223 2598
2223 2605
2223 2608
2223 2616
2223 2617
2223 2635
2223 2642
2223 2643
2223 2649
2223 2653
2224 136
2224 1577
2224 1718
2224 1912
2224 1920
2224 1926
2224 1932
2224 1940
2224 1941
2224 1945
2224 1948
2224 1954
2224 1955
2224 2007
2224 2010
2224 2026
2224 2028
2224 2032
2224 2038
2224 2039
2224 2042
2224 2047
2224 2052
2224 2053
2224 2054
2224 2062
2224 2068
2224 2071
2224 2072
2224 2081
2224 2087
2224 2102
2224 2111
2224 2117
2224 2125
2224 2127
2224 2133
2224 2135
2224 2138
2224 2143
2224 2144
2224 2148
2224 2149
2224 2151
2224 2153
2224 2163
2224 2169
2224 2174
2224 2176
2224 2180
2224 2183
2224 2187
2224 2189
2224 2191
2224 2194
2224 2196
2224 2198
2224 2199
2224 2203
2224 2223
2224 2241
2224 2246
2224 2250
2224 2254
2224 2267
2224 2268
2224 2273
2224 2279
2224 2280
2224 2282
2224 2283
2224 2289
2224 2292
2224 2294
2224 2295
2224 2302
2224 2319
2224 2327
2224 2328
2224 2330
2224 2332
2224 2333
2224 2336
2224 2338
2224 2343
2224 2344
2224 2345
2224 2347
2224 2351
2224 2367
2224 2384
2224 2398
2224 2419
2224 2420
2224 2436
2224 2445
2224 2451
2224 2458
2224 2461
2224 2463
2224 2465
2224 2471
2224 2475
2224 2491
2224 2498
2224 2501
2224 2502
2224 2508
2224 2509
2224 2510
2224 2511
2224 2512
2224 2516
2224 2519
2224 2533
2224 2543
2224 2547
2224 2555
2224 2582
2224 2588
2224 2589
2224 2598
2224 2605
2224 2616
2224 2617
2224 2629
2224 2635
2224 2643
2224 2649
2225 136
2225 1912
2225 1914
2225 1919
2225 1927
2225 1931
2225 1935
2225 1951
2225 1957
2225 1972
2225 1973
2225 1991
2225 1995
2225 1998
2225 2001
2225 2006
2225 2011
2225 2014
2225 2016
2225 2022
2225 2025
2225 2061
2225 2097
2225 2116
2225 2157
2225 2159
2225 2171
2225 2192
2225 2202
2225 2284
2225 2364
2225 2378
2225 2472
2225 2494
2225 2620
2225 2627
2225 2639
2225 2640
2225 2645
2225 2648
2225 2657
2225 2660
2226 1912
2226 1923
2226 1926
2226 1952
2226 1964
2226 1970
2226 2002
2226 2038
2226 2047
2226 2048
2226 2053
2226 2085
2226 2110
2226 2117
2226 2142
2226 2149
2226 2155
2226 2209
2226 2221
2226 2222
2226 2246
2226 2283
2226 2296
2226 2304
2226 2310
2226 2322
2226 2325
2226 2345
2226 2366
2226 2367
2226 2368
2226 2379
2226 2406
2226 2416
2226 2419
2226 2434
2226 2461
2226 2475
2226 2493
2226 2498
2226 2501
2226 2510
2226 2518
2226 2557
2226 2566
2226 2581
2226 2598
2226 2608
2226 2610
2226 2612
2226 2642
2227 1912
2227 2107
2227 2263
2227 2313
2227 2371
2227 2534
2227 2558
2228 1912
2228 1960
2228 1964
2228 1975
2228 2035
2228 2082
2228 2089
2228 2107
2228 2114
2228 2158
2228 2199
2228 2214
2228 2260
2228 2313
2228 2316
2228 2317
2228 2322
2228 2342
2228 2361
2228 2371
2228 2397
2228 2402
2228 2411
2228 2440
2228 2448
2228 2488
2228 2540
2228 2570
2228 2614
2228 2618
2228 2628
2228 2644
2229 1912
2229 1917
2229 1925
2229 1929
2229 1938
2229 1941
2229 1943
2229 1946
2229 1962
2229 1966
2229 1971
2229 1979
2229 1983
2229 1984
2229 1985
2229 1986
2229 1989
2229 1993
2229 1997
2229 2005
2229 2020
2229 2030
2229 2033
2229 2037
2229 2040
2229 2043
2229 2045
2229 2046
2229 2055
2229 2056
2229 2058
2229 2059
2229 2060
2229 2062
2229 2063
2229 2064
2229 2069
2229 2073
2229 2074
2229 2077
2229 2078
2229 2083
2229 2084
2229 2086
2229 2088
2229 2090
2229 2093
2229 2098
2229 2103
2229 2104
2229 2108
2229 2109
2229 2112
2229 2115
2229 2118
2229 2121
2229 2122
2229 2123
2229 2124
2229 2131
2229 2136
2229 2139
2229 2140
2229 2142
2229 2150
2229 2154
2229 2164
2229 2165
2229 2172
2229 2179
2229 2184
2229 2188
2229 2190
2229 2200
2229 2201
2229 2206
2229 2208
2229 2210
2229 2212
2229 2213
2229 2216
2229 2218
2229 2220
2229 2233
2229 2237
2229 2240
2229 2244
2229 2253
2229 2257
2229 2261
2229 2266
2229 2271
2229 2275
2229 2276
2229 2278
2229 2287
2229 2290
2229 2299
2229 2300
2229 2306
2229 2307
2229 2308
2229 2309
2229 2323
2229 2324
2229 2326
2229 2329
2229 2331
2229 2334
2229 2339
2229 2340
2229 2347
2229 2348
2229 2352
2229 2353
2229 2354
2229 2356
2229 2359
2229 2363
2229 2369
2229 2370
2229 2374
2229 2376
2229 2381
2229 2386
2229 2391
2229 2392
2229 2393
2229 2395
2229 2404
2229 2408
2229 2409
2229 2410
2229 2414
2229 2418
2229 2423
2229 2428
2229 2429
2229 2430
2229 2433
2229 2438
2229 2443
2229 2446
2229 2460
2229 2462
2229 2464
2229 2467
2229 2468
2229 2469
2229 2476
2229 2478
2229 2482
2229 2484
2229 2485
2229 2492
2229 2495
2229 2499
2229 2500
2229 2501
2229 2504
2229 2506
2229 2507
2229 2520
2229 2521
2229 2524
2229 2526
2229 2532
2229 2536
2229 2539
2229 2542
2229 2543
2229 2549
2229 2550
2229 2551
2229 2553
2229 2556
2229 2559
2229 2560
2229 2561
2229 2563
2229 2564
2229 2573
2229 2575
2229 2576
2229 2578
2229 2579
2229 2586
2229 2590
2229 2591
2229 2593
2229 2601
2229 2602
2229 2604
2229 2606
2229 2607
2229 2611
2229 2615
2229 2619
2229 2623
2229 2624
2229 2625
2229 2630
2229 2631
2229 2638
2229 2646
2229 2654
2229 2655
2230 1912
2230 2099
2230 2283
2230 2313
2230 2358
2231 1912
2231 1960
2231 1965
2231 2023
2231 2035
2231 2047
2231 2049
2231 2089
2231 2091
2231 2114
2231 2126
2231 2129
2231 2133
2231 2152
2231 2156
2231 2158
2231 2236
2231 2277
2231 2313
2231 2316
2231 2317
2231 2322
2231 2341
2231 2361
2231 2371
2231 2397
2231 2405
2231 2411
2231 2440
2231 2448
2231 2474
2231 2488
2231 2497
2231 2523
2231 2577
2231 2628
2232 1912
2232 1926
2232 1945
2232 1959
2232 1964
2232 1987
2232 2007
2232 2008
2232 2031
2232 2032
2232 2038
2232 2039
2232 2047
2232 2068
2232 2072
2232 2085
2232 2111
2232 2117
2232 2125
2232 2133
2232 2138
2232 2145
2232 2161
2232 2186
2232 2189
2232 2194
2232 2205
2232 2209
2232 2211
2232 2223
2232 2241
2232 2259
2232 2267
2232 2268
2232 2280
2232 2289
2232 2292
2232 2296
2232 2313
2232 2325
2232 2327
2232 2333
2232 2336
2232 2345
2232 2366
2232 2367
2232 2379
2232 2384
2232 2394
2232 2417
2232 2445
2232 2455
2232 2471
2232 2473
2232 2491
2232 2508
2232 2537
2232 2543
2232 2547
2232 2566
2232 2571
2232 2589
2232 2594
2232 2598
2232 2608
2232 2612
2232 2614
2232 2635
2232 2642
2232 2643
2232 2649
2233 1912
2233 1918
2233 1925
2233 1929
2233 1938
2233 1940
2233 1941
2233 1943
2233 1946
2233 1962
2233 1963
2233 1966
2233 1971
2233 1979
2233 1983
2233 1984
2233 1985
2233 1986
2233 1989
2233 1993
2233 1997
2233 2005
2233 2020
2233 2021
2233 2026
2233 2030
2233 2033
2233 2037
2233 2040
2233 2043
2233 2045
2233 2046
2233 2048
2233 2056
2233 2058
2233 2059
2233 2060
2233 2063
2233 2064
2233 2069
2233 2073
2233 2074
2233 2077
2233 2078
2233 2083
2233 2084
2233 2086
2233 2088
2233 2090
2233 2093
2233 2095
2233 2098
2233 2103
2233 2104
2233 2108
2233 2109
2233 2112
2233 2115
2233 2116
2233 2118
2233 2121
2233 2122
2233 2123
2233 2124
2233 2128
2233 2131
2233 2136
2233 2139
2233 2140
2233 2142
2233 2150
2233 2153
2233 2154
2233 2164
2233 2165
2233 2172
2233 2179
2233 2184
2233 2188
2233 2190
2233 2191
2233 2200
2233 2201
2233 2206
2233 2210
2233 2212
2233 2213
2233 2216
2233 2218
2233 2220
2233 2229
2233 2237
2233 2240
2233 2244
2233 2253
2233 2257
2233 2258
2233 2261
2233 2266
2233 2271
2233 2275
2233 2276
2233 2278
2233 2287
2233 2290
2233 2299
2233 2300
2233 2306
2233 2307
2233 2308
2233 2309
2233 2311
2233 2323
2233 2324
2233 2326
2233 2328
2233 2329
2233 2331
2233 2334
2233 2339
2233 2340
2233 2343
2233 2347
2233 2348
2233 2350
2233 2351
2233 2352
2233 2353
2233 2354
2233 2356
2233 2359
2233 2363
2233 2369
2233 2370
2233 2374
2233 2376
2233 2381
2233 2386
2233 2391
2233 2392
2233 2395
2233 2404
2233 2407
2233 2408
2233 2409
2233 2410
2233 2418
2233 2423
2233 2428
2233 2429
2233 2430
2233 2433
2233 2446
2233 2460
2233 2464
2233 2468
2233 2469
2233 2477
2233 2482
2233 2484
2233 2485
2233 2489
2233 2492
2233 2495
2233 2499
2233 2500
2233 2504
2233 2506
2233 2507
2233 2516
2233 2520
2233 2521
2233 2526
2233 2531
2233 2532
2233 2536
2233 2539
2233 2542
2233 2543
2233 2546
2233 2549
2233 2550
2233 2551
2233 2552
2233 2553
2233 2554
2233 2556
2233 2559
2233 2560
2233 2561
2233 2563
2233 2564
2233 2567
2233 2573
2233 2574
2233 2575
2233 2578
2233 2579
2233 2586
2233 2590
2233 2591
2233 2593
2233 2600
2233 2601
2233 2602
2233 2604
2233 2606
2233 2607
2233 2611
2233 2613
2233 2615
2233 2619
2233 2623
2233 2624
2233 2625
2233 2630
2233 2631
2233 2638
2233 2642
2233 2646
2233 2654
2233 2655
2234 1912
2234 1942
2234 2007
2234 2019
2234 2037
2234 2056
2234 2058
2234 2067
2234 2092
2234 2189
2234 2266
2234 2303
2234 2311
2234 2334
2234 2386
2234 2387
2234 2391
2234 2393
2234 2404
2234 2410
2234 2429
2234 2449
2234 2476
2234 2478
2234 2499
2234 2506
2234 2526
2234 2576
2234 2584
2235 1912
2235 1920
2235 1926
2235 1939
2235 1947
2235 1959
2235 1981
2235 1982
2235 2003
2235 2053
2235 2054
2235 2062
2235 2072
2235 2075
2235 2081
2235 2085
2235 2101
2235 2110
2235 2111
2235 2132
2235 2145
2235 2155
2235 2161
2235 2176
2235 2199
2235 2221
2235 2222
2235 2243
2235 2254
2235 2265
2235 2274
2235 2280
2235 2282
2235 2283
2235 2288
2235 2294
2235 2304
2235 2322
2235 2327
2235 2328
2235 2332
2235 2333
2235 2344
2235 2377
2235 2384
2235 2390
2235 2394
2235 2396
2235 2415
2235 2432
2235 2434
2235 2438
2235 2451
2235 2458
2235 2461
2235 2479
2235 2491
2235 2501
2235 2509
2235 2510
2235 2511
2235 2537
2235 2566
2235 2592
2235 2594
2235 2598
2235 2603
2235 2608
2235 2617
2235 2652
2236 1912
2236 1949
2236 1960
2236 1964
2236 1975
2236 2023
2236 2035
2236 2070
2236 2080
2236 2089
2236 2091
2236 2105
2236 2107
2236 2126
2236 2129
2236 2145
2236 2152
2236 2197
2236 2231
2236 2260
2236 2317
2236 2322
2236 2335
2236 2341
2236 2342
2236 2360
2236 2361
2236 2371
2236 2405
2236 2411
2236 2440
2236 2448
2236 2488
2236 2523
2236 2580
2236 2628
2236 2644
2237 1912
2237 1917
2237 1938
2237 1943
2237 1946
2237 1963
2237 1971
2237 1983
2237 1984
2237 1985
2237 1993
2237 1997
2237 2005
2237 2020
2237 2030
2237 2033
2237 2040
2237 2043
2237 2058
2237 2059
2237 2063
2237 2064
2237 2073
2237 2074
2237 2078
2237 2088
2237 2090
2237 2095
2237 2103
2237 2104
2237 2115
2237 2118
2237 2121
2237 2123
2237 2131
2237 2139
2237 2150
2237 2154
2237 2172
2237 2184
2237 2190
2237 2200
2237 2201
2237 2206
2237 2212
2237 2213
2237 2218
2237 2229
2237 2233
2237 2240
2237 2244
2237 2253
2237 2257
2237 2261
2237 2276
2237 2290
2237 2306
2237 2308
2237 2309
2237 2324
2237 2326
2237 2331
2237 2334
2237 2339
2237 2340
2237 2347
2237 2348
2237 2352
2237 2354
2237 2356
2237 2363
2237 2369
2237 2370
2237 2381
2237 2383
2237 2395
2237 2404
2237 2408
2237 2410
2237 2414
2237 2423
2237 2428
2237 2429
2237 2430
2237 2446
2237 2460
2237 2462
2237 2464
2237 2467
2237 2482
2237 2485
2237 2489
2237 2492
2237 2495
2237 2500
2237 2520
2237 2521
2237 2526
2237 2543
2237 2546
2237 2549
2237 2551
2237 2556
2237 2559
2237 2560
2237 2561
2237 2564
2237 2578
2237 2586
2237 2590
2237 2591
2237 2593
2237 2600
2237 2601
2237 2602
2237 2604
2237 2607
2237 2611
2237 2615
2237 2623
2237 2624
2237 2646
2237 2654
2237 2655
2238 1912
2238 2105
2238 2160
2238 2162
2238 2251
2238 2260
2238 2335
2238 2341
2238 2360
2238 2361
2238 2411
2238 2455
2238 2562
2239 1465
2239 1577
2239 1718
2239 1912
2239 1941
2239 1955
2239 2002
2239 2007
2239 2026
2239 2038
2239 2047
2239 2053
2239 2102
2239 2133
2239 2135
2239 2138
2239 2143
2239 2174
2239 2187
2239 2194
2239 2203
2239 2215
2239 2242
2239 2247
2239 2267
2239 2293
2239 2327
2239 2332
2239 2336
2239 2338
2239 2347
2239 2372
2239 2385
2239 2436
2239 2458
2239 2480
2239 2509
2239 2512
2239 2518
2239 2543
2239 2555
2239 2588
2239 2597
2239 2642
2240 1912
2240 1917
2240 1918
2240 1925
2240 1929
2240 1938
2240 1941
2240 1943
2240 1946
2240 1953
2240 1962
2240 1963
2240 1966
2240 1971
2240 1979
2240 1983
2240 1984
2240 1985
2240 1993
2240 1997
2240 2005
2240 2007
2240 2020
2240 2030
2240 2033
2240 2037
2240 2040
2240 2043
2240 2045
2240 2046
2240 2055
2240 2059
2240 2060
2240 2063
2240 2064
2240 2069
2240 2073
2240 2074
2240 2077
2240 2078
2240 2083
2240 2084
2240 2086
2240 2088
2240 2090
2240 2093
2240 2103
2240 2104
2240 2108
2240 2109
2240 2112
2240 2115
2240 2118
2240 2121
2240 2122
2240 2123
2240 2124
2240 2131
2240 2139
2240 2140
2240 2142
2240 2150
2240 2154
2240 2165
2240 2172
2240 2179
2240 2184
2240 2188
2240 2190
2240 2200
2240 2201
2240 2206
2240 2210
2240 2212
2240 2216
2240 2218
2240 2220
2240 2229
2240 2233
2240 2237
2240 2244
2240 2253
2240 2257
2240 2258
2240 2261
2240 2266
2240 2271
2240 2275
2240 2276
2240 2278
2240 2287
2240 2290
2240 2299
2240 2306
2240 2307
2240 2308
2240 2309
2240 2323
2240 2324
2240 2326
2240 2329
2240 2331
2240 2334
2240 2339
2240 2340
2240 2347
2240 2348
2240 2352
2240 2353
2240 2354
2240 2356
2240 2359
2240 2363
2240 2369
2240 2370
2240 2374
2240 2376
2240 2381
2240 2386
2240 2391
2240 2392
2240 2395
2240 2404
2240 2407
2240 2408
2240 2409
2240 2410
2240 2414
2240 2423
2240 2428
2240 2430
2240 2433
2240 2446
2240 2449
2240 2460
2240 2462
2240 2464
2240 2467
2240 2468
2240 2469
2240 2476
2240 2477
2240 2478
2240 2482
2240 2484
2240 2485
2240 2489
2240 2492
2240 2495
2240 2500
2240 2504
2240 2506
2240 2507
2240 2520
2240 2521
2240 2526
2240 2532
2240 2536
2240 2539
2240 2542
2240 2543
2240 2546
2240 2549
2240 2550
2240 2551
2240 2552
2240 2553
2240 2554
2240 2556
2240 2559
2240 2560
2240 2561
2240 2563
2240 2564
2240 2573
2240 2574
2240 2578
2240 2579
2240 2586
2240 2590
2240 2591
2240 2593
2240 2600
2240 2601
2240 2602
2240 2604
2240 2606
2240 2607
2240 2611
2240 2613
2240 2615
2240 2619
2240 2623
2240 2624
2240 2625
2240 2630
2240 2631
2240 2638
2240 2646
2240 2654
2240 2655
2241 1577
2241 1718
2241 1912
2241 1916
2241 1920
2241 1923
2241 1926
2241 1932
2241 1939
2241 1940
2241 1945
2241 1947
2241 1948
2241 1954
2241 2002
2241 2007
2241 2010
2241 2028
2241 2032
2241 2038
2241 2039
2241 2047
2241 2052
2241 2054
2241 2068
2241 2071
2241 2072
2241 2081
2241 2087
2241 2102
2241 2111
2241 2117
2241 2125
2241 2127
2241 2132
2241 2133
2241 2134
2241 2135
2241 2138
2241 2143
2241 2144
2241 2148
2241 2149
2241 2151
2241 2153
2241 2174
2241 2176
2241 2180
2241 2183
2241 2187
2241 2189
2241 2191
2241 2194
2241 2196
2241 2198
2241 2199
2241 2203
2241 2224
2241 2232
2241 2246
2241 2247
2241 2250
2241 2254
2241 2268
2241 2273
2241 2279
2241 2282
2241 2283
2241 2285
2241 2289
2241 2292
2241 2294
2241 2302
2241 2319
2241 2328
2241 2333
2241 2336
2241 2343
2241 2344
2241 2347
2241 2351
2241 2377
2241 2384
2241 2398
2241 2399
2241 2417
2241 2419
2241 2420
2241 2434
2241 2436
2241 2445
2241 2451
2241 2463
2241 2465
2241 2471
2241 2475
2241 2498
2241 2508
2241 2509
2241 2512
2241 2516
2241 2518
2241 2533
2241 2543
2241 2555
2241 2567
2241 2582
2241 2588
2241 2589
2241 2592
2241 2594
2241 2598
2241 2599
2241 2608
2241 2616
2241 2617
2241 2629
2241 2643
2241 2649
2242 1912
2242 1923
2242 1944
2242 1964
2242 2029
2242 2031
2242 2038
2242 2047
2242 2060
2242 2062
2242 2117
2242 2133
2242 2141
2242 2163
2242 2174
2242 2176
2242 2182
2242 2209
2242 2239
2242 2272
2242 2278
2242 2289
2242 2298
2242 2313
2242 2318
2242 2325
2242 2362
2242 2395
2242 2399
2242 2425
2242 2452
2242 2480
2242 2498
2242 2501
2242 2512
2242 2540
2242 2605
2242 2610
2242 2637
2242 2642
2243 1912
2243 1939
2243 1947
2243 1959
2243 1970
2243 1981
2243 2003
2243 2053
2243 2054
2243 2062
2243 2072
2243 2075
2243 2081
2243 2096
2243 2101
2243 2111
2243 2125
2243 2132
2243 2161
2243 2199
2243 2221
2243 2222
2243 2223
2243 2235
2243 2264
2243 2266
2243 2267
2243 2274
2243 2280
2243 2282
2243 2294
2243 2327
2243 2328
2243 2333
2243 2336
2243 2344
2243 2384
2243 2387
2243 2390
2243 2394
2243 2396
2243 2398
2243 2415
2243 2434
2243 2438
2243 2451
2243 2458
2243 2479
2243 2501
2243 2509
2243 2511
2243 2518
2243 2537
2243 2547
2243 2594
2243 2598
2243 2603
2243 2617
2243 2652
2244 1912
2244 1917
2244 1918
2244 1925
2244 1929
2244 1938
2244 1941
2244 1943
2244 1946
2244 1953
2244 1962
2244 1963
2244 1966
2244 1971
2244 1983
2244 1984
2244 1985
2244 1986
2244 1989
2244 1993
2244 1997
2244 2005
2244 2020
2244 2021
2244 2030
2244 2033
2244 2037
2244 2040
2244 2043
2244 2045
2244 2046
2244 2058
2244 2059
2244 2060
2244 2063
2244 2064
2244 2069
2244 2073
2244 2074
2244 2077
2244 2078
2244 2083
2244 2086
2244 2088
2244 2090
2244 2093
2244 2095
2244 2098
2244 2103
2244 2104
2244 2108
2244 2109
2244 2112
2244 2115
2244 2118
2244 2121
2244 2122
2244 2123
2244 2124
2244 2131
2244 2136
2244 2139
2244 2140
2244 2142
2244 2150
2244 2154
2244 2165
2244 2172
2244 2179
2244 2184
2244 2188
2244 2190
2244 2200
2244 2201
2244 2206
2244 2210
2244 2212
2244 2213
2244 2216
2244 2218
2244 2220
2244 2229
2244 2233
2244 2237
2244 2240
2244 2253
2244 2257
2244 2266
2244 2271
2244 2275
2244 2276
2244 2278
2244 2287
2244 2290
2244 2299
2244 2306
2244 2307
2244 2308
2244 2309
2244 2323
2244 2324
2244 2326
2244 2329
2244 2331
2244 2334
2244 2339
2244 2340
2244 2347
2244 2348
2244 2352
2244 2353
2244 2354
2244 2356
2244 2359
2244 2363
2244 2369
2244 2370
2244 2374
2244 2376
2244 2381
2244 2386
2244 2391
2244 2392
2244 2395
2244 2404
2244 2407
2244 2408
2244 2409
2244 2410
2244 2414
2244 2418
2244 2423
2244 2428
2244 2429
2244 2430
2244 2433
2244 2446
2244 2460
2244 2462
2244 2464
2244 2467
2244 2468
2244 2469
2244 2477
2244 2482
2244 2484
2244 2485
2244 2489
2244 2492
2244 2495
2244 2499
2244 2500
2244 2504
2244 2506
2244 2507
2244 2520
2244 2521
2244 2526
2244 2539
2244 2542
2244 2543
2244 2546
2244 2549
2244 2550
2244 2551
2244 2552
2244 2553
2244 2554
2244 2556
2244 2559
2244 2560
2244 2561
2244 2564
2244 2573
2244 2575
2244 2576
2244 2578
2244 2579
2244 2586
2244 2590
2244 2591
2244 2593
2244 2600
2244 2601
2244 2602
2244 2604
2244 2606
2244 2607
2244 2611
2244 2615
2244 2619
2244 2623
2244 2624
2244 2625
2244 2630
2244 2631
2244 2638
2244 2646
2244 2654
2244 2655
2245 1912
2245 1956
2245 2094
2245 2281
2245 2301
2245 2487
2245 2535
2246 1577
2246 1718
2246 1912
2246 1916
2246 1920
2246 1926
2246 1932
2246 1939
2246 1940
2246 1941
2246 1945
2246 1947
2246 1948
2246 2002
2246 2010
2246 2032
2246 2047
2246 2052
2246 2054
2246 2071
2246 2081
2246 2087
2246 2102
2246 2111
2246 2117
2246 2125
2246 2127
2246 2128
2246 2132
2246 2133
2246 2149
2246 2151
2246 2153
2246 2155
2246 2169
2246 2174
2246 2176
2246 2180
2246 2183
2246 2185
2246 2187
2246 2196
2246 2198
2246 2199
2246 2203
2246 2224
2246 2226
2246 2241
2246 2247
2246 2268
2246 2273
2246 2282
2246 2283
2246 2289
2246 2294
2246 2302
2246 2304
2246 2328
2246 2333
2246 2343
2246 2344
2246 2347
2246 2351
2246 2355
2246 2368
2246 2377
2246 2384
2246 2389
2246 2419
2246 2434
2246 2438
2246 2461
2246 2463
2246 2471
2246 2475
2246 2491
2246 2498
2246 2509
2246 2510
2246 2511
2246 2512
2246 2518
2246 2543
2246 2555
2246 2567
2246 2582
2246 2588
2246 2592
2246 2598
2246 2616
2246 2617
2246 2629
2246 2641
2246 2642
2246 2643
2247 136
2247 1465
2247 1577
2247 1718
2247 1912
2247 1916
2247 1920
2247 1923
2247 1926
2247 1932
2247 1939
2247 1940
2247 1941
2247 1945
2247 1947
2247 1948
2247 1955
2247 1970
2247 2002
2247 2007
2247 2010
2247 2026
2247 2028
2247 2032
2247 2047
2247 2052
2247 2053
2247 2054
2247 2068
2247 2071
2247 2072
2247 2081
2247 2087
2247 2099
2247 2111
2247 2117
2247 2125
2247 2132
2247 2133
2247 2135
2247 2148
2247 2149
2247 2151
2247 2153
2247 2155
2247 2169
2247 2174
2247 2176
2247 2180
2247 2183
2247 2187
2247 2194
2247 2196
2247 2198
2247 2199
2247 2222
2247 2239
2247 2241
2247 2246
2247 2254
2247 2267
2247 2273
2247 2282
2247 2283
2247 2285
2247 2289
2247 2292
2247 2294
2247 2302
2247 2304
2247 2327
2247 2328
2247 2332
2247 2333
2247 2336
2247 2343
2247 2344
2247 2347
2247 2355
2247 2362
2247 2368
2247 2377
2247 2384
2247 2389
2247 2398
2247 2399
2247 2413
2247 2419
2247 2434
2247 2458
2247 2461
2247 2463
2247 2471
2247 2475
2247 2480
2247 2491
2247 2496
2247 2498
2247 2509
2247 2510
2247 2511
2247 2516
2247 2518
2247 2529
2247 2537
2247 2543
2247 2555
2247 2567
2247 2582
2247 2588
2247 2592
2247 2594
2247 2597
2247 2598
2247 2603
2247 2608
2247 2610
2247 2616
2247 2629
2247 2641
2247 2642
2247 2643
2248 1912
2248 1936
2248 1975
2248 1978
2248 1990
2248 2047
2248 2049
2248 2152
2248 2173
2248 2286
2248 2314
2248 2335
2248 2397
2248 2405
2248 2497
2248 2503
2248 2534
2248 2644
2249 1912
2249 2007
2249 2054
2249 2068
2249 2087
2249 2111
2249 2169
2249 2174
2249 2250
2249 2268
2249 2279
2249 2313
2249 2332
2249 2336
2249 2372
2249 2434
2249 2491
2249 2558
2249 2589
