2250 136
2250 1465
2250 1577
2250 1718
2250 1912
2250 1913
2250 1916
2250 1920
2250 1940
2250 1945
2250 1948
2250 1954
2250 1955
2250 1959
2250 2002
2250 2010
2250 2026
2250 2028
2250 2038
2250 2039
2250 2042
2250 2047
2250 2052
2250 2054
2250 2071
2250 2081
2250 2087
2250 2102
2250 2111
2250 2117
2250 2125
2250 2127
2250 2128
2250 2133
2250 2138
2250 2143
2250 2149
2250 2151
2250 2153
2250 2169
2250 2174
2250 2176
2250 2180
2250 2187
2250 2189
2250 2191
2250 2198
2250 2199
2250 2203
2250 2223
2250 2224
2250 2241
2250 2249
2250 2268
2250 2273
2250 2279
2250 2289
2250 2294
2250 2302
2250 2312
2250 2319
2250 2328
2250 2332
2250 2333
2250 2343
2250 2344
2250 2347
2250 2355
2250 2368
2250 2372
2250 2384
2250 2389
2250 2398
2250 2399
2250 2400
2250 2413
2250 2419
2250 2436
2250 2445
2250 2461
2250 2463
2250 2471
2250 2473
2250 2475
2250 2491
2250 2498
2250 2502
2250 2508
2250 2509
2250 2511
2250 2512
2250 2516
2250 2519
2250 2529
2250 2531
2250 2533
2250 2543
2250 2555
2250 2567
2250 2582
2250 2588
2250 2597
2250 2598
2250 2616
2250 2617
2250 2629
2250 2642
2250 2643
2250 2649
2251 1912
2251 1915
2251 2156
2251 2160
2251 2173
2251 2238
2251 2313
2251 2618
2251 2644
2252 1912
2252 2081
2252 2177
2252 2199
2252 2282
2252 2294
2252 2304
2252 2328
2252 2333
2252 2509
2253 1912
2253 1917
2253 1929
2253 1938
2253 1941
2253 1943
2253 1946
2253 1962
2253 1963
2253 1966
2253 1971
2253 1979
2253 1983
2253 1984
2253 1985
2253 1986
2253 1989
2253 1993
2253 1997
2253 2005
2253 2020
2253 2030
2253 2033
2253 2040
2253 2043
2253 2045
2253 2059
2253 2064
2253 2069
2253 2073
2253 2077
2253 2078
2253 2086
2253 2088
2253 2090
2253 2093
2253 2095
2253 2103
2253 2104
2253 2108
2253 2118
2253 2121
2253 2122
2253 2123
2253 2124
2253 2131
2253 2139
2253 2140
2253 2142
2253 2150
2253 2154
2253 2164
2253 2184
2253 2188
2253 2200
2253 2201
2253 2206
2253 2210
2253 2216
2253 2218
2253 2220
2253 2229
2253 2233
2253 2237
2253 2240
2253 2244
2253 2257
2253 2266
2253 2275
2253 2278
2253 2290
2253 2300
2253 2306
2253 2307
2253 2308
2253 2309
2253 2311
2253 2324
2253 2326
2253 2329
2253 2331
2253 2334
2253 2339
2253 2340
2253 2347
2253 2348
2253 2352
2253 2354
2253 2356
2253 2359
2253 2363
2253 2369
2253 2370
2253 2374
2253 2386
2253 2395
2253 2407
2253 2408
2253 2409
2253 2410
2253 2414
2253 2428
2253 2430
2253 2433
2253 2446
2253 2449
2253 2460
2253 2464
2253 2467
2253 2468
2253 2469
2253 2477
2253 2482
2253 2484
2253 2485
2253 2489
2253 2492
2253 2500
2253 2504
2253 2507
2253 2520
2253 2521
2253 2526
2253 2532
2253 2536
2253 2539
2253 2542
2253 2543
2253 2546
2253 2549
2253 2550
2253 2552
2253 2553
2253 2556
2253 2559
2253 2560
2253 2561
2253 2563
2253 2564
2253 2573
2253 2578
2253 2586
2253 2593
2253 2601
2253 2602
2253 2604
2253 2606
2253 2607
2253 2615
2253 2619
2253 2624
2253 2625
2253 2630
2253 2631
2253 2638
2253 2654
2253 2655
2254 136
2254 1718
2254 1912
2254 1923
2254 1926
2254 1945
2254 1955
2254 1959
2254 1987
2254 2007
2254 2010
2254 2031
2254 2032
2254 2038
2254 2039
2254 2042
2254 2047
2254 2053
2254 2057
2254 2068
2254 2071
2254 2072
2254 2081
2254 2087
2254 2102
2254 2111
2254 2117
2254 2127
2254 2133
2254 2134
2254 2138
2254 2144
2254 2149
2254 2153
2254 2174
2254 2176
2254 2180
2254 2187
2254 2189
2254 2198
2254 2199
2254 2211
2254 2215
2254 2223
2254 2224
2254 2235
2254 2241
2254 2247
2254 2264
2254 2267
2254 2268
2254 2279
2254 2282
2254 2285
2254 2289
2254 2319
2254 2327
2254 2328
2254 2330
2254 2336
2254 2343
2254 2344
2254 2372
2254 2385
2254 2396
2254 2398
2254 2419
2254 2436
2254 2445
2254 2451
2254 2458
2254 2463
2254 2471
2254 2475
2254 2491
2254 2498
2254 2508
2254 2509
2254 2510
2254 2511
2254 2512
2254 2547
2254 2589
2254 2594
2254 2598
2254 2608
2254 2616
2254 2617
2254 2649
2254 2653
2255 1912
2255 1992
2255 2076
2255 2170
2255 2207
2255 2320
2255 2453
2255 2466
2255 2486
2255 2650
2256 1912
2256 1964
2256 1977
2256 2133
2256 2214
2256 2265
2256 2291
2257 1912
2257 1917
2257 1918
2257 1925
2257 1929
2257 1938
2257 1941
2257 1943
2257 1946
2257 1953
2257 1962
2257 1966
2257 1971
2257 1979
2257 1983
2257 1984
2257 1986
2257 1989
2257 1993
2257 1997
2257 2020
2257 2030
2257 2033
2257 2037
2257 2055
2257 2056
2257 2059
2257 2064
2257 2073
2257 2074
2257 2078
2257 2083
2257 2086
2257 2088
2257 2090
2257 2093
2257 2095
2257 2098
2257 2104
2257 2112
2257 2115
2257 2118
2257 2121
2257 2122
2257 2123
2257 2131
2257 2139
2257 2140
2257 2142
2257 2150
2257 2154
2257 2164
2257 2165
2257 2172
2257 2179
2257 2184
2257 2188
2257 2190
2257 2200
2257 2201
2257 2206
2257 2213
2257 2229
2257 2233
2257 2237
2257 2240
2257 2244
2257 2253
2257 2258
2257 2266
2257 2271
2257 2275
2257 2276
2257 2278
2257 2290
2257 2299
2257 2307
2257 2308
2257 2309
2257 2323
2257 2324
2257 2326
2257 2331
2257 2339
2257 2340
2257 2347
2257 2352
2257 2353
2257 2354
2257 2356
2257 2359
2257 2363
2257 2369
2257 2370
2257 2374
2257 2376
2257 2381
2257 2386
2257 2392
2257 2404
2257 2409
2257 2410
2257 2414
2257 2418
2257 2423
2257 2428
2257 2429
2257 2446
2257 2462
2257 2464
2257 2469
2257 2477
2257 2478
2257 2485
2257 2489
2257 2492
2257 2500
2257 2504
2257 2506
2257 2507
2257 2520
2257 2526
2257 2536
2257 2539
2257 2542
2257 2543
2257 2549
2257 2551
2257 2553
2257 2554
2257 2556
2257 2559
2257 2563
2257 2564
2257 2573
2257 2575
2257 2576
2257 2578
2257 2586
2257 2590
2257 2593
2257 2601
2257 2602
2257 2604
2257 2607
2257 2611
2257 2615
2257 2619
2257 2623
2257 2624
2257 2630
2257 2631
2257 2638
2257 2646
2257 2654
2258 1912
2258 1917
2258 1929
2258 1946
2258 1979
2258 1993
2258 2005
2258 2037
2258 2040
2258 2069
2258 2095
2258 2103
2258 2112
2258 2142
2258 2150
2258 2172
2258 2188
2258 2233
2258 2240
2258 2257
2258 2266
2258 2311
2258 2326
2258 2329
2258 2354
2258 2356
2258 2369
2258 2376
2258 2393
2258 2404
2258 2408
2258 2409
2258 2410
2258 2428
2258 2468
2258 2477
2258 2478
2258 2504
2258 2507
2258 2520
2258 2521
2258 2542
2258 2549
2258 2559
2258 2560
2258 2564
2258 2575
2258 2611
2258 2646
2259 1912
2259 1920
2259 1924
2259 1926
2259 1945
2259 1988
2259 2007
2259 2032
2259 2038
2259 2047
2259 2068
2259 2087
2259 2102
2259 2111
2259 2138
2259 2161
2259 2194
2259 2199
2259 2207
2259 2215
2259 2223
2259 2232
2259 2268
2259 2280
2259 2327
2259 2333
2259 2336
2259 2345
2259 2347
2259 2372
2259 2379
2259 2384
2259 2394
2259 2398
2259 2401
2259 2417
2259 2420
2259 2443
2259 2445
2259 2451
2259 2468
2259 2471
2259 2473
2259 2475
2259 2490
2259 2491
2259 2508
2259 2537
2259 2543
2259 2592
2259 2594
2259 2598
2259 2608
2259 2635
2259 2649
2260 1912
2260 1930
2260 2070
2260 2091
2260 2105
2260 2107
2260 2114
2260 2120
2260 2129
2260 2160
2260 2173
2260 2197
2260 2228
2260 2236
2260 2238
2260 2289
2260 2341
2260 2397
2260 2412
2260 2659
2261 1912
2261 1917
2261 1918
2261 1946
2261 1953
2261 1962
2261 1966
2261 1971
2261 1979
2261 1983
2261 1984
2261 1985
2261 1986
2261 1993
2261 2005
2261 2030
2261 2033
2261 2037
2261 2040
2261 2043
2261 2059
2261 2063
2261 2064
2261 2073
2261 2074
2261 2077
2261 2078
2261 2083
2261 2084
2261 2086
2261 2088
2261 2090
2261 2093
2261 2095
2261 2109
2261 2115
2261 2118
2261 2122
2261 2123
2261 2131
2261 2136
2261 2140
2261 2142
2261 2150
2261 2165
2261 2172
2261 2184
2261 2188
2261 2190
2261 2200
2261 2201
2261 2206
2261 2212
2261 2213
2261 2218
2261 2220
2261 2229
2261 2233
2261 2237
2261 2240
2261 2266
2261 2271
2261 2276
2261 2290
2261 2299
2261 2300
2261 2323
2261 2324
2261 2326
2261 2331
2261 2339
2261 2340
2261 2347
2261 2352
2261 2353
2261 2356
2261 2359
2261 2369
2261 2370
2261 2376
2261 2381
2261 2392
2261 2408
2261 2409
2261 2410
2261 2414
2261 2423
2261 2428
2261 2464
2261 2468
2261 2484
2261 2485
2261 2492
2261 2495
2261 2499
2261 2500
2261 2504
2261 2506
2261 2507
2261 2521
2261 2539
2261 2542
2261 2543
2261 2551
2261 2553
2261 2556
2261 2560
2261 2564
2261 2574
2261 2575
2261 2578
2261 2586
2261 2590
2261 2591
2261 2593
2261 2600
2261 2601
2261 2602
2261 2604
2261 2607
2261 2611
2261 2615
2261 2619
2261 2624
2261 2625
2261 2630
2261 2638
2261 2654
2261 2655
2262 1912
2262 1982
2262 2056
2262 2067
2262 2092
2262 2147
2262 2266
2262 2300
2262 2350
2262 2387
2262 2391
2262 2506
2262 2545
2262 2576
2263 1912
2263 2227
2263 2313
2263 2431
2263 2528
2263 2558
2263 2621
2264 136
2264 1465
2264 1577
2264 1718
2264 1912
2264 1926
2264 1932
2264 1939
2264 1940
2264 1941
2264 1947
2264 1954
2264 1955
2264 1959
2264 1981
2264 2002
2264 2026
2264 2032
2264 2039
2264 2053
2264 2071
2264 2087
2264 2101
2264 2102
2264 2111
2264 2117
2264 2132
2264 2134
2264 2135
2264 2148
2264 2153
2264 2161
2264 2174
2264 2176
2264 2180
2264 2183
2264 2187
2264 2191
2264 2198
2264 2203
2264 2215
2264 2243
2264 2254
2264 2267
2264 2273
2264 2280
2264 2282
2264 2294
2264 2302
2264 2327
2264 2333
2264 2338
2264 2344
2264 2347
2264 2368
2264 2372
2264 2377
2264 2379
2264 2385
2264 2394
2264 2396
2264 2417
2264 2458
2264 2461
2264 2463
2264 2465
2264 2472
2264 2473
2264 2498
2264 2510
2264 2537
2264 2547
2264 2588
2264 2592
2264 2597
2265 1912
2265 1964
2265 1977
2265 2036
2265 2085
2265 2214
2265 2235
2265 2256
2265 2291
2265 2406
2265 2566
2266 1465
2266 1912
2266 1917
2266 1918
2266 1925
2266 1929
2266 1938
2266 1941
2266 1942
2266 1943
2266 1946
2266 1953
2266 1962
2266 1966
2266 1971
2266 1979
2266 1983
2266 1984
2266 1985
2266 1986
2266 1989
2266 1993
2266 1997
2266 2005
2266 2007
2266 2020
2266 2030
2266 2033
2266 2037
2266 2040
2266 2043
2266 2044
2266 2045
2266 2046
2266 2055
2266 2056
2266 2058
2266 2059
2266 2060
2266 2063
2266 2064
2266 2069
2266 2073
2266 2074
2266 2077
2266 2078
2266 2083
2266 2084
2266 2086
2266 2088
2266 2090
2266 2093
2266 2095
2266 2098
2266 2103
2266 2104
2266 2108
2266 2109
2266 2112
2266 2115
2266 2118
2266 2121
2266 2122
2266 2123
2266 2124
2266 2131
2266 2139
2266 2140
2266 2142
2266 2147
2266 2150
2266 2154
2266 2164
2266 2165
2266 2172
2266 2179
2266 2184
2266 2188
2266 2189
2266 2190
2266 2200
2266 2201
2266 2206
2266 2210
2266 2212
2266 2213
2266 2216
2266 2218
2266 2220
2266 2223
2266 2229
2266 2233
2266 2234
2266 2240
2266 2243
2266 2244
2266 2253
2266 2257
2266 2258
2266 2261
2266 2262
2266 2271
2266 2275
2266 2276
2266 2278
2266 2287
2266 2288
2266 2290
2266 2292
2266 2299
2266 2300
2266 2303
2266 2306
2266 2307
2266 2308
2266 2309
2266 2311
2266 2323
2266 2324
2266 2326
2266 2329
2266 2331
2266 2334
2266 2336
2266 2339
2266 2340
2266 2347
2266 2348
2266 2350
2266 2352
2266 2353
2266 2354
2266 2356
2266 2359
2266 2363
2266 2369
2266 2370
2266 2374
2266 2376
2266 2381
2266 2386
2266 2387
2266 2391
2266 2392
2266 2393
2266 2395
2266 2404
2266 2407
2266 2408
2266 2409
2266 2410
2266 2414
2266 2418
2266 2423
2266 2427
2266 2428
2266 2429
2266 2430
2266 2433
2266 2443
2266 2446
2266 2449
2266 2454
2266 2460
2266 2462
2266 2464
2266 2467
2266 2468
2266 2469
2266 2476
2266 2477
2266 2478
2266 2482
2266 2484
2266 2485
2266 2489
2266 2492
2266 2499
2266 2500
2266 2501
2266 2504
2266 2506
2266 2507
2266 2512
2266 2518
2266 2520
2266 2521
2266 2526
2266 2532
2266 2536
2266 2539
2266 2542
2266 2543
2266 2546
2266 2549
2266 2550
2266 2551
2266 2552
2266 2553
2266 2554
2266 2556
2266 2559
2266 2560
2266 2561
2266 2563
2266 2564
2266 2573
2266 2574
2266 2575
2266 2576
2266 2578
2266 2579
2266 2586
2266 2590
2266 2591
2266 2593
2266 2600
2266 2601
2266 2602
2266 2604
2266 2606
2266 2607
2266 2611
2266 2615
2266 2619
2266 2623
2266 2624
2266 2625
2266 2630
2266 2631
2266 2638
2266 2646
2266 2654
2266 2655
2267 136
2267 1465
2267 1577
2267 1718
2267 1912
2267 1920
2267 1926
2267 1947
2267 1948
2267 1970
2267 2002
2267 2007
2267 2010
2267 2026
2267 2038
2267 2039
2267 2047
2267 2054
2267 2071
2267 2081
2267 2087
2267 2102
2267 2111
2267 2128
2267 2133
2267 2135
2267 2137
2267 2138
2267 2151
2267 2153
2267 2161
2267 2174
2267 2176
2267 2180
2267 2183
2267 2187
2267 2203
2267 2215
2267 2224
2267 2232
2267 2239
2267 2243
2267 2247
2267 2254
2267 2264
2267 2268
2267 2273
2267 2282
2267 2283
2267 2285
2267 2292
2267 2293
2267 2294
2267 2302
2267 2304
2267 2325
2267 2336
2267 2338
2267 2351
2267 2377
2267 2384
2267 2385
2267 2394
2267 2458
2267 2461
2267 2463
2267 2472
2267 2473
2267 2475
2267 2502
2267 2509
2267 2510
2267 2511
2267 2529
2267 2537
2267 2547
2267 2555
2267 2567
2267 2589
2267 2592
2267 2617
2267 2642
2267 2653
2268 136
2268 1465
2268 1577
2268 1718
2268 1912
2268 1926
2268 1928
2268 1945
2268 1954
2268 1955
2268 1959
2268 1964
2268 1972
2268 1973
2268 1976
2268 1987
2268 1995
2268 2002
2268 2004
2268 2007
2268 2009
2268 2018
2268 2022
2268 2024
2268 2026
2268 2027
2268 2032
2268 2038
2268 2039
2268 2042
2268 2047
2268 2057
2268 2068
2268 2071
2268 2072
2268 2087
2268 2102
2268 2111
2268 2116
2268 2117
2268 2127
2268 2128
2268 2133
2268 2134
2268 2135
2268 2144
2268 2149
2268 2153
2268 2157
2268 2171
2268 2174
2268 2180
2268 2187
2268 2189
2268 2196
2268 2203
2268 2215
2268 2223
2268 2224
2268 2232
2268 2241
2268 2246
2268 2249
2268 2250
2268 2254
2268 2259
2268 2267
2268 2279
2268 2283
2268 2285
2268 2289
2268 2292
2268 2302
2268 2319
2268 2327
2268 2330
2268 2336
2268 2364
2268 2372
2268 2378
2268 2384
2268 2385
2268 2394
2268 2398
2268 2406
2268 2417
2268 2419
2268 2436
2268 2445
2268 2447
2268 2451
2268 2458
2268 2459
2268 2463
2268 2471
2268 2491
2268 2498
2268 2502
2268 2508
2268 2510
2268 2511
2268 2512
2268 2516
2268 2530
2268 2533
2268 2538
2268 2543
2268 2544
2268 2547
2268 2555
2268 2567
2268 2571
2268 2582
2268 2583
2268 2588
2268 2589
2268 2592
2268 2594
2268 2597
2268 2598
2268 2608
2268 2616
2268 2617
2268 2629
2268 2635
2268 2640
2268 2642
2268 2645
2268 2649
2268 2660
2269 1912
2270 1912
2270 1923
2270 1944
2270 2031
2270 2141
2270 2155
2270 2209
2270 2318
2270 2416
2270 2425
2270 2525
2270 2557
2270 2610
2270 2641
2270 2642
2271 1912
2271 1917
2271 1918
2271 1925
2271 1929
2271 1938
2271 1941
2271 1943
2271 1946
2271 1953
2271 1962
2271 1966
2271 1971
2271 1979
2271 1983
2271 1984
2271 1985
2271 1986
2271 1989
2271 1993
2271 1997
2271 2005
2271 2020
2271 2030
2271 2033
2271 2037
2271 2040
2271 2043
2271 2045
2271 2046
2271 2055
2271 2056
2271 2059
2271 2060
2271 2063
2271 2064
2271 2069
2271 2073
2271 2074
2271 2078
2271 2083
2271 2084
2271 2088
2271 2090
2271 2092
2271 2093
2271 2095
2271 2098
2271 2103
2271 2104
2271 2108
2271 2109
2271 2112
2271 2115
2271 2118
2271 2121
2271 2122
2271 2123
2271 2124
2271 2131
2271 2139
2271 2140
2271 2142
2271 2147
2271 2150
2271 2154
2271 2164
2271 2165
2271 2172
2271 2179
2271 2184
2271 2188
2271 2190
2271 2200
2271 2201
2271 2206
2271 2210
2271 2212
2271 2213
2271 2216
2271 2218
2271 2220
2271 2229
2271 2233
2271 2240
2271 2244
2271 2257
2271 2261
2271 2266
2271 2275
2271 2276
2271 2278
2271 2290
2271 2300
2271 2307
2271 2308
2271 2309
2271 2323
2271 2324
2271 2326
2271 2329
2271 2331
2271 2334
2271 2339
2271 2340
2271 2347
2271 2348
2271 2350
2271 2352
2271 2354
2271 2356
2271 2359
2271 2363
2271 2369
2271 2370
2271 2374
2271 2376
2271 2381
2271 2395
2271 2404
2271 2408
2271 2409
2271 2410
2271 2414
2271 2418
2271 2423
2271 2430
2271 2433
2271 2446
2271 2460
2271 2464
2271 2467
2271 2468
2271 2469
2271 2477
2271 2482
2271 2485
2271 2492
2271 2495
2271 2500
2271 2507
2271 2520
2271 2526
2271 2532
2271 2539
2271 2542
2271 2543
2271 2549
2271 2550
2271 2551
2271 2553
2271 2554
2271 2556
2271 2559
2271 2560
2271 2561
2271 2564
2271 2573
2271 2574
2271 2575
2271 2578
2271 2579
2271 2586
2271 2590
2271 2593
2271 2601
2271 2602
2271 2604
2271 2607
2271 2611
2271 2615
2271 2619
2271 2623
2271 2624
2271 2625
2271 2630
2271 2631
2271 2638
2271 2654
2271 2655
2272 1912
2272 1923
2272 1944
2272 2029
2272 2031
2272 2047
2272 2060
2272 2117
2272 2133
2272 2141
2272 2176
2272 2209
2272 2211
2272 2222
2272 2242
2272 2289
2272 2310
2272 2318
2272 2325
2272 2362
2272 2416
2272 2419
2272 2432
2272 2480
2272 2525
2272 2540
2272 2610
2272 2637
2272 2642
2273 1577
2273 1912
2273 1916
2273 1923
2273 1926
2273 1939
2273 1945
2273 1947
2273 1948
2273 1954
2273 1987
2273 2002
2273 2010
2273 2028
2273 2032
2273 2039
2273 2047
2273 2052
2273 2053
2273 2054
2273 2071
2273 2081
2273 2087
2273 2102
2273 2111
2273 2117
2273 2125
2273 2132
2273 2133
2273 2134
2273 2138
2273 2143
2273 2149
2273 2151
2273 2153
2273 2155
2273 2169
2273 2176
2273 2183
2273 2187
2273 2191
2273 2194
2273 2196
2273 2198
2273 2199
2273 2203
2273 2224
2273 2241
2273 2246
2273 2247
2273 2250
2273 2264
2273 2267
2273 2282
2273 2283
2273 2285
2273 2289
2273 2292
2273 2294
2273 2302
2273 2327
2273 2328
2273 2333
2273 2343
2273 2344
2273 2347
2273 2351
2273 2377
2273 2384
2273 2399
2273 2419
2273 2461
2273 2463
2273 2471
2273 2475
2273 2498
2273 2509
2273 2512
2273 2516
2273 2518
2273 2519
2273 2555
2273 2567
2273 2582
2273 2588
2273 2598
2273 2608
2273 2616
2273 2629
2273 2643
2273 2649
2274 1912
2274 1939
2274 1947
2274 1959
2274 1970
2274 1981
2274 2054
2274 2062
2274 2072
2274 2075
2274 2081
2274 2101
2274 2111
2274 2132
2274 2199
2274 2222
2274 2235
2274 2243
2274 2328
2274 2333
2274 2344
2274 2351
2274 2377
2274 2384
2274 2390
2274 2396
2274 2415
2274 2434
2274 2438
2274 2479
2274 2509
2274 2511
2274 2568
2274 2603
2274 2652
2275 1912
2275 1917
2275 1918
2275 1925
2275 1929
2275 1938
2275 1941
2275 1943
2275 1946
2275 1953
2275 1962
2275 1963
2275 1966
2275 1971
2275 1979
2275 1983
2275 1984
2275 1985
2275 1986
2275 1989
2275 1993
2275 1997
2275 2005
2275 2020
2275 2030
2275 2033
2275 2040
2275 2043
2275 2045
2275 2046
2275 2056
2275 2058
2275 2059
2275 2063
2275 2064
2275 2069
2275 2073
2275 2074
2275 2077
2275 2078
2275 2083
2275 2084
2275 2086
2275 2088
2275 2090
2275 2093
2275 2095
2275 2103
2275 2104
2275 2108
2275 2109
2275 2112
2275 2115
2275 2118
2275 2121
2275 2122
2275 2123
2275 2124
2275 2131
2275 2136
2275 2139
2275 2140
2275 2142
2275 2150
2275 2154
2275 2165
2275 2172
2275 2184
2275 2188
2275 2190
2275 2200
2275 2201
2275 2206
2275 2212
2275 2213
2275 2216
2275 2218
2275 2220
2275 2229
2275 2233
2275 2240
2275 2244
2275 2253
2275 2257
2275 2266
2275 2271
2275 2276
2275 2290
2275 2299
2275 2306
2275 2307
2275 2308
2275 2309
2275 2323
2275 2324
2275 2326
2275 2329
2275 2331
2275 2339
2275 2340
2275 2347
2275 2348
2275 2352
2275 2354
2275 2356
2275 2359
2275 2363
2275 2369
2275 2370
2275 2374
2275 2376
2275 2381
2275 2386
2275 2391
2275 2392
2275 2395
2275 2404
2275 2408
2275 2409
2275 2410
2275 2414
2275 2418
2275 2423
2275 2428
2275 2429
2275 2430
2275 2433
2275 2460
2275 2462
2275 2464
2275 2467
2275 2469
2275 2477
2275 2482
2275 2484
2275 2489
2275 2492
2275 2495
2275 2500
2275 2504
2275 2506
2275 2507
2275 2520
2275 2521
2275 2526
2275 2532
2275 2539
2275 2542
2275 2543
2275 2546
2275 2549
2275 2550
2275 2551
2275 2552
2275 2553
2275 2554
2275 2559
2275 2560
2275 2561
2275 2563
2275 2564
2275 2573
2275 2574
2275 2578
2275 2579
2275 2586
2275 2590
2275 2593
2275 2600
2275 2601
2275 2602
2275 2604
2275 2607
2275 2611
2275 2613
2275 2615
2275 2619
2275 2623
2275 2624
2275 2625
2275 2630
2275 2631
2275 2638
2275 2654
2275 2655
2276 1912
2276 1918
2276 1938
2276 1941
2276 1943
2276 1946
2276 1962
2276 1966
2276 1971
2276 1979
2276 1983
2276 1984
2276 1986
2276 1989
2276 1993
2276 1997
2276 2005
2276 2020
2276 2021
2276 2030
2276 2033
2276 2040
2276 2043
2276 2045
2276 2046
2276 2059
2276 2064
2276 2069
2276 2073
2276 2074
2276 2078
2276 2083
2276 2084
2276 2088
2276 2090
2276 2093
2276 2095
2276 2103
2276 2108
2276 2109
2276 2115
2276 2118
2276 2121
2276 2123
2276 2124
2276 2131
2276 2139
2276 2140
2276 2142
2276 2150
2276 2154
2276 2164
2276 2165
2276 2172
2276 2184
2276 2188
2276 2190
2276 2200
2276 2201
2276 2206
2276 2213
2276 2218
2276 2220
2276 2229
2276 2233
2276 2237
2276 2240
2276 2244
2276 2257
2276 2261
2276 2266
2276 2271
2276 2275
2276 2278
2276 2290
2276 2299
2276 2307
2276 2309
2276 2311
2276 2323
2276 2324
2276 2329
2276 2331
2276 2339
2276 2340
2276 2347
2276 2348
2276 2352
2276 2354
2276 2363
2276 2369
2276 2370
2276 2374
2276 2376
2276 2381
2276 2386
2276 2395
2276 2404
2276 2408
2276 2409
2276 2410
2276 2414
2276 2418
2276 2423
2276 2460
2276 2462
2276 2464
2276 2467
2276 2469
2276 2484
2276 2485
2276 2492
2276 2495
2276 2499
2276 2500
2276 2506
2276 2507
2276 2526
2276 2532
2276 2536
2276 2542
2276 2543
2276 2546
2276 2549
2276 2550
2276 2551
2276 2552
2276 2553
2276 2554
2276 2559
2276 2560
2276 2561
2276 2563
2276 2564
2276 2573
2276 2574
2276 2586
2276 2590
2276 2591
2276 2593
2276 2600
2276 2601
2276 2602
2276 2604
2276 2606
2276 2611
2276 2615
2276 2624
2276 2625
2276 2630
2276 2638
2276 2646
2276 2654
2276 2655
2277 1912
2277 1949
2277 2038
2277 2047
2277 2080
2277 2145
2277 2186
2277 2231
2277 2335
2277 2357
2277 2373
2277 2411
2277 2474
2277 2488
2277 2497
2277 2656
2278 1912
2278 1917
2278 1918
2278 1925
2278 1929
2278 1938
2278 1943
2278 1946
2278 1953
2278 1962
2278 1963
2278 1966
2278 1971
2278 1979
2278 1983
2278 1984
2278 1985
2278 1986
2278 1987
2278 1993
2278 2005
2278 2020
2278 2030
2278 2033
2278 2037
2278 2040
2278 2043
2278 2045
2278 2055
2278 2056
2278 2059
2278 2060
2278 2063
2278 2073
2278 2074
2278 2077
2278 2078
2278 2083
2278 2088
2278 2090
2278 2093
2278 2098
2278 2103
2278 2104
2278 2108
2278 2109
2278 2112
2278 2115
2278 2118
2278 2121
2278 2122
2278 2123
2278 2124
2278 2128
2278 2131
2278 2139
2278 2140
2278 2142
2278 2150
2278 2154
2278 2164
2278 2165
2278 2172
2278 2179
2278 2184
2278 2188
2278 2190
2278 2200
2278 2201
2278 2206
2278 2213
2278 2218
2278 2220
2278 2229
2278 2233
2278 2240
2278 2242
2278 2244
2278 2253
2278 2257
2278 2266
2278 2271
2278 2276
2278 2287
2278 2290
2278 2300
2278 2303
2278 2306
2278 2307
2278 2308
2278 2309
2278 2323
2278 2324
2278 2326
2278 2329
2278 2331
2278 2339
2278 2340
2278 2347
2278 2348
2278 2352
2278 2354
2278 2356
2278 2359
2278 2363
2278 2369
2278 2370
2278 2374
2278 2376
2278 2392
2278 2395
2278 2404
2278 2408
2278 2409
2278 2410
2278 2414
2278 2423
2278 2428
2278 2433
2278 2446
2278 2460
2278 2462
2278 2464
2278 2468
2278 2477
2278 2482
2278 2485
2278 2492
2278 2495
2278 2499
2278 2500
2278 2504
2278 2506
2278 2507
2278 2520
2278 2521
2278 2526
2278 2532
2278 2533
2278 2539
2278 2542
2278 2543
2278 2544
2278 2550
2278 2551
2278 2553
2278 2556
2278 2559
2278 2560
2278 2561
2278 2564
2278 2573
2278 2574
2278 2575
2278 2578
2278 2579
2278 2586
2278 2590
2278 2593
2278 2600
2278 2602
2278 2604
2278 2607
2278 2611
2278 2615
2278 2619
2278 2624
2278 2625
2278 2629
2278 2630
2278 2631
2278 2638
2278 2646
2278 2655
2279 136
2279 1465
2279 1577
2279 1912
2279 1920
2279 1926
2279 1932
2279 1941
2279 1947
2279 1948
2279 1955
2279 1959
2279 1964
2279 1985
2279 1994
2279 2002
2279 2007
2279 2026
2279 2028
2279 2032
2279 2038
2279 2039
2279 2042
2279 2047
2279 2052
2279 2053
2279 2054
2279 2062
2279 2068
2279 2071
2279 2072
2279 2081
2279 2087
2279 2101
2279 2102
2279 2111
2279 2117
2279 2125
2279 2127
2279 2128
2279 2133
2279 2134
2279 2135
2279 2137
2279 2138
2279 2143
2279 2148
2279 2149
2279 2153
2279 2169
2279 2174
2279 2180
2279 2183
2279 2187
2279 2189
2279 2191
2279 2194
2279 2196
2279 2198
2279 2199
2279 2215
2279 2223
2279 2224
2279 2241
2279 2249
2279 2250
2279 2254
2279 2268
2279 2282
2279 2283
2279 2292
2279 2293
2279 2302
2279 2315
2279 2319
2279 2327
2279 2328
2279 2330
2279 2332
2279 2333
2279 2336
2279 2338
2279 2345
2279 2347
2279 2351
2279 2368
2279 2372
2279 2384
2279 2385
2279 2394
2279 2396
2279 2398
2279 2399
2279 2417
2279 2420
2279 2434
2279 2436
2279 2445
2279 2451
2279 2458
2279 2461
2279 2463
2279 2468
2279 2471
2279 2472
2279 2479
2279 2491
2279 2496
2279 2508
2279 2509
2279 2510
2279 2511
2279 2512
2279 2516
2279 2533
2279 2537
2279 2543
2279 2555
2279 2567
2279 2582
2279 2589
2279 2592
2279 2597
2279 2598
2279 2608
2279 2617
2279 2629
2279 2643
2279 2649
2280 1912
2280 1926
2280 1939
2280 1941
2280 1945
2280 1947
2280 1959
2280 1981
2280 1982
2280 2032
2280 2053
2280 2054
2280 2062
2280 2068
2280 2072
2280 2075
2280 2081
2280 2101
2280 2102
2280 2132
2280 2161
2280 2199
2280 2223
2280 2224
2280 2232
2280 2235
2280 2243
2280 2259
2280 2264
2280 2282
2280 2283
2280 2294
2280 2327
2280 2328
2280 2333
2280 2336
2280 2345
2280 2367
2280 2379
2280 2384
2280 2390
2280 2394
2280 2396
2280 2434
2280 2438
2280 2451
2280 2458
2280 2491
2280 2501
2280 2511
2280 2518
2280 2537
2280 2592
2280 2594
2280 2598
2280 2608
2280 2617
2280 2635
2280 2652
2281 1912
2281 1956
2281 1961
2281 2094
2281 2167
2281 2245
2281 2301
2281 2487
2281 2535
2282 1465
2282 1577
2282 1718
2282 1912
2282 1916
2282 1920
2282 1926
2282 1932
2282 1939
2282 1941
2282 1945
2282 1947
2282 1948
2282 1959
2282 1964
2282 1970
2282 1981
2282 1994
2282 2002
2282 2003
2282 2007
2282 2010
2282 2026
2282 2028
2282 2029
2282 2032
2282 2039
2282 2042
2282 2047
2282 2052
2282 2053
2282 2054
2282 2062
2282 2068
2282 2071
2282 2072
2282 2075
2282 2081
2282 2087
2282 2101
2282 2102
2282 2110
2282 2111
2282 2117
2282 2125
2282 2132
2282 2133
2282 2135
2282 2137
2282 2138
2282 2144
2282 2148
2282 2149
2282 2153
2282 2161
2282 2176
2282 2177
2282 2180
2282 2183
2282 2187
2282 2191
2282 2194
2282 2196
2282 2198
2282 2199
2282 2223
2282 2224
2282 2235
2282 2241
2282 2243
2282 2246
2282 2247
2282 2252
2282 2254
2282 2264
2282 2267
2282 2273
2282 2279
2282 2280
2282 2283
2282 2285
2282 2289
2282 2292
2282 2293
2282 2294
2282 2302
2282 2304
2282 2310
2282 2313
2282 2315
2282 2319
2282 2327
2282 2328
2282 2332
2282 2333
2282 2336
2282 2338
2282 2343
2282 2344
2282 2347
2282 2351
2282 2368
2282 2372
2282 2377
2282 2384
2282 2390
2282 2394
2282 2396
2282 2399
2282 2419
2282 2420
2282 2432
2282 2434
2282 2438
2282 2451
2282 2458
2282 2461
2282 2463
2282 2465
2282 2471
2282 2472
2282 2475
2282 2479
2282 2491
2282 2501
2282 2509
2282 2510
2282 2511
2282 2512
2282 2516
2282 2533
2282 2537
2282 2543
2282 2544
2282 2547
2282 2555
2282 2567
2282 2582
2282 2588
2282 2592
2282 2594
2282 2597
2282 2598
2282 2603
2282 2608
2282 2609
2282 2616
2282 2617
2282 2629
2282 2642
2282 2643
2282 2649
2282 2652
2282 2653
2283 136
2283 1465
2283 1577
2283 1718
2283 1912
2283 1916
2283 1920
2283 1926
2283 1932
2283 1939
2283 1941
2283 1945
2283 1947
2283 1948
2283 1955
2283 1959
2283 1970
2283 1994
2283 2002
2283 2007
2283 2010
2283 2026
2283 2028
2283 2031
2283 2032
2283 2038
2283 2039
2283 2042
2283 2047
2283 2052
2283 2053
2283 2054
2283 2062
2283 2068
2283 2071
2283 2072
2283 2081
2283 2087
2283 2099
2283 2101
2283 2102
2283 2111
2283 2117
2283 2125
2283 2126
2283 2127
2283 2128
2283 2133
2283 2134
2283 2135
2283 2137
2283 2138
2283 2143
2283 2144
2283 2148
2283 2149
2283 2153
2283 2155
2283 2163
2283 2169
2283 2174
2283 2180
2283 2183
2283 2187
2283 2189
2283 2191
2283 2194
2283 2196
2283 2198
2283 2199
2283 2209
2283 2215
2283 2223
2283 2224
2283 2226
2283 2230
2283 2235
2283 2241
2283 2246
2283 2247
2283 2267
2283 2268
2283 2273
2283 2279
2283 2280
2283 2282
2283 2289
2283 2292
2283 2293
2283 2294
2283 2302
2283 2304
2283 2315
2283 2319
2283 2327
2283 2328
2283 2332
2283 2333
2283 2336
2283 2338
2283 2342
2283 2343
2283 2344
2283 2347
2283 2351
2283 2355
2283 2358
2283 2368
2283 2372
2283 2384
2283 2385
2283 2394
2283 2396
2283 2398
2283 2399
2283 2420
2283 2436
2283 2438
2283 2445
2283 2451
2283 2458
2283 2461
2283 2463
2283 2465
2283 2468
2283 2471
2283 2472
2283 2491
2283 2501
2283 2502
2283 2508
2283 2509
2283 2510
2283 2511
2283 2516
2283 2518
2283 2519
2283 2529
2283 2533
2283 2537
2283 2543
2283 2555
2283 2567
2283 2582
2283 2588
2283 2589
2283 2592
2283 2594
2283 2597
2283 2598
2283 2603
2283 2608
2283 2609
2283 2616
2283 2617
2283 2618
2283 2629
2283 2642
2283 2643
2283 2649
2283 2653
2284 136
2284 1912
2284 1914
2284 1919
2284 1927
2284 1928
2284 1935
2284 1951
2284 1957
2284 1958
2284 1972
2284 1973
2284 1976
2284 1980
2284 1991
2284 1995
2284 1998
2284 1999
2284 2000
2284 2001
2284 2006
2284 2011
2284 2014
2284 2016
2284 2018
2284 2022
2284 2024
2284 2027
2284 2061
2284 2097
2284 2116
2284 2159
2284 2171
2284 2202
2284 2225
2284 2346
2284 2364
2284 2365
2284 2378
2284 2447
2284 2459
2284 2494
2284 2538
2284 2583
2284 2585
2284 2620
2284 2627
2284 2633
2284 2636
2284 2639
2284 2645
2284 2647
2284 2648
2284 2657
2284 2659
2284 2660
2285 1465
2285 1577
2285 1912
2285 1920
2285 1926
2285 1941
2285 1959
2285 2007
2285 2032
2285 2038
2285 2053
2285 2071
2285 2102
2285 2111
2285 2134
2285 2174
2285 2180
2285 2187
2285 2189
2285 2194
2285 2215
2285 2241
2285 2247
2285 2254
2285 2267
2285 2268
2285 2273
2285 2282
2285 2294
2285 2302
2285 2305
2285 2333
2285 2336
2285 2338
2285 2351
2285 2372
2285 2377
2285 2390
2285 2398
2285 2461
2285 2472
2285 2508
2285 2510
2285 2511
2285 2537
2285 2543
2285 2547
2285 2555
2285 2567
2285 2588
2285 2597
2285 2608
2285 2609
2285 2617
2285 2629
2286 1912
2286 1930
2286 1936
2286 1960
2286 1965
2286 1975
2286 1978
2286 1990
2286 2047
2286 2049
2286 2173
2286 2175
2286 2248
2286 2314
2286 2335
2286 2361
2286 2371
2286 2403
2286 2411
2286 2440
2286 2488
2286 2497
2286 2503
2286 2534
2287 1912
2287 1918
2287 1929
2287 1971
2287 1985
2287 1993
2287 2005
2287 2026
2287 2033
2287 2045
2287 2048
2287 2056
2287 2063
2287 2074
2287 2088
2287 2090
2287 2093
2287 2104
2287 2118
2287 2123
2287 2124
2287 2128
2287 2131
2287 2142
2287 2150
2287 2184
2287 2206
2287 2220
2287 2229
2287 2233
2287 2240
2287 2244
2287 2266
2287 2278
2287 2309
2287 2311
2287 2323
2287 2324
2287 2326
2287 2331
2287 2339
2287 2340
2287 2352
2287 2363
2287 2370
2287 2376
2287 2386
2287 2409
2287 2410
2287 2418
2287 2428
2287 2446
2287 2464
2287 2485
2287 2495
2287 2500
2287 2507
2287 2542
2287 2553
2287 2590
2287 2593
2287 2600
2287 2601
2287 2602
2287 2604
2287 2607
2287 2625
2287 2630
2288 1912
2288 1964
2288 1983
2288 2036
2288 2044
2288 2084
2288 2092
2288 2147
2288 2189
2288 2214
2288 2235
2288 2266
2288 2300
2288 2309
2288 2345
2288 2350
2288 2383
2288 2391
2288 2406
2288 2468
2288 2478
2289 136
2289 1465
2289 1577
2289 1718
2289 1912
2289 1916
2289 1923
2289 1926
2289 1932
2289 1940
2289 1944
2289 1945
2289 1948
2289 1954
2289 1955
2289 1959
2289 1964
2289 1965
2289 1987
2289 2007
2289 2010
2289 2026
2289 2028
2289 2031
2289 2032
2289 2036
2289 2038
2289 2039
2289 2047
2289 2048
2289 2052
2289 2053
2289 2054
2289 2068
2289 2071
2289 2072
2289 2081
2289 2087
2289 2102
2289 2111
2289 2125
2289 2127
2289 2133
2289 2134
2289 2138
2289 2141
2289 2143
2289 2144
2289 2145
2289 2148
2289 2149
2289 2151
2289 2153
2289 2155
2289 2166
2289 2169
2289 2174
2289 2175
2289 2176
2289 2180
2289 2183
2289 2185
2289 2187
2289 2189
2289 2191
2289 2194
2289 2196
2289 2199
2289 2203
2289 2209
2289 2211
2289 2214
2289 2223
2289 2224
2289 2232
2289 2241
2289 2242
2289 2246
2289 2247
2289 2250
2289 2254
2289 2260
2289 2268
2289 2272
2289 2273
2289 2282
2289 2283
2289 2291
2289 2292
2289 2294
2289 2296
2289 2302
2289 2310
2289 2318
2289 2319
2289 2322
2289 2325
2289 2327
2289 2328
2289 2330
2289 2333
2289 2336
2289 2343
2289 2347
2289 2351
2289 2362
2289 2366
2289 2367
2289 2368
2289 2372
2289 2377
2289 2384
2289 2398
2289 2406
2289 2416
2289 2417
2289 2419
2289 2425
2289 2436
2289 2440
2289 2445
2289 2448
2289 2451
2289 2461
2289 2463
2289 2471
2289 2473
2289 2474
2289 2475
2289 2491
2289 2498
2289 2508
2289 2509
2289 2510
2289 2511
2289 2512
2289 2525
2289 2533
2289 2543
2289 2555
2289 2557
2289 2567
2289 2582
2289 2588
2289 2589
2289 2594
2289 2597
2289 2598
2289 2603
2289 2608
2289 2610
2289 2612
2289 2616
2289 2617
2289 2629
2289 2637
2289 2642
2289 2643
2289 2649
2289 2653
2290 1912
2290 1917
2290 1918
2290 1925
2290 1929
2290 1938
2290 1943
2290 1946
2290 1953
2290 1962
2290 1963
2290 1966
2290 1971
2290 1979
2290 1983
2290 1984
2290 1985
2290 1989
2290 1993
2290 1997
2290 2020
2290 2030
2290 2033
2290 2037
2290 2040
2290 2043
2290 2045
2290 2056
2290 2058
2290 2059
2290 2060
2290 2063
2290 2064
2290 2069
2290 2073
2290 2074
2290 2077
2290 2078
2290 2083
2290 2084
2290 2086
2290 2088
2290 2090
2290 2093
2290 2095
2290 2098
2290 2103
2290 2104
2290 2108
2290 2109
2290 2112
2290 2115
2290 2118
2290 2121
2290 2122
2290 2123
2290 2124
2290 2131
2290 2139
2290 2140
2290 2142
2290 2150
2290 2154
2290 2164
2290 2165
2290 2172
2290 2179
2290 2184
2290 2188
2290 2190
2290 2200
2290 2201
2290 2206
2290 2210
2290 2212
2290 2213
2290 2216
2290 2218
2290 2220
2290 2229
2290 2233
2290 2237
2290 2240
2290 2244
2290 2253
2290 2257
2290 2261
2290 2266
2290 2271
2290 2275
2290 2276
2290 2278
2290 2299
2290 2306
2290 2307
2290 2308
2290 2309
2290 2323
2290 2324
2290 2326
2290 2329
2290 2331
2290 2334
2290 2339
2290 2340
2290 2348
2290 2352
2290 2353
2290 2354
2290 2356
2290 2359
2290 2363
2290 2369
2290 2370
2290 2374
2290 2376
2290 2381
2290 2386
2290 2395
2290 2404
2290 2407
2290 2408
2290 2409
2290 2410
2290 2414
2290 2418
2290 2423
2290 2428
2290 2430
2290 2433
2290 2446
2290 2460
2290 2464
2290 2468
2290 2469
2290 2482
2290 2484
2290 2485
2290 2492
2290 2495
2290 2500
2290 2504
2290 2506
2290 2507
2290 2520
2290 2526
2290 2532
2290 2539
2290 2542
2290 2543
2290 2546
2290 2549
2290 2550
2290 2553
2290 2556
2290 2559
2290 2560
2290 2561
2290 2564
2290 2573
2290 2574
2290 2578
2290 2579
2290 2586
2290 2590
2290 2593
2290 2600
2290 2601
2290 2602
2290 2604
2290 2606
2290 2607
2290 2611
2290 2615
2290 2619
2290 2623
2290 2624
2290 2625
2290 2630
2290 2631
2290 2638
2290 2646
2290 2654
2290 2655
2291 1912
2291 1926
2291 1964
2291 1977
2291 2031
2291 2036
2291 2133
2291 2211
2291 2214
2291 2256
2291 2265
2291 2289
2291 2318
2291 2345
2291 2406
2291 2453
2291 2624
2292 136
2292 1465
2292 1577
2292 1718
2292 1912
2292 1916
2292 1920
2292 1926
2292 1932
2292 1939
2292 1940
2292 1941
2292 1945
2292 1947
2292 1948
2292 1954
2292 1959
2292 1964
2292 1985
2292 1994
2292 2010
2292 2026
2292 2028
2292 2032
2292 2039
2292 2042
2292 2047
2292 2048
2292 2052
2292 2053
2292 2054
2292 2057
2292 2065
2292 2071
2292 2072
2292 2081
2292 2087
2292 2102
2292 2111
2292 2117
2292 2125
2292 2127
2292 2128
2292 2132
2292 2133
2292 2134
2292 2135
2292 2138
2292 2143
2292 2144
2292 2148
2292 2149
2292 2151
2292 2153
2292 2161
2292 2169
2292 2174
2292 2176
2292 2180
2292 2183
2292 2187
2292 2189
2292 2191
2292 2194
2292 2196
2292 2199
2292 2203
2292 2208
2292 2215
2292 2224
2292 2232
2292 2241
2292 2247
2292 2266
2292 2267
2292 2268
2292 2273
2292 2279
2292 2282
2292 2283
2292 2289
2292 2293
2292 2294
2292 2302
2292 2315
2292 2319
2292 2328
2292 2332
2292 2333
2292 2338
2292 2343
2292 2347
2292 2351
2292 2368
2292 2372
2292 2377
2292 2384
2292 2385
2292 2396
2292 2400
2292 2417
2292 2419
2292 2420
2292 2425
2292 2436
2292 2451
2292 2458
2292 2461
2292 2463
2292 2465
2292 2468
2292 2471
2292 2472
2292 2473
2292 2491
2292 2498
2292 2508
2292 2509
2292 2510
2292 2511
2292 2512
2292 2533
2292 2543
2292 2544
2292 2555
2292 2560
2292 2567
2292 2581
2292 2582
2292 2588
2292 2592
2292 2597
2292 2598
2292 2603
2292 2609
2292 2616
2292 2617
2292 2629
2292 2642
2292 2643
2292 2649
2292 2653
2293 1465
2293 1577
2293 1912
2293 1920
2293 1941
2293 1959
2293 2028
2293 2039
2293 2040
2293 2047
2293 2054
2293 2068
2293 2071
2293 2081
2293 2087
2293 2111
2293 2135
2293 2137
2293 2138
2293 2148
2293 2149
2293 2153
2293 2183
2293 2187
2293 2239
2293 2267
2293 2279
2293 2282
2293 2283
2293 2292
2293 2302
2293 2319
2293 2332
2293 2333
2293 2336
2293 2338
2293 2347
2293 2351
2293 2372
2293 2384
2293 2398
2293 2420
2293 2461
2293 2468
2293 2496
2293 2510
2293 2533
2293 2543
2293 2555
2293 2567
2293 2592
2293 2594
2293 2597
2293 2629
2294 1577
2294 1718
2294 1912
2294 1916
2294 1920
2294 1939
2294 1940
2294 1945
2294 1947
2294 1948
2294 1954
2294 1955
2294 1981
2294 2002
2294 2007
2294 2010
2294 2028
2294 2029
2294 2032
2294 2052
2294 2053
2294 2054
2294 2068
2294 2072
2294 2081
2294 2087
2294 2101
2294 2102
2294 2111
2294 2117
2294 2125
2294 2128
2294 2132
2294 2133
2294 2138
2294 2143
2294 2149
2294 2151
2294 2153
2294 2161
2294 2169
2294 2174
2294 2176
2294 2177
2294 2180
2294 2183
2294 2187
2294 2194
2294 2196
2294 2198
2294 2199
2294 2203
2294 2223
2294 2224
2294 2235
2294 2241
2294 2243
2294 2246
2294 2247
2294 2250
2294 2252
2294 2264
2294 2267
2294 2273
2294 2280
2294 2282
2294 2283
2294 2285
2294 2289
2294 2292
2294 2304
2294 2325
2294 2327
2294 2328
2294 2332
2294 2333
2294 2336
2294 2343
2294 2344
2294 2368
2294 2372
2294 2377
2294 2384
2294 2394
2294 2396
2294 2399
2294 2415
2294 2419
2294 2420
2294 2432
2294 2434
2294 2438
2294 2451
2294 2458
2294 2461
2294 2463
2294 2471
2294 2475
2294 2491
2294 2498
2294 2501
2294 2508
2294 2509
2294 2510
2294 2511
2294 2512
2294 2525
2294 2533
2294 2537
2294 2544
2294 2547
2294 2582
2294 2588
2294 2592
2294 2598
2294 2603
2294 2608
2294 2616
2294 2617
2294 2629
2294 2649
2294 2652
2295 1577
2295 1912
2295 1940
2295 1948
2295 2028
2295 2111
2295 2125
2295 2148
2295 2169
2295 2187
2295 2223
2295 2224
2295 2434
2295 2502
2295 2516
2295 2519
2295 2543
2295 2557
2295 2582
2295 2629
2295 2642
2295 2643
2295 2649
2296 1912
2296 1926
2296 1952
2296 1964
2296 2017
2296 2038
2296 2047
2296 2048
2296 2085
2296 2133
2296 2145
2296 2174
2296 2186
2296 2209
2296 2211
2296 2226
2296 2232
2296 2289
2296 2322
2296 2325
2296 2345
2296 2366
2296 2367
2296 2379
2296 2406
2296 2416
2296 2425
2296 2473
2296 2498
2296 2566
2296 2581
2296 2610
2296 2612
2296 2642
2297 1912
2297 1919
2297 1921
2297 1927
2297 1935
2297 1951
2297 1954
2297 1958
2297 1972
2297 1973
2297 1980
2297 1999
2297 2006
2297 2009
2297 2013
2297 2018
2297 2022
2297 2050
2297 2061
2297 2159
2297 2171
2297 2192
2297 2202
2297 2337
2297 2364
2297 2365
2297 2378
2297 2435
2297 2447
2297 2494
2297 2538
2297 2585
2297 2620
2297 2627
2297 2633
2297 2640
2297 2647
2297 2659
2298 1577
2298 1912
2298 1916
2298 1944
2298 2028
2298 2029
2298 2125
2298 2242
2298 2325
2298 2425
2298 2480
2298 2502
2298 2516
2298 2543
2298 2582
2298 2605
2298 2637
2299 1912
2299 1917
2299 1918
2299 1925
2299 1938
2299 1946
2299 1962
2299 1966
2299 1971
2299 1979
2299 1983
2299 1984
2299 1985
2299 1989
2299 1993
2299 1997
2299 2005
2299 2020
2299 2026
2299 2030
2299 2033
2299 2037
2299 2040
2299 2043
2299 2045
2299 2056
2299 2059
2299 2073
2299 2074
2299 2077
2299 2078
2299 2083
2299 2084
2299 2088
2299 2090
2299 2093
2299 2095
2299 2098
2299 2104
2299 2108
2299 2109
2299 2115
2299 2118
2299 2121
2299 2122
2299 2123
2299 2124
2299 2131
2299 2139
2299 2140
2299 2142
2299 2150
2299 2154
2299 2165
2299 2172
2299 2188
2299 2190
2299 2200
2299 2201
2299 2206
2299 2212
2299 2213
2299 2216
2299 2218
2299 2220
2299 2229
2299 2233
2299 2240
2299 2244
2299 2257
2299 2261
2299 2266
2299 2275
2299 2276
2299 2290
2299 2300
2299 2307
2299 2308
2299 2309
2299 2323
2299 2324
2299 2326
2299 2331
2299 2339
2299 2340
2299 2347
2299 2348
2299 2352
2299 2353
2299 2354
2299 2356
2299 2359
2299 2363
2299 2369
2299 2370
2299 2374
2299 2381
2299 2392
2299 2395
2299 2404
2299 2409
2299 2410
2299 2414
2299 2418
2299 2423
2299 2428
2299 2430
2299 2433
2299 2462
2299 2464
2299 2467
2299 2477
2299 2484
2299 2492
2299 2495
2299 2499
2299 2500
2299 2504
2299 2506
2299 2507
2299 2520
2299 2526
2299 2542
2299 2546
2299 2549
2299 2551
2299 2553
2299 2554
2299 2559
2299 2560
2299 2563
2299 2564
2299 2573
2299 2575
2299 2578
2299 2579
2299 2586
2299 2590
2299 2591
2299 2593
2299 2600
2299 2601
2299 2602
2299 2604
2299 2607
2299 2611
2299 2615
2299 2619
2299 2624
2299 2625
2299 2630
2299 2631
2299 2638
2299 2654
2299 2655
