2300 1912
2300 1917
2300 1918
2300 1925
2300 1941
2300 1943
2300 1979
2300 1983
2300 1985
2300 1986
2300 1989
2300 1993
2300 2020
2300 2037
2300 2045
2300 2055
2300 2056
2300 2059
2300 2060
2300 2064
2300 2067
2300 2069
2300 2073
2300 2078
2300 2083
2300 2084
2300 2086
2300 2088
2300 2090
2300 2092
2300 2093
2300 2098
2300 2103
2300 2104
2300 2108
2300 2112
2300 2118
2300 2122
2300 2123
2300 2131
2300 2136
2300 2142
2300 2147
2300 2150
2300 2164
2300 2165
2300 2172
2300 2179
2300 2188
2300 2201
2300 2206
2300 2218
2300 2220
2300 2229
2300 2233
2300 2253
2300 2261
2300 2262
2300 2266
2300 2271
2300 2278
2300 2288
2300 2299
2300 2303
2300 2309
2300 2323
2300 2326
2300 2331
2300 2334
2300 2339
2300 2347
2300 2350
2300 2353
2300 2354
2300 2369
2300 2370
2300 2374
2300 2376
2300 2383
2300 2387
2300 2391
2300 2392
2300 2395
2300 2404
2300 2410
2300 2414
2300 2423
2300 2428
2300 2429
2300 2446
2300 2449
2300 2460
2300 2464
2300 2468
2300 2469
2300 2476
2300 2478
2300 2482
2300 2485
2300 2499
2300 2506
2300 2542
2300 2543
2300 2545
2300 2549
2300 2550
2300 2556
2300 2561
2300 2564
2300 2575
2300 2576
2300 2590
2300 2593
2300 2601
2300 2602
2300 2604
2300 2611
2300 2619
2300 2630
2300 2631
2300 2638
2300 2646
2301 1912
2301 1956
2301 1961
2301 2094
2301 2126
2301 2245
2301 2281
2301 2487
2301 2535
2301 2570
2302 136
2302 1465
2302 1577
2302 1912
2302 1920
2302 1926
2302 1932
2302 1940
2302 1941
2302 1945
2302 1948
2302 1955
2302 1959
2302 1964
2302 1969
2302 1972
2302 1994
2302 2007
2302 2028
2302 2032
2302 2038
2302 2039
2302 2042
2302 2047
2302 2052
2302 2053
2302 2054
2302 2055
2302 2057
2302 2065
2302 2068
2302 2071
2302 2081
2302 2087
2302 2102
2302 2111
2302 2117
2302 2125
2302 2127
2302 2128
2302 2133
2302 2134
2302 2135
2302 2138
2302 2143
2302 2148
2302 2149
2302 2153
2302 2169
2302 2180
2302 2183
2302 2187
2302 2191
2302 2194
2302 2196
2302 2199
2302 2203
2302 2208
2302 2214
2302 2215
2302 2224
2302 2241
2302 2246
2302 2247
2302 2250
2302 2264
2302 2267
2302 2268
2302 2273
2302 2279
2302 2282
2302 2283
2302 2285
2302 2289
2302 2292
2302 2293
2302 2315
2302 2319
2302 2324
2302 2328
2302 2330
2302 2332
2302 2333
2302 2336
2302 2338
2302 2347
2302 2351
2302 2372
2302 2377
2302 2384
2302 2385
2302 2420
2302 2429
2302 2436
2302 2461
2302 2462
2302 2463
2302 2465
2302 2468
2302 2471
2302 2472
2302 2475
2302 2491
2302 2502
2302 2510
2302 2511
2302 2512
2302 2530
2302 2533
2302 2543
2302 2544
2302 2547
2302 2555
2302 2567
2302 2581
2302 2592
2302 2597
2302 2598
2302 2609
2302 2629
2302 2642
2302 2643
2302 2653
2303 1912
2303 1942
2303 1943
2303 1983
2303 1986
2303 2007
2303 2019
2303 2030
2303 2056
2303 2063
2303 2067
2303 2092
2303 2118
2303 2142
2303 2189
2303 2218
2303 2234
2303 2266
2303 2278
2303 2300
2303 2339
2303 2376
2303 2387
2303 2391
2303 2393
2303 2449
2303 2476
2303 2478
2303 2526
2304 1912
2304 1916
2304 1926
2304 1939
2304 1945
2304 1947
2304 1981
2304 2002
2304 2003
2304 2029
2304 2032
2304 2052
2304 2072
2304 2081
2304 2125
2304 2128
2304 2132
2304 2161
2304 2169
2304 2176
2304 2177
2304 2180
2304 2199
2304 2226
2304 2235
2304 2246
2304 2247
2304 2252
2304 2267
2304 2282
2304 2283
2304 2294
2304 2310
2304 2327
2304 2328
2304 2333
2304 2344
2304 2355
2304 2368
2304 2377
2304 2384
2304 2389
2304 2394
2304 2396
2304 2399
2304 2432
2304 2434
2304 2438
2304 2461
2304 2471
2304 2475
2304 2501
2304 2509
2304 2510
2304 2511
2304 2512
2304 2516
2304 2518
2304 2537
2304 2555
2304 2594
2304 2598
2304 2603
2304 2608
2304 2617
2304 2642
2305 1912
2305 1987
2305 2047
2305 2057
2305 2068
2305 2087
2305 2102
2305 2111
2305 2117
2305 2138
2305 2191
2305 2285
2305 2336
2305 2372
2305 2385
2305 2572
2306 1912
2306 1929
2306 1938
2306 1941
2306 1943
2306 1946
2306 1963
2306 1966
2306 1971
2306 1983
2306 1985
2306 1993
2306 2005
2306 2020
2306 2030
2306 2043
2306 2045
2306 2059
2306 2063
2306 2064
2306 2069
2306 2073
2306 2078
2306 2088
2306 2090
2306 2093
2306 2103
2306 2104
2306 2108
2306 2109
2306 2112
2306 2118
2306 2121
2306 2123
2306 2124
2306 2131
2306 2139
2306 2142
2306 2150
2306 2154
2306 2164
2306 2184
2306 2188
2306 2206
2306 2210
2306 2218
2306 2220
2306 2229
2306 2233
2306 2237
2306 2240
2306 2244
2306 2253
2306 2266
2306 2275
2306 2278
2306 2290
2306 2308
2306 2309
2306 2324
2306 2326
2306 2329
2306 2334
2306 2339
2306 2340
2306 2348
2306 2352
2306 2354
2306 2356
2306 2369
2306 2381
2306 2395
2306 2409
2306 2410
2306 2414
2306 2428
2306 2430
2306 2446
2306 2460
2306 2482
2306 2489
2306 2500
2306 2504
2306 2507
2306 2520
2306 2521
2306 2526
2306 2532
2306 2539
2306 2542
2306 2543
2306 2546
2306 2549
2306 2550
2306 2556
2306 2559
2306 2560
2306 2561
2306 2564
2306 2573
2306 2578
2306 2579
2306 2586
2306 2593
2306 2601
2306 2602
2306 2604
2306 2623
2306 2624
2306 2630
2306 2638
2306 2646
2306 2655
2307 1912
2307 1917
2307 1938
2307 1943
2307 1946
2307 1962
2307 1963
2307 1966
2307 1971
2307 1983
2307 1984
2307 1985
2307 1986
2307 1993
2307 2020
2307 2033
2307 2055
2307 2059
2307 2060
2307 2063
2307 2064
2307 2069
2307 2073
2307 2074
2307 2077
2307 2078
2307 2083
2307 2088
2307 2090
2307 2093
2307 2103
2307 2104
2307 2108
2307 2115
2307 2118
2307 2121
2307 2122
2307 2123
2307 2124
2307 2131
2307 2136
2307 2139
2307 2140
2307 2142
2307 2150
2307 2154
2307 2172
2307 2179
2307 2184
2307 2188
2307 2200
2307 2201
2307 2206
2307 2216
2307 2218
2307 2220
2307 2229
2307 2233
2307 2240
2307 2244
2307 2253
2307 2257
2307 2266
2307 2271
2307 2275
2307 2276
2307 2278
2307 2290
2307 2299
2307 2308
2307 2309
2307 2324
2307 2326
2307 2329
2307 2331
2307 2339
2307 2340
2307 2348
2307 2352
2307 2353
2307 2356
2307 2363
2307 2369
2307 2370
2307 2374
2307 2376
2307 2381
2307 2386
2307 2395
2307 2408
2307 2409
2307 2410
2307 2414
2307 2418
2307 2423
2307 2428
2307 2430
2307 2433
2307 2446
2307 2460
2307 2464
2307 2467
2307 2469
2307 2482
2307 2492
2307 2500
2307 2504
2307 2507
2307 2520
2307 2521
2307 2526
2307 2542
2307 2549
2307 2553
2307 2556
2307 2559
2307 2560
2307 2561
2307 2563
2307 2564
2307 2573
2307 2574
2307 2575
2307 2578
2307 2579
2307 2586
2307 2590
2307 2591
2307 2600
2307 2601
2307 2602
2307 2604
2307 2606
2307 2607
2307 2615
2307 2619
2307 2624
2307 2625
2307 2630
2307 2638
2307 2655
2308 1912
2308 1917
2308 1918
2308 1929
2308 1938
2308 1941
2308 1943
2308 1946
2308 1962
2308 1963
2308 1966
2308 1971
2308 1979
2308 1983
2308 1984
2308 1985
2308 1993
2308 1997
2308 2005
2308 2020
2308 2030
2308 2037
2308 2040
2308 2059
2308 2060
2308 2063
2308 2064
2308 2069
2308 2073
2308 2074
2308 2077
2308 2078
2308 2086
2308 2088
2308 2090
2308 2093
2308 2095
2308 2098
2308 2103
2308 2104
2308 2108
2308 2109
2308 2112
2308 2118
2308 2121
2308 2122
2308 2123
2308 2124
2308 2131
2308 2136
2308 2139
2308 2140
2308 2142
2308 2150
2308 2154
2308 2172
2308 2179
2308 2184
2308 2188
2308 2190
2308 2200
2308 2201
2308 2206
2308 2212
2308 2213
2308 2218
2308 2220
2308 2229
2308 2233
2308 2237
2308 2240
2308 2244
2308 2253
2308 2257
2308 2266
2308 2271
2308 2275
2308 2278
2308 2290
2308 2299
2308 2306
2308 2307
2308 2309
2308 2323
2308 2324
2308 2326
2308 2331
2308 2339
2308 2340
2308 2347
2308 2348
2308 2352
2308 2354
2308 2356
2308 2363
2308 2369
2308 2370
2308 2374
2308 2381
2308 2386
2308 2392
2308 2395
2308 2404
2308 2408
2308 2409
2308 2410
2308 2414
2308 2423
2308 2428
2308 2429
2308 2430
2308 2446
2308 2460
2308 2462
2308 2464
2308 2467
2308 2469
2308 2478
2308 2482
2308 2484
2308 2489
2308 2492
2308 2500
2308 2507
2308 2520
2308 2526
2308 2532
2308 2539
2308 2542
2308 2549
2308 2550
2308 2553
2308 2554
2308 2556
2308 2559
2308 2560
2308 2564
2308 2573
2308 2578
2308 2586
2308 2590
2308 2600
2308 2601
2308 2602
2308 2604
2308 2607
2308 2611
2308 2615
2308 2623
2308 2624
2308 2625
2308 2630
2308 2638
2308 2646
2308 2654
2308 2655
2309 1912
2309 1917
2309 1918
2309 1929
2309 1938
2309 1941
2309 1943
2309 1946
2309 1953
2309 1962
2309 1963
2309 1966
2309 1971
2309 1979
2309 1983
2309 1984
2309 1985
2309 1986
2309 1993
2309 1997
2309 2005
2309 2020
2309 2030
2309 2033
2309 2037
2309 2040
2309 2043
2309 2044
2309 2045
2309 2046
2309 2056
2309 2058
2309 2059
2309 2060
2309 2063
2309 2064
2309 2069
2309 2073
2309 2074
2309 2077
2309 2078
2309 2084
2309 2086
2309 2088
2309 2090
2309 2093
2309 2095
2309 2103
2309 2104
2309 2108
2309 2109
2309 2112
2309 2115
2309 2118
2309 2121
2309 2122
2309 2123
2309 2124
2309 2131
2309 2139
2309 2140
2309 2142
2309 2150
2309 2154
2309 2165
2309 2172
2309 2179
2309 2184
2309 2188
2309 2189
2309 2190
2309 2200
2309 2201
2309 2206
2309 2210
2309 2212
2309 2213
2309 2216
2309 2218
2309 2220
2309 2229
2309 2233
2309 2237
2309 2240
2309 2244
2309 2253
2309 2257
2309 2266
2309 2271
2309 2275
2309 2276
2309 2278
2309 2287
2309 2288
2309 2290
2309 2299
2309 2300
2309 2306
2309 2307
2309 2308
2309 2323
2309 2324
2309 2326
2309 2329
2309 2331
2309 2334
2309 2339
2309 2340
2309 2347
2309 2348
2309 2352
2309 2353
2309 2354
2309 2356
2309 2359
2309 2363
2309 2369
2309 2370
2309 2374
2309 2376
2309 2381
2309 2386
2309 2391
2309 2392
2309 2395
2309 2404
2309 2408
2309 2409
2309 2410
2309 2414
2309 2418
2309 2423
2309 2428
2309 2430
2309 2433
2309 2446
2309 2460
2309 2462
2309 2464
2309 2467
2309 2468
2309 2469
2309 2476
2309 2477
2309 2478
2309 2482
2309 2484
2309 2485
2309 2492
2309 2495
2309 2499
2309 2500
2309 2506
2309 2507
2309 2520
2309 2521
2309 2524
2309 2526
2309 2532
2309 2539
2309 2542
2309 2543
2309 2549
2309 2550
2309 2551
2309 2552
2309 2553
2309 2554
2309 2556
2309 2559
2309 2560
2309 2561
2309 2563
2309 2564
2309 2573
2309 2574
2309 2575
2309 2578
2309 2579
2309 2586
2309 2590
2309 2593
2309 2600
2309 2601
2309 2602
2309 2604
2309 2605
2309 2607
2309 2611
2309 2615
2309 2619
2309 2624
2309 2625
2309 2630
2309 2631
2309 2638
2309 2646
2309 2654
2309 2655
2310 1912
2310 1923
2310 1964
2310 2047
2310 2117
2310 2128
2310 2133
2310 2155
2310 2176
2310 2226
2310 2272
2310 2282
2310 2289
2310 2304
2310 2318
2310 2325
2310 2416
2310 2419
2310 2461
2310 2525
2310 2540
2310 2557
2310 2603
2311 1912
2311 1946
2311 1993
2311 1997
2311 2040
2311 2056
2311 2095
2311 2103
2311 2123
2311 2124
2311 2131
2311 2139
2311 2140
2311 2142
2311 2147
2311 2172
2311 2179
2311 2184
2311 2188
2311 2220
2311 2233
2311 2234
2311 2253
2311 2258
2311 2266
2311 2276
2311 2287
2311 2324
2311 2326
2311 2334
2311 2340
2311 2354
2311 2395
2311 2404
2311 2409
2311 2410
2311 2428
2311 2430
2311 2446
2311 2460
2311 2462
2311 2485
2311 2489
2311 2500
2311 2507
2311 2521
2311 2526
2311 2539
2311 2560
2311 2625
2311 2646
2312 1912
2312 1913
2312 2116
2312 2127
2312 2203
2312 2250
2312 2319
2312 2355
2312 2384
2312 2389
2312 2400
2312 2413
2312 2529
2312 2531
2312 2610
2312 2616
2313 1912
2313 1926
2313 1930
2313 1934
2313 1960
2313 1964
2313 1965
2313 1975
2313 2029
2313 2035
2313 2041
2313 2047
2313 2049
2313 2051
2313 2080
2313 2089
2313 2091
2313 2099
2313 2100
2313 2107
2313 2113
2313 2119
2313 2120
2313 2126
2313 2129
2313 2130
2313 2133
2313 2145
2313 2160
2313 2162
2313 2197
2313 2199
2313 2211
2313 2214
2313 2217
2313 2227
2313 2228
2313 2230
2313 2231
2313 2232
2313 2242
2313 2249
2313 2251
2313 2263
2313 2282
2313 2317
2313 2322
2313 2325
2313 2342
2313 2358
2313 2361
2313 2366
2313 2371
2313 2375
2313 2376
2313 2380
2313 2388
2313 2402
2313 2406
2313 2411
2313 2422
2313 2431
2313 2433
2313 2439
2313 2440
2313 2441
2313 2443
2313 2448
2313 2450
2313 2456
2313 2488
2313 2528
2313 2534
2313 2540
2313 2548
2313 2558
2313 2562
2313 2581
2313 2614
2313 2618
2313 2621
2313 2628
2313 2632
2313 2644
2313 2656
2314 1912
2314 1936
2314 1975
2314 1978
2314 1990
2314 2047
2314 2049
2314 2107
2314 2173
2314 2248
2314 2286
2314 2335
2314 2397
2314 2403
2314 2474
2314 2497
2314 2503
2314 2534
2314 2540
2315 1465
2315 1577
2315 1912
2315 1920
2315 1932
2315 1940
2315 1941
2315 1945
2315 1948
2315 1955
2315 1959
2315 1994
2315 2028
2315 2032
2315 2039
2315 2042
2315 2047
2315 2053
2315 2054
2315 2062
2315 2071
2315 2072
2315 2081
2315 2087
2315 2111
2315 2117
2315 2133
2315 2134
2315 2135
2315 2138
2315 2143
2315 2144
2315 2148
2315 2153
2315 2183
2315 2187
2315 2191
2315 2194
2315 2196
2315 2199
2315 2279
2315 2282
2315 2283
2315 2292
2315 2302
2315 2319
2315 2330
2315 2332
2315 2333
2315 2338
2315 2347
2315 2351
2315 2372
2315 2384
2315 2417
2315 2420
2315 2451
2315 2465
2315 2472
2315 2491
2315 2533
2315 2543
2315 2555
2315 2567
2315 2571
2315 2589
2315 2592
2315 2597
2315 2598
2315 2609
2315 2629
2315 2642
2315 2643
2316 1912
2316 2023
2316 2178
2316 2193
2316 2228
2316 2231
2316 2360
2316 2402
2316 2577
2316 2597
2317 1912
2317 1922
2317 1933
2317 1960
2317 1961
2317 1964
2317 2023
2317 2049
2317 2091
2317 2117
2317 2120
2317 2126
2317 2129
2317 2228
2317 2231
2317 2236
2317 2313
2317 2342
2317 2360
2317 2361
2317 2371
2317 2402
2317 2411
2317 2412
2317 2440
2317 2448
2317 2456
2317 2474
2317 2488
2317 2540
2317 2577
2317 2580
2317 2587
2317 2618
2317 2628
2317 2644
2318 1912
2318 1916
2318 1923
2318 1926
2318 1944
2318 1964
2318 1970
2318 2029
2318 2031
2318 2036
2318 2038
2318 2047
2318 2133
2318 2141
2318 2155
2318 2176
2318 2211
2318 2214
2318 2242
2318 2270
2318 2272
2318 2289
2318 2291
2318 2310
2318 2325
2318 2362
2318 2406
2318 2415
2318 2416
2318 2419
2318 2425
2318 2480
2318 2525
2318 2557
2318 2637
2318 2642
2318 2651
2319 136
2319 1465
2319 1577
2319 1718
2319 1912
2319 1913
2319 1920
2319 1926
2319 1939
2319 1940
2319 1941
2319 1945
2319 1947
2319 1948
2319 1955
2319 1959
2319 1973
2319 1985
2319 1994
2319 2002
2319 2007
2319 2026
2319 2032
2319 2038
2319 2039
2319 2047
2319 2052
2319 2054
2319 2062
2319 2068
2319 2071
2319 2072
2319 2081
2319 2087
2319 2111
2319 2117
2319 2125
2319 2127
2319 2132
2319 2133
2319 2134
2319 2135
2319 2137
2319 2138
2319 2143
2319 2144
2319 2149
2319 2151
2319 2153
2319 2174
2319 2183
2319 2187
2319 2189
2319 2191
2319 2194
2319 2196
2319 2198
2319 2199
2319 2203
2319 2223
2319 2224
2319 2241
2319 2250
2319 2254
2319 2268
2319 2279
2319 2282
2319 2283
2319 2289
2319 2292
2319 2293
2319 2302
2319 2312
2319 2315
2319 2328
2319 2330
2319 2333
2319 2336
2319 2338
2319 2343
2319 2344
2319 2347
2319 2351
2319 2355
2319 2372
2319 2384
2319 2394
2319 2398
2319 2400
2319 2419
2319 2420
2319 2436
2319 2445
2319 2451
2319 2458
2319 2461
2319 2463
2319 2471
2319 2475
2319 2491
2319 2496
2319 2498
2319 2508
2319 2510
2319 2511
2319 2512
2319 2516
2319 2529
2319 2533
2319 2543
2319 2567
2319 2589
2319 2592
2319 2594
2319 2597
2319 2598
2319 2616
2319 2617
2319 2629
2319 2643
2319 2649
2319 2653
2320 1912
2320 1988
2320 1992
2320 2076
2320 2170
2320 2207
2320 2255
2320 2349
2320 2401
2320 2426
2320 2444
2320 2486
2320 2490
2320 2515
2320 2622
2320 2650
2321 1912
2321 2017
2321 2034
2321 2041
2321 2178
2321 2341
2321 2581
2322 1912
2322 1926
2322 1960
2322 1964
2322 1965
2322 1975
2322 2031
2322 2038
2322 2047
2322 2085
2322 2107
2322 2114
2322 2128
2322 2133
2322 2145
2322 2156
2322 2176
2322 2211
2322 2226
2322 2228
2322 2231
2322 2235
2322 2236
2322 2289
2322 2296
2322 2313
2322 2325
2322 2335
2322 2361
2322 2366
2322 2371
2322 2397
2322 2406
2322 2411
2322 2412
2322 2419
2322 2440
2322 2473
2322 2557
2322 2562
2322 2566
2322 2577
2322 2610
2322 2612
2322 2642
2322 2656
2323 1912
2323 1917
2323 1918
2323 1925
2323 1929
2323 1938
2323 1941
2323 1943
2323 1946
2323 1953
2323 1962
2323 1963
2323 1966
2323 1971
2323 1979
2323 1983
2323 1985
2323 1986
2323 1989
2323 1993
2323 1997
2323 2005
2323 2020
2323 2030
2323 2033
2323 2037
2323 2040
2323 2043
2323 2045
2323 2046
2323 2055
2323 2056
2323 2059
2323 2060
2323 2063
2323 2064
2323 2069
2323 2073
2323 2074
2323 2077
2323 2078
2323 2083
2323 2084
2323 2086
2323 2088
2323 2090
2323 2093
2323 2095
2323 2098
2323 2103
2323 2104
2323 2108
2323 2109
2323 2112
2323 2115
2323 2118
2323 2121
2323 2122
2323 2123
2323 2124
2323 2131
2323 2139
2323 2140
2323 2142
2323 2150
2323 2154
2323 2164
2323 2165
2323 2172
2323 2184
2323 2188
2323 2190
2323 2200
2323 2201
2323 2206
2323 2210
2323 2212
2323 2216
2323 2218
2323 2220
2323 2229
2323 2233
2323 2240
2323 2244
2323 2257
2323 2261
2323 2266
2323 2271
2323 2275
2323 2276
2323 2278
2323 2287
2323 2290
2323 2299
2323 2300
2323 2308
2323 2309
2323 2324
2323 2326
2323 2331
2323 2339
2323 2340
2323 2347
2323 2348
2323 2352
2323 2353
2323 2354
2323 2356
2323 2359
2323 2363
2323 2370
2323 2374
2323 2376
2323 2381
2323 2386
2323 2391
2323 2392
2323 2395
2323 2404
2323 2407
2323 2408
2323 2409
2323 2410
2323 2414
2323 2418
2323 2423
2323 2428
2323 2429
2323 2430
2323 2433
2323 2446
2323 2460
2323 2462
2323 2464
2323 2467
2323 2469
2323 2477
2323 2484
2323 2485
2323 2495
2323 2500
2323 2504
2323 2506
2323 2507
2323 2520
2323 2521
2323 2536
2323 2539
2323 2542
2323 2543
2323 2546
2323 2549
2323 2550
2323 2551
2323 2552
2323 2553
2323 2554
2323 2559
2323 2560
2323 2561
2323 2563
2323 2564
2323 2573
2323 2574
2323 2575
2323 2586
2323 2590
2323 2591
2323 2593
2323 2600
2323 2601
2323 2602
2323 2604
2323 2607
2323 2611
2323 2615
2323 2619
2323 2624
2323 2625
2323 2630
2323 2631
2323 2638
2323 2655
2324 1912
2324 1917
2324 1918
2324 1925
2324 1929
2324 1938
2324 1941
2324 1943
2324 1946
2324 1953
2324 1962
2324 1963
2324 1966
2324 1971
2324 1979
2324 1983
2324 1984
2324 1985
2324 1993
2324 1997
2324 2005
2324 2020
2324 2030
2324 2033
2324 2037
2324 2040
2324 2043
2324 2045
2324 2046
2324 2055
2324 2059
2324 2060
2324 2063
2324 2064
2324 2065
2324 2069
2324 2073
2324 2074
2324 2077
2324 2078
2324 2081
2324 2083
2324 2084
2324 2086
2324 2088
2324 2090
2324 2093
2324 2095
2324 2098
2324 2103
2324 2108
2324 2109
2324 2112
2324 2115
2324 2118
2324 2121
2324 2123
2324 2124
2324 2131
2324 2132
2324 2139
2324 2140
2324 2142
2324 2150
2324 2154
2324 2164
2324 2165
2324 2172
2324 2179
2324 2184
2324 2188
2324 2190
2324 2200
2324 2201
2324 2206
2324 2208
2324 2210
2324 2212
2324 2213
2324 2216
2324 2218
2324 2220
2324 2229
2324 2233
2324 2237
2324 2240
2324 2244
2324 2253
2324 2257
2324 2261
2324 2266
2324 2271
2324 2275
2324 2276
2324 2278
2324 2287
2324 2290
2324 2299
2324 2302
2324 2306
2324 2307
2324 2308
2324 2309
2324 2311
2324 2323
2324 2326
2324 2329
2324 2331
2324 2334
2324 2339
2324 2340
2324 2347
2324 2348
2324 2353
2324 2354
2324 2356
2324 2359
2324 2363
2324 2368
2324 2369
2324 2370
2324 2376
2324 2381
2324 2386
2324 2392
2324 2395
2324 2404
2324 2407
2324 2408
2324 2409
2324 2410
2324 2414
2324 2418
2324 2428
2324 2430
2324 2433
2324 2446
2324 2460
2324 2462
2324 2464
2324 2467
2324 2469
2324 2482
2324 2484
2324 2485
2324 2489
2324 2492
2324 2495
2324 2499
2324 2500
2324 2506
2324 2507
2324 2520
2324 2521
2324 2526
2324 2530
2324 2532
2324 2539
2324 2542
2324 2543
2324 2549
2324 2550
2324 2551
2324 2552
2324 2553
2324 2556
2324 2559
2324 2560
2324 2561
2324 2563
2324 2564
2324 2573
2324 2575
2324 2578
2324 2579
2324 2581
2324 2586
2324 2590
2324 2591
2324 2593
2324 2600
2324 2601
2324 2602
2324 2604
2324 2607
2324 2611
2324 2615
2324 2619
2324 2623
2324 2624
2324 2625
2324 2630
2324 2631
2324 2638
2324 2646
2324 2654
2324 2655
2325 1718
2325 1912
2325 1923
2325 1926
2325 1944
2325 1959
2325 1964
2325 1965
2325 1970
2325 2007
2325 2010
2325 2029
2325 2031
2325 2038
2325 2047
2325 2054
2325 2087
2325 2102
2325 2107
2325 2111
2325 2117
2325 2133
2325 2138
2325 2145
2325 2149
2325 2153
2325 2155
2325 2162
2325 2174
2325 2176
2325 2177
2325 2194
2325 2196
2325 2199
2325 2205
2325 2209
2325 2211
2325 2226
2325 2232
2325 2242
2325 2267
2325 2272
2325 2289
2325 2294
2325 2296
2325 2298
2325 2310
2325 2313
2325 2318
2325 2322
2325 2328
2325 2343
2325 2351
2325 2362
2325 2366
2325 2367
2325 2379
2325 2406
2325 2416
2325 2419
2325 2425
2325 2452
2325 2463
2325 2473
2325 2475
2325 2480
2325 2498
2325 2502
2325 2509
2325 2525
2325 2544
2325 2555
2325 2557
2325 2588
2325 2589
2325 2603
2325 2612
2325 2637
2325 2642
2326 1912
2326 1917
2326 1918
2326 1929
2326 1938
2326 1943
2326 1946
2326 1953
2326 1962
2326 1963
2326 1966
2326 1971
2326 1979
2326 1983
2326 1984
2326 1985
2326 1986
2326 1993
2326 1997
2326 2005
2326 2020
2326 2030
2326 2033
2326 2037
2326 2040
2326 2043
2326 2045
2326 2046
2326 2056
2326 2059
2326 2063
2326 2064
2326 2069
2326 2073
2326 2074
2326 2078
2326 2084
2326 2086
2326 2088
2326 2090
2326 2093
2326 2095
2326 2103
2326 2104
2326 2108
2326 2109
2326 2115
2326 2118
2326 2121
2326 2122
2326 2123
2326 2124
2326 2131
2326 2136
2326 2139
2326 2140
2326 2142
2326 2150
2326 2154
2326 2172
2326 2184
2326 2188
2326 2190
2326 2200
2326 2201
2326 2206
2326 2210
2326 2213
2326 2218
2326 2220
2326 2229
2326 2233
2326 2237
2326 2240
2326 2244
2326 2253
2326 2257
2326 2258
2326 2261
2326 2266
2326 2271
2326 2275
2326 2278
2326 2287
2326 2290
2326 2299
2326 2300
2326 2306
2326 2307
2326 2308
2326 2309
2326 2311
2326 2323
2326 2324
2326 2331
2326 2334
2326 2339
2326 2340
2326 2347
2326 2348
2326 2352
2326 2354
2326 2356
2326 2359
2326 2363
2326 2369
2326 2370
2326 2374
2326 2376
2326 2381
2326 2383
2326 2386
2326 2392
2326 2395
2326 2404
2326 2408
2326 2409
2326 2410
2326 2414
2326 2418
2326 2423
2326 2428
2326 2430
2326 2446
2326 2460
2326 2464
2326 2467
2326 2468
2326 2477
2326 2482
2326 2484
2326 2485
2326 2489
2326 2492
2326 2495
2326 2499
2326 2500
2326 2504
2326 2507
2326 2520
2326 2521
2326 2526
2326 2539
2326 2542
2326 2546
2326 2549
2326 2551
2326 2552
2326 2553
2326 2556
2326 2559
2326 2560
2326 2561
2326 2563
2326 2564
2326 2573
2326 2574
2326 2575
2326 2578
2326 2579
2326 2586
2326 2590
2326 2591
2326 2593
2326 2600
2326 2601
2326 2602
2326 2604
2326 2607
2326 2611
2326 2615
2326 2619
2326 2623
2326 2624
2326 2625
2326 2630
2326 2638
2326 2646
2326 2654
2326 2655
2327 136
2327 1465
2327 1577
2327 1912
2327 1920
2327 1926
2327 1939
2327 1940
2327 1941
2327 1945
2327 1947
2327 1948
2327 1954
2327 1955
2327 1970
2327 1981
2327 1982
2327 2002
2327 2003
2327 2026
2327 2031
2327 2032
2327 2038
2327 2047
2327 2053
2327 2054
2327 2062
2327 2072
2327 2075
2327 2081
2327 2087
2327 2101
2327 2102
2327 2110
2327 2111
2327 2117
2327 2125
2327 2127
2327 2132
2327 2148
2327 2153
2327 2161
2327 2169
2327 2174
2327 2180
2327 2183
2327 2187
2327 2189
2327 2194
2327 2199
2327 2211
2327 2222
2327 2223
2327 2224
2327 2232
2327 2235
2327 2239
2327 2243
2327 2247
2327 2254
2327 2259
2327 2264
2327 2268
2327 2273
2327 2279
2327 2280
2327 2282
2327 2283
2327 2289
2327 2294
2327 2304
2327 2328
2327 2332
2327 2333
2327 2338
2327 2343
2327 2344
2327 2345
2327 2351
2327 2367
2327 2368
2327 2372
2327 2377
2327 2379
2327 2384
2327 2390
2327 2394
2327 2396
2327 2398
2327 2415
2327 2417
2327 2419
2327 2434
2327 2436
2327 2438
2327 2451
2327 2458
2327 2461
2327 2463
2327 2468
2327 2471
2327 2473
2327 2479
2327 2491
2327 2508
2327 2509
2327 2510
2327 2511
2327 2516
2327 2533
2327 2537
2327 2543
2327 2547
2327 2555
2327 2567
2327 2589
2327 2592
2327 2597
2327 2598
2327 2603
2327 2617
2327 2629
2327 2643
2327 2649
2327 2652
2328 1465
2328 1577
2328 1718
2328 1912
2328 1916
2328 1920
2328 1923
2328 1926
2328 1939
2328 1940
2328 1941
2328 1945
2328 1947
2328 1948
2328 1954
2328 1955
2328 1959
2328 1970
2328 1981
2328 2003
2328 2007
2328 2010
2328 2026
2328 2028
2328 2029
2328 2032
2328 2039
2328 2042
2328 2047
2328 2052
2328 2053
2328 2054
2328 2062
2328 2068
2328 2071
2328 2072
2328 2075
2328 2081
2328 2087
2328 2096
2328 2101
2328 2102
2328 2110
2328 2111
2328 2117
2328 2125
2328 2127
2328 2128
2328 2132
2328 2133
2328 2137
2328 2138
2328 2142
2328 2143
2328 2148
2328 2149
2328 2151
2328 2153
2328 2155
2328 2161
2328 2163
2328 2169
2328 2174
2328 2176
2328 2177
2328 2180
2328 2183
2328 2187
2328 2191
2328 2194
2328 2196
2328 2198
2328 2199
2328 2203
2328 2221
2328 2222
2328 2223
2328 2224
2328 2233
2328 2235
2328 2241
2328 2243
2328 2246
2328 2247
2328 2250
2328 2252
2328 2254
2328 2273
2328 2274
2328 2279
2328 2280
2328 2282
2328 2283
2328 2289
2328 2292
2328 2294
2328 2302
2328 2304
2328 2319
2328 2325
2328 2327
2328 2332
2328 2333
2328 2336
2328 2338
2328 2343
2328 2344
2328 2351
2328 2368
2328 2372
2328 2377
2328 2384
2328 2390
2328 2394
2328 2396
2328 2398
2328 2399
2328 2415
2328 2419
2328 2420
2328 2427
2328 2429
2328 2432
2328 2434
2328 2438
2328 2445
2328 2451
2328 2458
2328 2461
2328 2463
2328 2471
2328 2475
2328 2479
2328 2491
2328 2498
2328 2501
2328 2509
2328 2510
2328 2511
2328 2512
2328 2516
2328 2525
2328 2529
2328 2531
2328 2533
2328 2537
2328 2542
2328 2543
2328 2544
2328 2555
2328 2557
2328 2567
2328 2582
2328 2588
2328 2592
2328 2594
2328 2598
2328 2603
2328 2608
2328 2616
2328 2617
2328 2629
2328 2642
2328 2643
2328 2649
2328 2652
2329 1912
2329 1917
2329 1918
2329 1925
2329 1929
2329 1938
2329 1943
2329 1953
2329 1962
2329 1971
2329 1979
2329 1983
2329 1984
2329 1985
2329 1993
2329 2005
2329 2020
2329 2030
2329 2033
2329 2037
2329 2040
2329 2045
2329 2055
2329 2059
2329 2063
2329 2064
2329 2073
2329 2077
2329 2078
2329 2088
2329 2090
2329 2093
2329 2104
2329 2108
2329 2109
2329 2115
2329 2118
2329 2121
2329 2123
2329 2139
2329 2140
2329 2142
2329 2150
2329 2154
2329 2165
2329 2172
2329 2188
2329 2190
2329 2194
2329 2200
2329 2201
2329 2206
2329 2212
2329 2218
2329 2220
2329 2229
2329 2233
2329 2240
2329 2244
2329 2253
2329 2258
2329 2266
2329 2271
2329 2275
2329 2276
2329 2278
2329 2290
2329 2306
2329 2307
2329 2309
2329 2324
2329 2331
2329 2339
2329 2340
2329 2347
2329 2354
2329 2359
2329 2363
2329 2369
2329 2374
2329 2395
2329 2410
2329 2414
2329 2423
2329 2428
2329 2433
2329 2446
2329 2460
2329 2462
2329 2464
2329 2467
2329 2468
2329 2477
2329 2492
2329 2495
2329 2500
2329 2504
2329 2506
2329 2507
2329 2536
2329 2542
2329 2543
2329 2546
2329 2551
2329 2559
2329 2560
2329 2563
2329 2574
2329 2578
2329 2586
2329 2590
2329 2593
2329 2601
2329 2602
2329 2604
2329 2607
2329 2611
2329 2613
2329 2615
2329 2619
2329 2623
2329 2624
2329 2625
2329 2638
2330 1718
2330 1912
2330 1940
2330 1945
2330 1955
2330 1994
2330 2007
2330 2028
2330 2038
2330 2068
2330 2071
2330 2127
2330 2133
2330 2135
2330 2144
2330 2149
2330 2174
2330 2180
2330 2187
2330 2189
2330 2194
2330 2196
2330 2223
2330 2224
2330 2254
2330 2268
2330 2279
2330 2289
2330 2302
2330 2315
2330 2319
2330 2336
2330 2350
2330 2384
2330 2417
2330 2436
2330 2445
2330 2451
2330 2463
2330 2491
2330 2510
2330 2588
2330 2589
2330 2597
2330 2598
2330 2616
2330 2617
2330 2649
2331 1912
2331 1917
2331 1918
2331 1929
2331 1938
2331 1943
2331 1946
2331 1953
2331 1962
2331 1963
2331 1966
2331 1971
2331 1979
2331 1983
2331 1984
2331 1985
2331 1986
2331 1989
2331 1993
2331 1997
2331 2005
2331 2020
2331 2030
2331 2033
2331 2040
2331 2043
2331 2045
2331 2046
2331 2055
2331 2056
2331 2058
2331 2059
2331 2060
2331 2063
2331 2064
2331 2069
2331 2073
2331 2074
2331 2077
2331 2078
2331 2083
2331 2084
2331 2086
2331 2088
2331 2090
2331 2092
2331 2093
2331 2095
2331 2098
2331 2103
2331 2104
2331 2108
2331 2109
2331 2115
2331 2118
2331 2121
2331 2123
2331 2124
2331 2131
2331 2139
2331 2140
2331 2142
2331 2150
2331 2172
2331 2179
2331 2184
2331 2188
2331 2190
2331 2200
2331 2201
2331 2206
2331 2212
2331 2213
2331 2216
2331 2218
2331 2220
2331 2229
2331 2233
2331 2237
2331 2240
2331 2244
2331 2253
2331 2257
2331 2261
2331 2266
2331 2271
2331 2275
2331 2276
2331 2278
2331 2287
2331 2290
2331 2299
2331 2300
2331 2307
2331 2308
2331 2309
2331 2323
2331 2324
2331 2326
2331 2329
2331 2334
2331 2339
2331 2340
2331 2347
2331 2348
2331 2352
2331 2353
2331 2354
2331 2356
2331 2359
2331 2363
2331 2369
2331 2374
2331 2376
2331 2381
2331 2386
2331 2391
2331 2395
2331 2404
2331 2407
2331 2408
2331 2409
2331 2410
2331 2414
2331 2418
2331 2423
2331 2428
2331 2430
2331 2433
2331 2446
2331 2460
2331 2462
2331 2464
2331 2467
2331 2468
2331 2469
2331 2482
2331 2484
2331 2485
2331 2492
2331 2495
2331 2499
2331 2500
2331 2501
2331 2504
2331 2506
2331 2507
2331 2520
2331 2526
2331 2532
2331 2539
2331 2542
2331 2543
2331 2546
2331 2549
2331 2550
2331 2552
2331 2553
2331 2554
2331 2556
2331 2559
2331 2560
2331 2561
2331 2564
2331 2573
2331 2574
2331 2578
2331 2579
2331 2586
2331 2590
2331 2591
2331 2593
2331 2600
2331 2601
2331 2602
2331 2604
2331 2606
2331 2607
2331 2611
2331 2613
2331 2615
2331 2619
2331 2623
2331 2624
2331 2625
2331 2630
2331 2631
2331 2638
2331 2654
2331 2655
2332 1465
2332 1577
2332 1912
2332 1916
2332 1920
2332 1932
2332 1939
2332 1941
2332 1945
2332 1948
2332 1987
2332 1994
2332 2002
2332 2007
2332 2028
2332 2032
2332 2039
2332 2042
2332 2047
2332 2052
2332 2053
2332 2054
2332 2057
2332 2068
2332 2071
2332 2081
2332 2087
2332 2102
2332 2111
2332 2125
2332 2127
2332 2128
2332 2134
2332 2135
2332 2138
2332 2144
2332 2148
2332 2149
2332 2153
2332 2169
2332 2180
2332 2183
2332 2187
2332 2191
2332 2194
2332 2196
2332 2198
2332 2199
2332 2223
2332 2224
2332 2235
2332 2239
2332 2247
2332 2249
2332 2250
2332 2279
2332 2282
2332 2283
2332 2292
2332 2293
2332 2294
2332 2302
2332 2315
2332 2327
2332 2328
2332 2333
2332 2336
2332 2338
2332 2347
2332 2351
2332 2368
2332 2372
2332 2384
2332 2385
2332 2399
2332 2434
2332 2438
2332 2458
2332 2463
2332 2465
2332 2473
2332 2475
2332 2508
2332 2509
2332 2510
2332 2511
2332 2512
2332 2533
2332 2543
2332 2555
2332 2567
2332 2572
2332 2582
2332 2592
2332 2597
2332 2598
2332 2608
2332 2609
2332 2629
2332 2642
2332 2643
2332 2649
2332 2653
2333 1465
2333 1577
2333 1718
2333 1912
2333 1920
2333 1925
2333 1926
2333 1932
2333 1939
2333 1940
2333 1941
2333 1945
2333 1947
2333 1948
2333 1955
2333 1959
2333 1970
2333 1981
2333 1985
2333 1994
2333 2003
2333 2007
2333 2010
2333 2026
2333 2028
2333 2029
2333 2032
2333 2039
2333 2042
2333 2047
2333 2052
2333 2053
2333 2054
2333 2057
2333 2062
2333 2065
2333 2068
2333 2071
2333 2072
2333 2075
2333 2081
2333 2087
2333 2096
2333 2101
2333 2110
2333 2111
2333 2125
2333 2127
2333 2128
2333 2132
2333 2133
2333 2134
2333 2135
2333 2137
2333 2138
2333 2144
2333 2148
2333 2149
2333 2153
2333 2161
2333 2176
2333 2177
2333 2183
2333 2187
2333 2191
2333 2194
2333 2196
2333 2199
2333 2208
2333 2210
2333 2215
2333 2221
2333 2222
2333 2223
2333 2224
2333 2232
2333 2235
2333 2241
2333 2243
2333 2246
2333 2247
2333 2250
2333 2252
2333 2259
2333 2264
2333 2273
2333 2274
2333 2279
2333 2280
2333 2282
2333 2283
2333 2285
2333 2289
2333 2292
2333 2293
2333 2294
2333 2302
2333 2304
2333 2315
2333 2319
2333 2327
2333 2328
2333 2332
2333 2336
2333 2338
2333 2343
2333 2344
2333 2347
2333 2351
2333 2372
2333 2377
2333 2384
2333 2390
2333 2394
2333 2396
2333 2399
2333 2415
2333 2419
2333 2420
2333 2432
2333 2434
2333 2438
2333 2451
2333 2458
2333 2461
2333 2463
2333 2465
2333 2471
2333 2472
2333 2475
2333 2479
2333 2491
2333 2498
2333 2501
2333 2508
2333 2509
2333 2510
2333 2511
2333 2512
2333 2529
2333 2530
2333 2533
2333 2537
2333 2543
2333 2555
2333 2567
2333 2582
2333 2592
2333 2594
2333 2597
2333 2598
2333 2603
2333 2608
2333 2616
2333 2617
2333 2629
2333 2642
2333 2643
2333 2652
2333 2653
2334 1912
2334 1917
2334 1938
2334 1941
2334 1943
2334 1946
2334 1962
2334 1983
2334 1984
2334 1985
2334 1986
2334 1993
2334 2005
2334 2019
2334 2020
2334 2030
2334 2040
2334 2043
2334 2045
2334 2046
2334 2056
2334 2058
2334 2059
2334 2063
2334 2064
2334 2067
2334 2069
2334 2073
2334 2077
2334 2078
2334 2086
2334 2088
2334 2090
2334 2095
2334 2103
2334 2104
2334 2115
2334 2118
2334 2121
2334 2123
2334 2124
2334 2131
2334 2139
2334 2142
2334 2150
2334 2154
2334 2179
2334 2184
2334 2189
2334 2201
2334 2206
2334 2212
2334 2216
2334 2218
2334 2220
2334 2229
2334 2233
2334 2234
2334 2237
2334 2240
2334 2244
2334 2253
2334 2266
2334 2271
2334 2290
2334 2300
2334 2306
2334 2309
2334 2311
2334 2324
2334 2326
2334 2331
2334 2339
2334 2347
2334 2348
2334 2354
2334 2356
2334 2363
2334 2369
2334 2374
2334 2376
2334 2386
2334 2387
2334 2391
2334 2393
2334 2395
2334 2409
2334 2410
2334 2428
2334 2429
2334 2430
2334 2433
2334 2446
2334 2449
2334 2460
2334 2464
2334 2467
2334 2468
2334 2469
2334 2471
2334 2477
2334 2478
2334 2482
2334 2485
2334 2489
2334 2492
2334 2500
2334 2504
2334 2507
2334 2520
2334 2526
2334 2539
2334 2542
2334 2543
2334 2546
2334 2550
2334 2551
2334 2556
2334 2559
2334 2560
2334 2561
2334 2564
2334 2573
2334 2575
2334 2578
2334 2586
2334 2593
2334 2601
2334 2602
2334 2604
2334 2611
2334 2615
2334 2619
2334 2623
2334 2625
2334 2631
2334 2646
2334 2654
2334 2655
2335 1912
2335 1930
2335 1936
2335 1960
2335 1964
2335 1965
2335 1975
2335 1990
2335 2047
2335 2049
2335 2070
2335 2126
2335 2158
2335 2166
2335 2173
2335 2193
2335 2236
2335 2238
2335 2248
2335 2277
2335 2286
2335 2314
2335 2322
2335 2361
2335 2371
2335 2403
2335 2411
2335 2440
2335 2474
2335 2488
2335 2497
2335 2503
2335 2523
2335 2534
2336 136
2336 1465
2336 1577
2336 1718
2336 1912
2336 1920
2336 1926
2336 1932
2336 1940
2336 1941
2336 1945
2336 1947
2336 1948
2336 1954
2336 1955
2336 1959
2336 1981
2336 1985
2336 2002
2336 2010
2336 2026
2336 2028
2336 2032
2336 2038
2336 2039
2336 2042
2336 2047
2336 2052
2336 2053
2336 2054
2336 2057
2336 2071
2336 2072
2336 2081
2336 2087
2336 2102
2336 2111
2336 2117
2336 2125
2336 2127
2336 2132
2336 2133
2336 2134
2336 2135
2336 2138
2336 2142
2336 2143
2336 2144
2336 2148
2336 2149
2336 2151
2336 2153
2336 2161
2336 2169
2336 2174
2336 2176
2336 2180
2336 2183
2336 2187
2336 2189
2336 2191
2336 2194
2336 2196
2336 2198
2336 2199
2336 2203
2336 2215
2336 2223
2336 2224
2336 2232
2336 2239
2336 2241
2336 2243
2336 2247
2336 2249
2336 2254
2336 2259
2336 2266
2336 2267
2336 2268
2336 2279
2336 2280
2336 2282
2336 2283
2336 2285
2336 2289
2336 2293
2336 2294
2336 2302
2336 2305
2336 2319
2336 2328
2336 2330
2336 2332
2336 2333
2336 2338
2336 2343
2336 2344
2336 2347
2336 2351
2336 2366
2336 2368
2336 2372
2336 2379
2336 2384
2336 2385
2336 2394
2336 2398
2336 2417
2336 2419
2336 2420
2336 2434
2336 2436
2336 2445
2336 2451
2336 2458
2336 2461
2336 2463
2336 2471
2336 2472
2336 2491
2336 2498
2336 2501
2336 2502
2336 2508
2336 2509
2336 2510
2336 2511
2336 2516
2336 2519
2336 2533
2336 2537
2336 2543
2336 2547
2336 2555
2336 2567
2336 2572
2336 2582
2336 2588
2336 2589
2336 2592
2336 2597
2336 2598
2336 2616
2336 2617
2336 2629
2336 2642
2336 2643
2336 2649
2336 2653
2337 136
2337 1912
2337 1927
2337 1958
2337 1972
2337 1973
2337 1976
2337 1980
2337 1995
2337 1998
2337 1999
2337 2000
2337 2001
2337 2004
2337 2009
2337 2018
2337 2027
2337 2050
2337 2116
2337 2157
2337 2171
2337 2297
2337 2346
2337 2364
2337 2365
2337 2378
2337 2435
2337 2447
2337 2494
2337 2538
2337 2583
2337 2639
2337 2640
2337 2645
2337 2647
2338 1465
2338 1577
2338 1912
2338 1920
2338 1926
2338 1932
2338 1940
2338 1941
2338 1945
2338 1947
2338 1948
2338 1954
2338 1955
2338 1959
2338 1994
2338 2007
2338 2026
2338 2028
2338 2032
2338 2039
2338 2042
2338 2047
2338 2052
2338 2053
2338 2054
2338 2062
2338 2068
2338 2071
2338 2072
2338 2081
2338 2087
2338 2101
2338 2102
2338 2111
2338 2125
2338 2127
2338 2128
2338 2135
2338 2138
2338 2148
2338 2149
2338 2151
2338 2153
2338 2161
2338 2169
2338 2174
2338 2180
2338 2183
2338 2187
2338 2191
2338 2194
2338 2196
2338 2199
2338 2203
2338 2223
2338 2224
2338 2239
2338 2264
2338 2267
2338 2279
2338 2282
2338 2283
2338 2285
2338 2292
2338 2293
2338 2302
2338 2315
2338 2319
2338 2327
2338 2328
2338 2332
2338 2333
2338 2336
2338 2343
2338 2344
2338 2347
2338 2351
2338 2372
2338 2377
2338 2384
2338 2398
2338 2420
2338 2436
2338 2458
2338 2461
2338 2465
2338 2468
2338 2475
2338 2496
2338 2508
2338 2510
2338 2511
2338 2512
2338 2516
2338 2529
2338 2533
2338 2543
2338 2547
2338 2555
2338 2567
2338 2592
2338 2594
2338 2597
2338 2598
2338 2609
2338 2617
2338 2629
2338 2643
2338 2649
2339 1912
2339 1917
2339 1918
2339 1925
2339 1929
2339 1938
2339 1943
2339 1946
2339 1953
2339 1962
2339 1963
2339 1966
2339 1971
2339 1979
2339 1983
2339 1984
2339 1985
2339 1986
2339 1989
2339 1993
2339 1997
2339 2020
2339 2030
2339 2043
2339 2046
2339 2055
2339 2056
2339 2059
2339 2060
2339 2063
2339 2064
2339 2069
2339 2073
2339 2074
2339 2078
2339 2086
2339 2088
2339 2090
2339 2093
2339 2095
2339 2098
2339 2103
2339 2104
2339 2108
2339 2109
2339 2112
2339 2115
2339 2118
2339 2121
2339 2122
2339 2123
2339 2124
2339 2131
2339 2139
2339 2140
2339 2142
2339 2147
2339 2150
2339 2154
2339 2172
2339 2184
2339 2188
2339 2190
2339 2200
2339 2201
2339 2206
2339 2212
2339 2213
2339 2216
2339 2218
2339 2220
2339 2229
2339 2233
2339 2237
2339 2240
2339 2244
2339 2253
2339 2257
2339 2261
2339 2266
2339 2271
2339 2275
2339 2276
2339 2278
2339 2287
2339 2290
2339 2299
2339 2300
2339 2303
2339 2306
2339 2307
2339 2308
2339 2309
2339 2323
2339 2324
2339 2326
2339 2329
2339 2331
2339 2334
2339 2340
2339 2347
2339 2348
2339 2352
2339 2354
2339 2356
2339 2359
2339 2363
2339 2369
2339 2370
2339 2374
2339 2376
2339 2381
2339 2383
2339 2386
2339 2391
2339 2392
2339 2395
2339 2404
2339 2408
2339 2409
2339 2410
2339 2414
2339 2418
2339 2428
2339 2429
2339 2430
2339 2433
2339 2446
2339 2449
2339 2460
2339 2464
2339 2467
2339 2468
2339 2469
2339 2477
2339 2482
2339 2485
2339 2489
2339 2500
2339 2504
2339 2506
2339 2507
2339 2520
2339 2521
2339 2526
2339 2532
2339 2546
2339 2549
2339 2550
2339 2551
2339 2552
2339 2553
2339 2554
2339 2556
2339 2559
2339 2560
2339 2561
2339 2563
2339 2564
2339 2573
2339 2575
2339 2576
2339 2578
2339 2579
2339 2586
2339 2590
2339 2593
2339 2600
2339 2601
2339 2602
2339 2604
2339 2606
2339 2607
2339 2615
2339 2623
2339 2624
2339 2630
2339 2631
2339 2638
2339 2646
2339 2654
2339 2655
2340 1912
2340 1917
2340 1918
2340 1925
2340 1929
2340 1938
2340 1941
2340 1943
2340 1946
2340 1953
2340 1962
2340 1963
2340 1966
2340 1971
2340 1979
2340 1983
2340 1984
2340 1985
2340 1986
2340 1993
2340 1997
2340 2005
2340 2020
2340 2030
2340 2033
2340 2037
2340 2040
2340 2043
2340 2045
2340 2046
2340 2059
2340 2060
2340 2063
2340 2064
2340 2069
2340 2073
2340 2074
2340 2077
2340 2078
2340 2083
2340 2086
2340 2088
2340 2090
2340 2093
2340 2095
2340 2098
2340 2103
2340 2104
2340 2108
2340 2109
2340 2112
2340 2115
2340 2118
2340 2121
2340 2122
2340 2123
2340 2124
2340 2131
2340 2136
2340 2139
2340 2140
2340 2142
2340 2150
2340 2154
2340 2164
2340 2165
2340 2172
2340 2184
2340 2188
2340 2190
2340 2200
2340 2201
2340 2206
2340 2210
2340 2212
2340 2216
2340 2218
2340 2220
2340 2229
2340 2233
2340 2237
2340 2240
2340 2244
2340 2253
2340 2257
2340 2261
2340 2266
2340 2271
2340 2275
2340 2276
2340 2278
2340 2287
2340 2290
2340 2299
2340 2306
2340 2307
2340 2308
2340 2309
2340 2311
2340 2323
2340 2324
2340 2326
2340 2329
2340 2331
2340 2339
2340 2347
2340 2348
2340 2352
2340 2354
2340 2356
2340 2359
2340 2363
2340 2369
2340 2370
2340 2374
2340 2376
2340 2381
2340 2383
2340 2386
2340 2395
2340 2404
2340 2407
2340 2408
2340 2409
2340 2410
2340 2414
2340 2418
2340 2423
2340 2428
2340 2429
2340 2430
2340 2433
2340 2446
2340 2460
2340 2464
2340 2467
2340 2468
2340 2469
2340 2477
2340 2478
2340 2482
2340 2484
2340 2485
2340 2489
2340 2492
2340 2495
2340 2500
2340 2504
2340 2506
2340 2507
2340 2520
2340 2521
2340 2526
2340 2532
2340 2536
2340 2539
2340 2542
2340 2543
2340 2546
2340 2549
2340 2550
2340 2551
2340 2552
2340 2553
2340 2554
2340 2556
2340 2559
2340 2560
2340 2561
2340 2563
2340 2564
2340 2573
2340 2574
2340 2575
2340 2578
2340 2579
2340 2586
2340 2590
2340 2591
2340 2593
2340 2600
2340 2601
2340 2602
2340 2604
2340 2607
2340 2611
2340 2613
2340 2615
2340 2619
2340 2623
2340 2624
2340 2625
2340 2630
2340 2631
2340 2638
2340 2646
2340 2654
2340 2655
2341 1912
2341 1915
2341 1919
2341 1922
2341 1934
2341 2023
2341 2085
2341 2091
2341 2126
2341 2130
2341 2146
2341 2156
2341 2160
2341 2162
2341 2173
2341 2197
2341 2231
2341 2236
2341 2238
2341 2260
2341 2321
2341 2361
2341 2412
2341 2455
2341 2456
2341 2659
2342 1912
2342 1960
2342 1964
2342 2041
2342 2051
2342 2091
2342 2105
2342 2107
2342 2129
2342 2228
2342 2236
2342 2283
2342 2313
2342 2317
2342 2371
2342 2397
2342 2402
2342 2411
2342 2448
2342 2450
2342 2456
2342 2488
2342 2540
2342 2562
2342 2618
2342 2628
2342 2632
2342 2644
2343 1577
2343 1718
2343 1912
2343 1916
2343 1920
2343 1940
2343 1945
2343 1954
2343 2007
2343 2010
2343 2026
2343 2032
2343 2038
2343 2052
2343 2054
2343 2068
2343 2081
2343 2087
2343 2102
2343 2111
2343 2117
2343 2125
2343 2127
2343 2132
2343 2133
2343 2143
2343 2149
2343 2151
2343 2153
2343 2155
2343 2169
2343 2174
2343 2176
2343 2187
2343 2191
2343 2199
2343 2203
2343 2224
2343 2233
2343 2241
2343 2246
2343 2247
2343 2250
2343 2254
2343 2273
2343 2282
2343 2283
2343 2289
2343 2292
2343 2294
2343 2319
2343 2325
2343 2327
2343 2328
2343 2333
2343 2336
2343 2338
2343 2344
2343 2351
2343 2384
2343 2419
2343 2436
2343 2458
2343 2461
2343 2463
2343 2471
2343 2475
2343 2491
2343 2498
2343 2509
2343 2516
2343 2530
2343 2536
2343 2582
2343 2588
2343 2598
2343 2616
2343 2629
2343 2649
2344 1577
2344 1718
2344 1912
2344 1916
2344 1939
2344 1940
2344 1945
2344 1947
2344 1948
2344 1954
2344 1959
2344 1970
2344 1981
2344 1987
2344 2002
2344 2003
2344 2010
2344 2029
2344 2032
2344 2047
2344 2052
2344 2053
2344 2054
2344 2062
2344 2068
2344 2071
2344 2072
2344 2075
2344 2081
2344 2087
2344 2101
2344 2102
2344 2110
2344 2111
2344 2117
2344 2125
2344 2128
2344 2132
2344 2133
2344 2138
2344 2149
2344 2151
2344 2153
2344 2155
2344 2161
2344 2163
2344 2169
2344 2176
2344 2180
2344 2183
2344 2187
2344 2196
2344 2198
2344 2199
2344 2221
2344 2222
2344 2224
2344 2235
2344 2241
2344 2243
2344 2246
2344 2247
2344 2250
2344 2254
2344 2264
2344 2273
2344 2274
2344 2282
2344 2283
2344 2294
2344 2304
2344 2319
2344 2327
2344 2328
2344 2333
2344 2336
2344 2338
2344 2343
2344 2345
2344 2347
2344 2355
2344 2377
2344 2384
2344 2390
2344 2394
2344 2396
2344 2399
2344 2415
2344 2419
2344 2432
2344 2434
2344 2436
2344 2438
2344 2451
2344 2461
2344 2463
2344 2468
2344 2471
2344 2475
2344 2479
2344 2498
2344 2501
2344 2509
2344 2511
2344 2512
2344 2516
2344 2519
2344 2537
2344 2555
2344 2582
2344 2588
2344 2592
2344 2594
2344 2598
2344 2603
2344 2616
2344 2617
2344 2629
2344 2637
2344 2642
2344 2652
2345 1912
2345 1926
2345 1945
2345 1955
2345 1964
2345 1982
2345 2007
2345 2036
2345 2038
2345 2047
2345 2068
2345 2101
2345 2117
2345 2183
2345 2199
2345 2211
2345 2214
2345 2219
2345 2223
2345 2224
2345 2226
2345 2232
2345 2259
2345 2279
2345 2280
2345 2288
2345 2291
2345 2296
2345 2327
2345 2344
2345 2366
2345 2367
2345 2379
2345 2394
2345 2406
2345 2443
2345 2449
2345 2453
2345 2461
2345 2468
2345 2491
2345 2510
2345 2537
2345 2555
2345 2560
2345 2566
2345 2594
2345 2598
2345 2610
2345 2612
2345 2617
2345 2635
2346 1912
2346 1919
2346 1927
2346 1935
2346 1973
2346 1980
2346 1991
2346 1995
2346 1998
2346 2001
2346 2018
2346 2025
2346 2027
2346 2061
2346 2159
2346 2171
2346 2202
2346 2284
2346 2337
2346 2364
2346 2365
2346 2378
2346 2389
2346 2435
2346 2538
2346 2583
2346 2585
2346 2620
2346 2626
2346 2633
2346 2636
2346 2640
2346 2645
2346 2657
2346 2658
2346 2659
2347 1465
2347 1577
2347 1912
2347 1917
2347 1918
2347 1920
2347 1925
2347 1926
2347 1929
2347 1932
2347 1938
2347 1940
2347 1941
2347 1943
2347 1945
2347 1946
2347 1947
2347 1948
2347 1953
2347 1954
2347 1959
2347 1962
2347 1966
2347 1971
2347 1979
2347 1983
2347 1984
2347 1985
2347 1993
2347 1994
2347 1997
2347 2002
2347 2005
2347 2007
2347 2010
2347 2020
2347 2026
2347 2028
2347 2030
2347 2032
2347 2033
2347 2037
2347 2039
2347 2040
2347 2042
2347 2043
2347 2045
2347 2046
2347 2047
2347 2052
2347 2053
2347 2054
2347 2055
2347 2058
2347 2059
2347 2062
2347 2063
2347 2064
2347 2068
2347 2069
2347 2071
2347 2072
2347 2073
2347 2074
2347 2077
2347 2078
2347 2081
2347 2083
2347 2084
2347 2086
2347 2087
2347 2088
2347 2090
2347 2093
2347 2095
2347 2098
2347 2102
2347 2103
2347 2104
2347 2111
2347 2112
2347 2117
2347 2118
2347 2121
2347 2122
2347 2123
2347 2124
2347 2125
2347 2128
2347 2131
2347 2134
2347 2135
2347 2136
2347 2137
2347 2138
2347 2139
2347 2140
2347 2142
2347 2148
2347 2149
2347 2150
2347 2151
2347 2153
2347 2154
2347 2165
2347 2169
2347 2172
2347 2179
2347 2180
2347 2183
2347 2184
2347 2187
2347 2188
2347 2189
2347 2190
2347 2191
2347 2194
2347 2196
2347 2199
2347 2200
2347 2201
2347 2206
2347 2208
2347 2210
2347 2212
2347 2216
2347 2218
2347 2220
2347 2223
2347 2224
2347 2229
2347 2233
2347 2237
2347 2239
2347 2240
2347 2241
2347 2244
2347 2246
2347 2247
2347 2250
2347 2253
2347 2257
2347 2259
2347 2261
2347 2264
2347 2266
2347 2271
2347 2273
2347 2275
2347 2276
2347 2278
2347 2279
2347 2282
2347 2283
2347 2289
2347 2292
2347 2293
2347 2299
2347 2300
2347 2302
2347 2308
2347 2309
2347 2315
2347 2319
2347 2323
2347 2324
2347 2326
2347 2329
2347 2331
2347 2332
2347 2333
2347 2334
2347 2336
2347 2338
2347 2339
2347 2340
2347 2344
2347 2348
2347 2351
2347 2354
2347 2356
2347 2363
2347 2369
2347 2370
2347 2372
2347 2374
2347 2376
2347 2377
2347 2381
2347 2384
2347 2386
2347 2387
2347 2395
2347 2398
2347 2399
2347 2404
2347 2407
2347 2408
2347 2409
2347 2410
2347 2414
2347 2418
2347 2419
2347 2420
2347 2423
2347 2427
2347 2428
2347 2429
2347 2430
2347 2433
2347 2436
2347 2446
2347 2451
2347 2460
2347 2462
2347 2463
2347 2464
2347 2467
2347 2468
2347 2469
2347 2471
2347 2472
2347 2475
2347 2482
2347 2484
2347 2485
2347 2489
2347 2491
2347 2492
2347 2499
2347 2500
2347 2506
2347 2507
2347 2508
2347 2510
2347 2511
2347 2518
2347 2521
2347 2522
2347 2526
2347 2530
2347 2533
2347 2539
2347 2542
2347 2543
2347 2546
2347 2547
2347 2550
2347 2551
2347 2554
2347 2555
2347 2556
2347 2559
2347 2560
2347 2561
2347 2563
2347 2567
2347 2573
2347 2574
2347 2575
2347 2578
2347 2579
2347 2582
2347 2586
2347 2590
2347 2591
2347 2592
2347 2593
2347 2597
2347 2598
2347 2600
2347 2601
2347 2602
2347 2604
2347 2606
2347 2607
2347 2609
2347 2611
2347 2615
2347 2619
2347 2623
2347 2624
2347 2625
2347 2629
2347 2630
2347 2631
2347 2638
2347 2643
2347 2646
2347 2653
2347 2655
2348 1912
2348 1918
2348 1925
2348 1938
2348 1941
2348 1943
2348 1946
2348 1966
2348 1971
2348 1983
2348 1984
2348 1985
2348 1986
2348 1993
2348 1997
2348 2005
2348 2020
2348 2021
2348 2030
2348 2033
2348 2040
2348 2045
2348 2059
2348 2060
2348 2064
2348 2069
2348 2073
2348 2074
2348 2077
2348 2078
2348 2083
2348 2084
2348 2086
2348 2088
2348 2090
2348 2093
2348 2098
2348 2103
2348 2104
2348 2108
2348 2109
2348 2112
2348 2115
2348 2118
2348 2122
2348 2123
2348 2131
2348 2139
2348 2142
2348 2150
2348 2164
2348 2172
2348 2184
2348 2188
2348 2190
2348 2200
2348 2201
2348 2206
2348 2210
2348 2218
2348 2220
2348 2229
2348 2233
2348 2237
2348 2240
2348 2244
2348 2253
2348 2266
2348 2271
2348 2275
2348 2276
2348 2278
2348 2290
2348 2299
2348 2306
2348 2307
2348 2308
2348 2309
2348 2323
2348 2324
2348 2326
2348 2331
2348 2334
2348 2339
2348 2340
2348 2347
2348 2352
2348 2354
2348 2356
2348 2369
2348 2376
2348 2381
2348 2385
2348 2386
2348 2395
2348 2409
2348 2410
2348 2414
2348 2423
2348 2428
2348 2430
2348 2446
2348 2460
2348 2464
2348 2467
2348 2468
2348 2469
2348 2478
2348 2482
2348 2492
2348 2495
2348 2506
2348 2507
2348 2520
2348 2521
2348 2532
2348 2539
2348 2542
2348 2543
2348 2549
2348 2550
2348 2551
2348 2553
2348 2556
2348 2559
2348 2560
2348 2561
2348 2564
2348 2573
2348 2578
2348 2579
2348 2586
2348 2590
2348 2593
2348 2600
2348 2601
2348 2602
2348 2604
2348 2607
2348 2611
2348 2615
2348 2619
2348 2623
2348 2624
2348 2625
2348 2630
2348 2631
2348 2638
2348 2646
2348 2654
2348 2655
2349 1912
2349 1982
2349 1988
2349 1992
2349 2076
2349 2170
2349 2207
2349 2320
2349 2401
2349 2426
2349 2444
2349 2466
2349 2486
2349 2490
2349 2513
2349 2515
2349 2622
2349 2650
