2350 1912
2350 1943
2350 1962
2350 2026
2350 2056
2350 2064
2350 2092
2350 2115
2350 2147
2350 2150
2350 2172
2350 2221
2350 2233
2350 2262
2350 2266
2350 2271
2350 2288
2350 2300
2350 2330
2350 2363
2350 2391
2350 2404
2350 2410
2350 2542
2350 2545
2350 2576
2350 2588
2350 2615
2351 1465
2351 1577
2351 1912
2351 1920
2351 1932
2351 1940
2351 1941
2351 1945
2351 1948
2351 1959
2351 1994
2351 2002
2351 2007
2351 2010
2351 2026
2351 2028
2351 2032
2351 2039
2351 2042
2351 2047
2351 2052
2351 2053
2351 2054
2351 2062
2351 2071
2351 2081
2351 2087
2351 2102
2351 2111
2351 2116
2351 2117
2351 2125
2351 2127
2351 2128
2351 2133
2351 2134
2351 2135
2351 2137
2351 2138
2351 2144
2351 2148
2351 2149
2351 2151
2351 2153
2351 2176
2351 2180
2351 2183
2351 2187
2351 2189
2351 2191
2351 2194
2351 2196
2351 2199
2351 2224
2351 2233
2351 2241
2351 2246
2351 2267
2351 2273
2351 2274
2351 2279
2351 2282
2351 2283
2351 2285
2351 2289
2351 2292
2351 2293
2351 2302
2351 2315
2351 2319
2351 2325
2351 2327
2351 2328
2351 2332
2351 2333
2351 2336
2351 2338
2351 2343
2351 2347
2351 2372
2351 2377
2351 2384
2351 2398
2351 2420
2351 2436
2351 2461
2351 2463
2351 2465
2351 2471
2351 2472
2351 2475
2351 2491
2351 2498
2351 2509
2351 2510
2351 2516
2351 2529
2351 2533
2351 2543
2351 2555
2351 2567
2351 2592
2351 2597
2351 2598
2351 2609
2351 2616
2351 2629
2351 2642
2351 2643
2351 2649
2352 1912
2352 1917
2352 1918
2352 1925
2352 1929
2352 1938
2352 1943
2352 1946
2352 1962
2352 1966
2352 1971
2352 1979
2352 1983
2352 1984
2352 1985
2352 1986
2352 1989
2352 1993
2352 1997
2352 2005
2352 2020
2352 2030
2352 2033
2352 2037
2352 2043
2352 2045
2352 2056
2352 2059
2352 2060
2352 2063
2352 2064
2352 2069
2352 2073
2352 2074
2352 2077
2352 2078
2352 2083
2352 2084
2352 2088
2352 2090
2352 2093
2352 2095
2352 2098
2352 2103
2352 2104
2352 2108
2352 2112
2352 2115
2352 2118
2352 2121
2352 2122
2352 2123
2352 2124
2352 2131
2352 2139
2352 2140
2352 2142
2352 2150
2352 2154
2352 2164
2352 2165
2352 2172
2352 2179
2352 2184
2352 2188
2352 2190
2352 2200
2352 2201
2352 2206
2352 2213
2352 2216
2352 2218
2352 2220
2352 2229
2352 2233
2352 2237
2352 2240
2352 2244
2352 2253
2352 2257
2352 2261
2352 2266
2352 2271
2352 2275
2352 2276
2352 2278
2352 2287
2352 2290
2352 2299
2352 2306
2352 2307
2352 2308
2352 2309
2352 2323
2352 2326
2352 2331
2352 2339
2352 2340
2352 2348
2352 2353
2352 2354
2352 2356
2352 2359
2352 2363
2352 2369
2352 2370
2352 2374
2352 2376
2352 2381
2352 2387
2352 2392
2352 2395
2352 2404
2352 2409
2352 2410
2352 2414
2352 2423
2352 2428
2352 2430
2352 2433
2352 2460
2352 2464
2352 2468
2352 2469
2352 2477
2352 2482
2352 2484
2352 2485
2352 2495
2352 2500
2352 2504
2352 2506
2352 2507
2352 2520
2352 2526
2352 2532
2352 2539
2352 2542
2352 2546
2352 2549
2352 2550
2352 2553
2352 2554
2352 2556
2352 2561
2352 2564
2352 2573
2352 2574
2352 2575
2352 2578
2352 2579
2352 2586
2352 2590
2352 2591
2352 2593
2352 2600
2352 2601
2352 2602
2352 2604
2352 2607
2352 2611
2352 2615
2352 2619
2352 2624
2352 2625
2352 2630
2352 2638
2352 2655
2353 1912
2353 1917
2353 1918
2353 1942
2353 1943
2353 1946
2353 1962
2353 1966
2353 1979
2353 1986
2353 1993
2353 1997
2353 2033
2353 2045
2353 2059
2353 2069
2353 2073
2353 2083
2353 2084
2353 2088
2353 2093
2353 2104
2353 2112
2353 2122
2353 2123
2353 2131
2353 2150
2353 2172
2353 2188
2353 2190
2353 2200
2353 2206
2353 2212
2353 2213
2353 2220
2353 2229
2353 2233
2353 2240
2353 2244
2353 2257
2353 2261
2353 2266
2353 2290
2353 2299
2353 2300
2353 2307
2353 2309
2353 2323
2353 2324
2353 2331
2353 2352
2353 2356
2353 2370
2353 2386
2353 2414
2353 2423
2353 2464
2353 2467
2353 2469
2353 2492
2353 2495
2353 2499
2353 2500
2353 2504
2353 2521
2353 2542
2353 2543
2353 2550
2353 2551
2353 2554
2353 2561
2353 2563
2353 2575
2353 2586
2353 2590
2353 2593
2353 2600
2353 2602
2353 2606
2353 2607
2353 2611
2353 2615
2353 2624
2353 2625
2353 2630
2353 2654
2354 1912
2354 1917
2354 1918
2354 1929
2354 1938
2354 1941
2354 1943
2354 1946
2354 1953
2354 1962
2354 1963
2354 1966
2354 1971
2354 1983
2354 1984
2354 1985
2354 1986
2354 1993
2354 1997
2354 2005
2354 2020
2354 2030
2354 2037
2354 2040
2354 2043
2354 2045
2354 2046
2354 2059
2354 2063
2354 2064
2354 2069
2354 2073
2354 2074
2354 2077
2354 2078
2354 2083
2354 2084
2354 2086
2354 2088
2354 2090
2354 2093
2354 2095
2354 2103
2354 2104
2354 2108
2354 2109
2354 2112
2354 2115
2354 2118
2354 2121
2354 2122
2354 2123
2354 2124
2354 2131
2354 2136
2354 2139
2354 2140
2354 2142
2354 2150
2354 2154
2354 2172
2354 2179
2354 2184
2354 2188
2354 2190
2354 2200
2354 2201
2354 2206
2354 2210
2354 2216
2354 2218
2354 2220
2354 2229
2354 2233
2354 2237
2354 2240
2354 2244
2354 2253
2354 2257
2354 2258
2354 2266
2354 2271
2354 2275
2354 2276
2354 2278
2354 2290
2354 2299
2354 2300
2354 2306
2354 2308
2354 2309
2354 2311
2354 2323
2354 2324
2354 2326
2354 2329
2354 2331
2354 2334
2354 2339
2354 2340
2354 2347
2354 2348
2354 2352
2354 2356
2354 2359
2354 2363
2354 2369
2354 2370
2354 2374
2354 2376
2354 2381
2354 2386
2354 2395
2354 2404
2354 2407
2354 2408
2354 2409
2354 2410
2354 2414
2354 2418
2354 2423
2354 2428
2354 2429
2354 2430
2354 2446
2354 2460
2354 2462
2354 2464
2354 2468
2354 2469
2354 2477
2354 2478
2354 2482
2354 2484
2354 2485
2354 2489
2354 2492
2354 2499
2354 2500
2354 2504
2354 2507
2354 2521
2354 2526
2354 2539
2354 2542
2354 2543
2354 2546
2354 2549
2354 2550
2354 2551
2354 2553
2354 2554
2354 2560
2354 2561
2354 2564
2354 2573
2354 2575
2354 2578
2354 2579
2354 2586
2354 2590
2354 2593
2354 2600
2354 2601
2354 2602
2354 2604
2354 2607
2354 2611
2354 2615
2354 2619
2354 2623
2354 2624
2354 2625
2354 2638
2354 2646
2354 2654
2354 2655
2355 1577
2355 1912
2355 1913
2355 1941
2355 1947
2355 2116
2355 2127
2355 2128
2355 2203
2355 2246
2355 2247
2355 2250
2355 2283
2355 2304
2355 2312
2355 2319
2355 2344
2355 2384
2355 2389
2355 2400
2355 2413
2355 2459
2355 2461
2355 2529
2355 2531
2355 2543
2355 2594
2355 2610
2355 2616
2355 2641
2356 1912
2356 1917
2356 1918
2356 1925
2356 1929
2356 1938
2356 1943
2356 1946
2356 1953
2356 1962
2356 1966
2356 1971
2356 1979
2356 1983
2356 1984
2356 1985
2356 1986
2356 1989
2356 1993
2356 1997
2356 2005
2356 2020
2356 2030
2356 2033
2356 2037
2356 2043
2356 2045
2356 2046
2356 2055
2356 2056
2356 2059
2356 2063
2356 2064
2356 2073
2356 2074
2356 2077
2356 2078
2356 2083
2356 2084
2356 2086
2356 2088
2356 2090
2356 2093
2356 2095
2356 2103
2356 2104
2356 2108
2356 2112
2356 2118
2356 2121
2356 2122
2356 2123
2356 2124
2356 2131
2356 2139
2356 2140
2356 2142
2356 2150
2356 2154
2356 2172
2356 2179
2356 2184
2356 2188
2356 2190
2356 2200
2356 2201
2356 2206
2356 2212
2356 2216
2356 2218
2356 2220
2356 2229
2356 2233
2356 2237
2356 2240
2356 2244
2356 2253
2356 2257
2356 2258
2356 2261
2356 2266
2356 2271
2356 2275
2356 2278
2356 2290
2356 2299
2356 2306
2356 2307
2356 2308
2356 2309
2356 2323
2356 2324
2356 2326
2356 2331
2356 2334
2356 2339
2356 2340
2356 2347
2356 2348
2356 2352
2356 2353
2356 2354
2356 2359
2356 2363
2356 2369
2356 2370
2356 2374
2356 2376
2356 2381
2356 2386
2356 2395
2356 2408
2356 2409
2356 2410
2356 2414
2356 2418
2356 2423
2356 2428
2356 2430
2356 2433
2356 2446
2356 2460
2356 2464
2356 2467
2356 2468
2356 2469
2356 2477
2356 2482
2356 2489
2356 2492
2356 2500
2356 2504
2356 2507
2356 2520
2356 2521
2356 2526
2356 2539
2356 2542
2356 2543
2356 2546
2356 2549
2356 2550
2356 2551
2356 2553
2356 2554
2356 2559
2356 2560
2356 2561
2356 2564
2356 2573
2356 2575
2356 2578
2356 2579
2356 2586
2356 2590
2356 2593
2356 2601
2356 2602
2356 2604
2356 2607
2356 2611
2356 2615
2356 2619
2356 2623
2356 2624
2356 2625
2356 2630
2356 2631
2356 2638
2356 2646
2356 2654
2356 2655
2357 1912
2357 1937
2357 2015
2357 2129
2357 2145
2357 2152
2357 2173
2357 2181
2357 2277
2357 2397
2357 2562
2357 2587
2357 2659
2358 1912
2358 2099
2358 2230
2358 2283
2358 2313
2358 2411
2359 1912
2359 1917
2359 1929
2359 1938
2359 1943
2359 1946
2359 1962
2359 1966
2359 1971
2359 1979
2359 1983
2359 1985
2359 1986
2359 2005
2359 2030
2359 2033
2359 2037
2359 2043
2359 2045
2359 2056
2359 2059
2359 2063
2359 2064
2359 2073
2359 2074
2359 2077
2359 2078
2359 2083
2359 2086
2359 2088
2359 2090
2359 2093
2359 2095
2359 2098
2359 2103
2359 2104
2359 2108
2359 2112
2359 2115
2359 2118
2359 2121
2359 2122
2359 2123
2359 2124
2359 2131
2359 2139
2359 2140
2359 2142
2359 2150
2359 2154
2359 2172
2359 2179
2359 2184
2359 2188
2359 2190
2359 2200
2359 2201
2359 2206
2359 2210
2359 2216
2359 2218
2359 2220
2359 2229
2359 2233
2359 2240
2359 2244
2359 2253
2359 2257
2359 2261
2359 2266
2359 2271
2359 2275
2359 2278
2359 2290
2359 2299
2359 2309
2359 2323
2359 2324
2359 2326
2359 2329
2359 2331
2359 2339
2359 2340
2359 2352
2359 2354
2359 2356
2359 2363
2359 2369
2359 2370
2359 2374
2359 2376
2359 2381
2359 2395
2359 2404
2359 2409
2359 2410
2359 2414
2359 2418
2359 2423
2359 2428
2359 2430
2359 2433
2359 2446
2359 2460
2359 2462
2359 2464
2359 2467
2359 2469
2359 2477
2359 2482
2359 2484
2359 2485
2359 2489
2359 2492
2359 2500
2359 2504
2359 2506
2359 2507
2359 2520
2359 2526
2359 2539
2359 2542
2359 2546
2359 2549
2359 2553
2359 2554
2359 2559
2359 2560
2359 2564
2359 2574
2359 2578
2359 2586
2359 2590
2359 2591
2359 2593
2359 2600
2359 2601
2359 2604
2359 2611
2359 2615
2359 2619
2359 2624
2359 2625
2359 2638
2359 2646
2359 2654
2359 2655
2360 1912
2360 1933
2360 1975
2360 2105
2360 2126
2360 2156
2360 2160
2360 2236
2360 2238
2360 2316
2360 2317
2360 2488
2361 1912
2361 1934
2361 1960
2361 1964
2361 1965
2361 1975
2361 1990
2361 2023
2361 2035
2361 2047
2361 2070
2361 2089
2361 2091
2361 2114
2361 2119
2361 2126
2361 2146
2361 2160
2361 2166
2361 2197
2361 2199
2361 2228
2361 2231
2361 2236
2361 2238
2361 2286
2361 2313
2361 2317
2361 2322
2361 2335
2361 2341
2361 2371
2361 2373
2361 2397
2361 2402
2361 2440
2361 2448
2361 2455
2361 2488
2361 2503
2361 2523
2361 2540
2361 2618
2361 2628
2361 2644
2362 1912
2362 1923
2362 1944
2362 1964
2362 2029
2362 2031
2362 2133
2362 2141
2362 2176
2362 2209
2362 2211
2362 2242
2362 2247
2362 2272
2362 2289
2362 2318
2362 2325
2362 2416
2362 2419
2362 2425
2362 2480
2362 2525
2362 2610
2362 2637
2362 2642
2363 1912
2363 1917
2363 1938
2363 1941
2363 1943
2363 1946
2363 1953
2363 1962
2363 1966
2363 1971
2363 1979
2363 1983
2363 1984
2363 1985
2363 1986
2363 1993
2363 1997
2363 2005
2363 2020
2363 2030
2363 2033
2363 2040
2363 2043
2363 2045
2363 2046
2363 2056
2363 2059
2363 2063
2363 2064
2363 2073
2363 2074
2363 2078
2363 2083
2363 2086
2363 2088
2363 2090
2363 2093
2363 2095
2363 2103
2363 2104
2363 2108
2363 2109
2363 2115
2363 2118
2363 2121
2363 2122
2363 2123
2363 2124
2363 2131
2363 2136
2363 2139
2363 2140
2363 2142
2363 2154
2363 2164
2363 2172
2363 2179
2363 2184
2363 2188
2363 2190
2363 2200
2363 2201
2363 2206
2363 2212
2363 2216
2363 2218
2363 2220
2363 2229
2363 2233
2363 2237
2363 2240
2363 2244
2363 2253
2363 2257
2363 2266
2363 2271
2363 2275
2363 2276
2363 2278
2363 2287
2363 2290
2363 2299
2363 2307
2363 2308
2363 2309
2363 2323
2363 2324
2363 2326
2363 2329
2363 2331
2363 2334
2363 2339
2363 2340
2363 2347
2363 2350
2363 2352
2363 2354
2363 2356
2363 2359
2363 2369
2363 2370
2363 2374
2363 2376
2363 2381
2363 2386
2363 2392
2363 2395
2363 2404
2363 2407
2363 2408
2363 2409
2363 2410
2363 2414
2363 2418
2363 2423
2363 2428
2363 2430
2363 2433
2363 2446
2363 2460
2363 2464
2363 2467
2363 2469
2363 2477
2363 2482
2363 2484
2363 2485
2363 2489
2363 2492
2363 2495
2363 2500
2363 2504
2363 2507
2363 2520
2363 2521
2363 2539
2363 2542
2363 2543
2363 2546
2363 2549
2363 2550
2363 2552
2363 2553
2363 2559
2363 2560
2363 2561
2363 2564
2363 2573
2363 2575
2363 2578
2363 2586
2363 2590
2363 2593
2363 2600
2363 2601
2363 2602
2363 2604
2363 2611
2363 2615
2363 2619
2363 2624
2363 2625
2363 2630
2363 2638
2363 2646
2363 2654
2363 2655
2364 136
2364 1912
2364 1914
2364 1919
2364 1927
2364 1931
2364 1935
2364 1951
2364 1957
2364 1958
2364 1972
2364 1973
2364 1976
2364 1980
2364 1991
2364 1995
2364 1998
2364 2000
2364 2001
2364 2004
2364 2006
2364 2011
2364 2012
2364 2014
2364 2016
2364 2018
2364 2022
2364 2024
2364 2025
2364 2027
2364 2061
2364 2097
2364 2116
2364 2157
2364 2159
2364 2171
2364 2192
2364 2202
2364 2225
2364 2268
2364 2284
2364 2297
2364 2337
2364 2346
2364 2365
2364 2378
2364 2435
2364 2447
2364 2459
2364 2494
2364 2538
2364 2583
2364 2585
2364 2620
2364 2627
2364 2633
2364 2636
2364 2639
2364 2640
2364 2645
2364 2647
2364 2648
2364 2657
2364 2659
2364 2660
2365 1912
2365 1914
2365 1919
2365 1921
2365 1927
2365 1935
2365 1954
2365 1957
2365 1958
2365 1968
2365 1973
2365 1976
2365 1980
2365 1991
2365 1995
2365 1998
2365 1999
2365 2000
2365 2001
2365 2004
2365 2006
2365 2009
2365 2012
2365 2018
2365 2022
2365 2024
2365 2025
2365 2027
2365 2050
2365 2116
2365 2143
2365 2157
2365 2159
2365 2171
2365 2192
2365 2202
2365 2284
2365 2297
2365 2337
2365 2346
2365 2364
2365 2378
2365 2447
2365 2538
2365 2583
2365 2620
2365 2627
2365 2633
2365 2636
2365 2639
2365 2640
2365 2645
2365 2647
2365 2657
2365 2659
2366 1912
2366 1926
2366 1964
2366 2023
2366 2031
2366 2035
2366 2036
2366 2038
2366 2047
2366 2068
2366 2085
2366 2126
2366 2133
2366 2145
2366 2176
2366 2186
2366 2205
2366 2211
2366 2214
2366 2226
2366 2232
2366 2289
2366 2296
2366 2313
2366 2322
2366 2325
2366 2336
2366 2345
2366 2367
2366 2379
2366 2406
2366 2566
2366 2592
2366 2608
2366 2612
2366 2642
2367 1912
2367 1926
2367 1941
2367 1945
2367 1964
2367 2026
2367 2032
2367 2038
2367 2047
2367 2068
2367 2081
2367 2085
2367 2101
2367 2117
2367 2127
2367 2133
2367 2145
2367 2161
2367 2183
2367 2186
2367 2199
2367 2211
2367 2214
2367 2223
2367 2224
2367 2226
2367 2232
2367 2280
2367 2289
2367 2296
2367 2325
2367 2327
2367 2345
2367 2366
2367 2379
2367 2394
2367 2406
2367 2461
2367 2510
2367 2537
2367 2566
2367 2571
2367 2581
2367 2594
2367 2597
2367 2598
2367 2608
2367 2612
2367 2617
2367 2635
2368 1465
2368 1577
2368 1718
2368 1912
2368 1916
2368 1926
2368 1932
2368 1939
2368 1947
2368 1952
2368 1954
2368 1970
2368 1974
2368 1975
2368 2032
2368 2039
2368 2052
2368 2054
2368 2081
2368 2087
2368 2102
2368 2111
2368 2117
2368 2125
2368 2128
2368 2132
2368 2133
2368 2138
2368 2143
2368 2149
2368 2151
2368 2155
2368 2163
2368 2169
2368 2174
2368 2180
2368 2183
2368 2187
2368 2198
2368 2199
2368 2203
2368 2226
2368 2246
2368 2247
2368 2250
2368 2264
2368 2279
2368 2282
2368 2283
2368 2289
2368 2292
2368 2294
2368 2304
2368 2324
2368 2327
2368 2328
2368 2332
2368 2336
2368 2377
2368 2399
2368 2434
2368 2458
2368 2461
2368 2463
2368 2471
2368 2498
2368 2501
2368 2509
2368 2519
2368 2533
2368 2555
2368 2582
2368 2594
2368 2597
2368 2598
2368 2608
2368 2616
2368 2642
2368 2649
2369 1912
2369 1917
2369 1918
2369 1925
2369 1929
2369 1938
2369 1941
2369 1943
2369 1946
2369 1953
2369 1962
2369 1963
2369 1966
2369 1971
2369 1979
2369 1983
2369 1984
2369 1985
2369 1986
2369 1989
2369 1993
2369 1997
2369 2005
2369 2020
2369 2021
2369 2026
2369 2030
2369 2033
2369 2037
2369 2040
2369 2043
2369 2045
2369 2046
2369 2055
2369 2056
2369 2059
2369 2060
2369 2064
2369 2069
2369 2073
2369 2074
2369 2077
2369 2078
2369 2084
2369 2086
2369 2090
2369 2093
2369 2095
2369 2098
2369 2103
2369 2104
2369 2108
2369 2109
2369 2112
2369 2118
2369 2121
2369 2122
2369 2123
2369 2124
2369 2131
2369 2139
2369 2140
2369 2142
2369 2150
2369 2154
2369 2164
2369 2165
2369 2172
2369 2184
2369 2188
2369 2190
2369 2200
2369 2201
2369 2206
2369 2210
2369 2212
2369 2213
2369 2216
2369 2218
2369 2220
2369 2229
2369 2233
2369 2237
2369 2240
2369 2244
2369 2253
2369 2257
2369 2258
2369 2261
2369 2266
2369 2271
2369 2275
2369 2276
2369 2278
2369 2290
2369 2299
2369 2300
2369 2306
2369 2307
2369 2308
2369 2309
2369 2324
2369 2326
2369 2329
2369 2331
2369 2334
2369 2339
2369 2340
2369 2347
2369 2348
2369 2352
2369 2354
2369 2356
2369 2359
2369 2363
2369 2370
2369 2374
2369 2376
2369 2381
2369 2386
2369 2392
2369 2395
2369 2404
2369 2407
2369 2408
2369 2409
2369 2410
2369 2414
2369 2423
2369 2428
2369 2430
2369 2433
2369 2446
2369 2460
2369 2462
2369 2464
2369 2468
2369 2469
2369 2477
2369 2482
2369 2485
2369 2489
2369 2492
2369 2495
2369 2499
2369 2500
2369 2504
2369 2506
2369 2507
2369 2520
2369 2521
2369 2526
2369 2532
2369 2536
2369 2539
2369 2542
2369 2543
2369 2546
2369 2549
2369 2550
2369 2552
2369 2553
2369 2554
2369 2556
2369 2559
2369 2560
2369 2561
2369 2563
2369 2564
2369 2573
2369 2574
2369 2575
2369 2576
2369 2578
2369 2579
2369 2586
2369 2590
2369 2591
2369 2593
2369 2600
2369 2601
2369 2602
2369 2604
2369 2606
2369 2607
2369 2611
2369 2615
2369 2619
2369 2623
2369 2624
2369 2625
2369 2630
2369 2631
2369 2638
2369 2646
2369 2654
2369 2655
2370 1912
2370 1917
2370 1929
2370 1938
2370 1941
2370 1943
2370 1946
2370 1953
2370 1962
2370 1966
2370 1979
2370 1983
2370 1985
2370 1986
2370 1993
2370 2005
2370 2020
2370 2030
2370 2033
2370 2037
2370 2040
2370 2043
2370 2045
2370 2055
2370 2058
2370 2059
2370 2060
2370 2063
2370 2064
2370 2069
2370 2073
2370 2074
2370 2077
2370 2078
2370 2083
2370 2086
2370 2088
2370 2090
2370 2093
2370 2095
2370 2103
2370 2104
2370 2108
2370 2112
2370 2118
2370 2121
2370 2122
2370 2123
2370 2124
2370 2131
2370 2136
2370 2139
2370 2140
2370 2142
2370 2150
2370 2154
2370 2172
2370 2184
2370 2188
2370 2200
2370 2201
2370 2206
2370 2212
2370 2216
2370 2218
2370 2220
2370 2229
2370 2233
2370 2237
2370 2240
2370 2244
2370 2253
2370 2257
2370 2261
2370 2266
2370 2271
2370 2275
2370 2276
2370 2278
2370 2287
2370 2290
2370 2299
2370 2300
2370 2307
2370 2308
2370 2309
2370 2323
2370 2324
2370 2326
2370 2339
2370 2340
2370 2347
2370 2352
2370 2353
2370 2354
2370 2356
2370 2359
2370 2363
2370 2369
2370 2374
2370 2376
2370 2381
2370 2386
2370 2395
2370 2404
2370 2407
2370 2408
2370 2409
2370 2410
2370 2414
2370 2418
2370 2423
2370 2428
2370 2429
2370 2430
2370 2446
2370 2460
2370 2464
2370 2467
2370 2482
2370 2484
2370 2489
2370 2492
2370 2495
2370 2504
2370 2507
2370 2520
2370 2526
2370 2539
2370 2542
2370 2543
2370 2546
2370 2549
2370 2550
2370 2551
2370 2553
2370 2556
2370 2559
2370 2560
2370 2564
2370 2575
2370 2578
2370 2586
2370 2590
2370 2593
2370 2600
2370 2601
2370 2602
2370 2604
2370 2607
2370 2611
2370 2615
2370 2625
2370 2630
2370 2638
2370 2646
2370 2654
2370 2655
2371 1912
2371 1960
2371 1964
2371 2023
2371 2035
2371 2047
2371 2049
2371 2082
2371 2089
2371 2091
2371 2119
2371 2126
2371 2129
2371 2146
2371 2162
2371 2166
2371 2181
2371 2197
2371 2227
2371 2228
2371 2231
2371 2236
2371 2286
2371 2313
2371 2317
2371 2322
2371 2335
2371 2342
2371 2361
2371 2402
2371 2440
2371 2448
2371 2488
2371 2540
2371 2618
2371 2628
2372 1465
2372 1577
2372 1912
2372 1920
2372 1932
2372 1948
2372 1959
2372 1987
2372 1994
2372 2007
2372 2028
2372 2038
2372 2039
2372 2042
2372 2047
2372 2052
2372 2053
2372 2054
2372 2057
2372 2068
2372 2071
2372 2081
2372 2087
2372 2102
2372 2111
2372 2117
2372 2125
2372 2127
2372 2128
2372 2133
2372 2134
2372 2135
2372 2138
2372 2148
2372 2149
2372 2153
2372 2169
2372 2174
2372 2176
2372 2180
2372 2183
2372 2187
2372 2189
2372 2191
2372 2194
2372 2196
2372 2199
2372 2215
2372 2223
2372 2239
2372 2249
2372 2250
2372 2254
2372 2259
2372 2264
2372 2268
2372 2279
2372 2282
2372 2283
2372 2285
2372 2289
2372 2292
2372 2293
2372 2294
2372 2302
2372 2305
2372 2315
2372 2319
2372 2327
2372 2328
2372 2332
2372 2333
2372 2336
2372 2338
2372 2347
2372 2351
2372 2384
2372 2385
2372 2398
2372 2417
2372 2434
2372 2445
2372 2461
2372 2463
2372 2471
2372 2491
2372 2508
2372 2509
2372 2510
2372 2511
2372 2537
2372 2543
2372 2547
2372 2555
2372 2567
2372 2572
2372 2582
2372 2589
2372 2594
2372 2597
2372 2598
2372 2608
2372 2616
2372 2629
2372 2643
2373 1912
2373 1934
2373 1960
2373 2129
2373 2152
2373 2181
2373 2193
2373 2277
2373 2361
2373 2411
2373 2412
2373 2656
2374 1912
2374 1917
2374 1918
2374 1925
2374 1929
2374 1938
2374 1943
2374 1946
2374 1953
2374 1962
2374 1966
2374 1971
2374 1979
2374 1983
2374 1984
2374 1985
2374 1986
2374 1993
2374 1997
2374 2005
2374 2030
2374 2033
2374 2037
2374 2040
2374 2043
2374 2045
2374 2059
2374 2069
2374 2073
2374 2074
2374 2077
2374 2078
2374 2083
2374 2084
2374 2088
2374 2090
2374 2093
2374 2103
2374 2104
2374 2108
2374 2109
2374 2112
2374 2118
2374 2121
2374 2122
2374 2123
2374 2124
2374 2131
2374 2136
2374 2139
2374 2140
2374 2142
2374 2150
2374 2154
2374 2172
2374 2184
2374 2188
2374 2190
2374 2200
2374 2201
2374 2206
2374 2210
2374 2212
2374 2213
2374 2216
2374 2218
2374 2220
2374 2229
2374 2233
2374 2240
2374 2244
2374 2253
2374 2257
2374 2266
2374 2271
2374 2275
2374 2276
2374 2278
2374 2290
2374 2299
2374 2300
2374 2307
2374 2308
2374 2309
2374 2323
2374 2326
2374 2329
2374 2331
2374 2334
2374 2339
2374 2340
2374 2347
2374 2352
2374 2354
2374 2356
2374 2359
2374 2363
2374 2369
2374 2370
2374 2376
2374 2381
2374 2386
2374 2392
2374 2395
2374 2404
2374 2409
2374 2410
2374 2414
2374 2423
2374 2428
2374 2430
2374 2433
2374 2446
2374 2460
2374 2464
2374 2467
2374 2468
2374 2477
2374 2482
2374 2484
2374 2485
2374 2492
2374 2495
2374 2499
2374 2500
2374 2504
2374 2506
2374 2507
2374 2520
2374 2521
2374 2526
2374 2532
2374 2542
2374 2543
2374 2546
2374 2549
2374 2550
2374 2551
2374 2553
2374 2554
2374 2556
2374 2560
2374 2561
2374 2563
2374 2564
2374 2578
2374 2579
2374 2586
2374 2590
2374 2591
2374 2593
2374 2600
2374 2601
2374 2602
2374 2604
2374 2606
2374 2607
2374 2611
2374 2615
2374 2619
2374 2623
2374 2624
2374 2625
2374 2630
2374 2631
2374 2638
2374 2654
2374 2655
2375 1912
2375 2217
2375 2313
2375 2439
2375 2548
2375 2558
2376 1912
2376 1917
2376 1918
2376 1925
2376 1929
2376 1938
2376 1943
2376 1946
2376 1962
2376 1966
2376 1971
2376 1979
2376 1983
2376 1984
2376 1985
2376 1986
2376 1989
2376 1993
2376 2005
2376 2020
2376 2030
2376 2040
2376 2043
2376 2045
2376 2046
2376 2055
2376 2056
2376 2060
2376 2063
2376 2064
2376 2069
2376 2073
2376 2074
2376 2077
2376 2078
2376 2084
2376 2086
2376 2088
2376 2090
2376 2093
2376 2095
2376 2098
2376 2103
2376 2104
2376 2108
2376 2109
2376 2112
2376 2115
2376 2118
2376 2121
2376 2122
2376 2123
2376 2124
2376 2131
2376 2136
2376 2140
2376 2142
2376 2147
2376 2150
2376 2154
2376 2164
2376 2165
2376 2172
2376 2179
2376 2184
2376 2188
2376 2190
2376 2200
2376 2201
2376 2206
2376 2212
2376 2218
2376 2220
2376 2229
2376 2233
2376 2240
2376 2244
2376 2257
2376 2258
2376 2261
2376 2266
2376 2271
2376 2275
2376 2276
2376 2278
2376 2287
2376 2290
2376 2300
2376 2303
2376 2307
2376 2309
2376 2313
2376 2323
2376 2324
2376 2326
2376 2331
2376 2334
2376 2339
2376 2340
2376 2347
2376 2348
2376 2352
2376 2354
2376 2356
2376 2359
2376 2363
2376 2369
2376 2370
2376 2374
2376 2381
2376 2391
2376 2392
2376 2395
2376 2404
2376 2408
2376 2409
2376 2410
2376 2414
2376 2418
2376 2423
2376 2428
2376 2430
2376 2433
2376 2446
2376 2460
2376 2462
2376 2464
2376 2468
2376 2469
2376 2477
2376 2482
2376 2484
2376 2485
2376 2492
2376 2500
2376 2504
2376 2506
2376 2507
2376 2520
2376 2521
2376 2526
2376 2532
2376 2536
2376 2539
2376 2542
2376 2546
2376 2549
2376 2550
2376 2551
2376 2552
2376 2553
2376 2556
2376 2559
2376 2560
2376 2561
2376 2563
2376 2564
2376 2573
2376 2575
2376 2576
2376 2578
2376 2579
2376 2586
2376 2590
2376 2591
2376 2593
2376 2600
2376 2601
2376 2602
2376 2604
2376 2606
2376 2607
2376 2611
2376 2619
2376 2624
2376 2625
2376 2630
2376 2646
2376 2655
2377 1577
2377 1912
2377 1916
2377 1939
2377 1945
2377 1947
2377 1948
2377 1954
2377 1970
2377 2003
2377 2010
2377 2032
2377 2052
2377 2053
2377 2054
2377 2068
2377 2071
2377 2072
2377 2075
2377 2081
2377 2087
2377 2110
2377 2111
2377 2117
2377 2132
2377 2133
2377 2138
2377 2143
2377 2151
2377 2153
2377 2169
2377 2174
2377 2176
2377 2180
2377 2187
2377 2199
2377 2222
2377 2235
2377 2241
2377 2246
2377 2247
2377 2264
2377 2267
2377 2273
2377 2274
2377 2282
2377 2285
2377 2289
2377 2292
2377 2294
2377 2302
2377 2304
2377 2327
2377 2328
2377 2333
2377 2338
2377 2344
2377 2347
2377 2351
2377 2368
2377 2384
2377 2390
2377 2394
2377 2396
2377 2399
2377 2415
2377 2419
2377 2434
2377 2436
2377 2438
2377 2451
2377 2461
2377 2463
2377 2471
2377 2475
2377 2479
2377 2498
2377 2509
2377 2510
2377 2511
2377 2512
2377 2516
2377 2518
2377 2519
2377 2537
2377 2555
2377 2567
2377 2582
2377 2588
2377 2598
2377 2617
2377 2629
2377 2649
2377 2652
2378 136
2378 1912
2378 1914
2378 1921
2378 1927
2378 1928
2378 1951
2378 1957
2378 1968
2378 1972
2378 1973
2378 1980
2378 1991
2378 1995
2378 1998
2378 1999
2378 2001
2378 2004
2378 2006
2378 2009
2378 2012
2378 2018
2378 2024
2378 2027
2378 2050
2378 2116
2378 2157
2378 2171
2378 2202
2378 2225
2378 2268
2378 2284
2378 2297
2378 2337
2378 2346
2378 2364
2378 2365
2378 2417
2378 2447
2378 2459
2378 2494
2378 2538
2378 2583
2378 2633
2378 2636
2378 2639
2378 2640
2378 2645
2378 2647
2378 2648
2379 1912
2379 1926
2379 1941
2379 1945
2379 2007
2379 2038
2379 2047
2379 2068
2379 2085
2379 2101
2379 2161
2379 2186
2379 2187
2379 2223
2379 2226
2379 2232
2379 2259
2379 2264
2379 2280
2379 2296
2379 2325
2379 2327
2379 2336
2379 2345
2379 2366
2379 2367
2379 2508
2379 2566
2379 2571
2379 2581
2379 2594
2379 2598
2379 2608
2379 2612
2379 2617
2379 2635
2380 1912
2380 2313
2380 2448
2381 1912
2381 1917
2381 1918
2381 1925
2381 1929
2381 1938
2381 1941
2381 1943
2381 1946
2381 1953
2381 1962
2381 1966
2381 1971
2381 1979
2381 1983
2381 1984
2381 1985
2381 1986
2381 1989
2381 1993
2381 1997
2381 2005
2381 2020
2381 2026
2381 2030
2381 2033
2381 2043
2381 2059
2381 2063
2381 2064
2381 2069
2381 2073
2381 2074
2381 2077
2381 2078
2381 2083
2381 2084
2381 2086
2381 2088
2381 2090
2381 2093
2381 2095
2381 2103
2381 2104
2381 2108
2381 2112
2381 2118
2381 2121
2381 2122
2381 2123
2381 2124
2381 2131
2381 2139
2381 2140
2381 2142
2381 2150
2381 2154
2381 2164
2381 2165
2381 2172
2381 2179
2381 2184
2381 2188
2381 2190
2381 2200
2381 2201
2381 2206
2381 2210
2381 2212
2381 2216
2381 2218
2381 2220
2381 2229
2381 2233
2381 2237
2381 2240
2381 2244
2381 2257
2381 2261
2381 2266
2381 2271
2381 2275
2381 2276
2381 2290
2381 2299
2381 2306
2381 2307
2381 2308
2381 2309
2381 2323
2381 2324
2381 2326
2381 2331
2381 2339
2381 2340
2381 2347
2381 2348
2381 2352
2381 2354
2381 2356
2381 2359
2381 2363
2381 2369
2381 2370
2381 2374
2381 2376
2381 2386
2381 2391
2381 2395
2381 2407
2381 2408
2381 2409
2381 2410
2381 2414
2381 2418
2381 2423
2381 2428
2381 2429
2381 2430
2381 2433
2381 2446
2381 2460
2381 2462
2381 2464
2381 2467
2381 2469
2381 2482
2381 2484
2381 2485
2381 2489
2381 2492
2381 2495
2381 2500
2381 2504
2381 2507
2381 2520
2381 2521
2381 2526
2381 2532
2381 2539
2381 2542
2381 2543
2381 2546
2381 2549
2381 2550
2381 2551
2381 2552
2381 2554
2381 2556
2381 2559
2381 2560
2381 2561
2381 2563
2381 2564
2381 2573
2381 2574
2381 2578
2381 2586
2381 2590
2381 2591
2381 2593
2381 2600
2381 2602
2381 2604
2381 2607
2381 2611
2381 2615
2381 2619
2381 2623
2381 2624
2381 2625
2381 2630
2381 2638
2381 2646
2381 2654
2381 2655
2382 1912
2382 2456
2383 1912
2383 2007
2383 2058
2383 2092
2383 2093
2383 2112
2383 2147
2383 2216
2383 2237
2383 2288
2383 2300
2383 2326
2383 2339
2383 2340
2383 2391
2383 2428
2383 2429
2383 2478
2383 2482
2383 2504
2383 2507
2383 2546
2383 2564
2383 2646
2384 136
2384 1465
2384 1577
2384 1912
2384 1913
2384 1916
2384 1920
2384 1926
2384 1932
2384 1939
2384 1940
2384 1941
2384 1945
2384 1947
2384 1948
2384 1952
2384 1955
2384 1959
2384 1964
2384 1970
2384 1973
2384 1976
2384 1981
2384 1985
2384 1994
2384 2003
2384 2007
2384 2010
2384 2026
2384 2028
2384 2032
2384 2038
2384 2039
2384 2042
2384 2047
2384 2052
2384 2053
2384 2054
2384 2057
2384 2062
2384 2065
2384 2068
2384 2071
2384 2072
2384 2075
2384 2081
2384 2087
2384 2101
2384 2102
2384 2110
2384 2111
2384 2117
2384 2125
2384 2127
2384 2128
2384 2132
2384 2133
2384 2134
2384 2135
2384 2137
2384 2138
2384 2143
2384 2144
2384 2148
2384 2149
2384 2151
2384 2153
2384 2161
2384 2169
2384 2174
2384 2176
2384 2180
2384 2183
2384 2187
2384 2189
2384 2191
2384 2194
2384 2196
2384 2198
2384 2199
2384 2203
2384 2208
2384 2215
2384 2221
2384 2222
2384 2223
2384 2224
2384 2232
2384 2235
2384 2241
2384 2243
2384 2246
2384 2247
2384 2250
2384 2259
2384 2267
2384 2268
2384 2273
2384 2274
2384 2279
2384 2280
2384 2282
2384 2283
2384 2289
2384 2292
2384 2293
2384 2294
2384 2302
2384 2304
2384 2312
2384 2315
2384 2319
2384 2327
2384 2328
2384 2330
2384 2332
2384 2333
2384 2336
2384 2338
2384 2343
2384 2344
2384 2347
2384 2351
2384 2355
2384 2372
2384 2377
2384 2385
2384 2389
2384 2390
2384 2394
2384 2396
2384 2398
2384 2399
2384 2400
2384 2413
2384 2415
2384 2417
2384 2420
2384 2434
2384 2436
2384 2438
2384 2445
2384 2451
2384 2458
2384 2461
2384 2463
2384 2465
2384 2471
2384 2472
2384 2473
2384 2479
2384 2491
2384 2498
2384 2501
2384 2502
2384 2508
2384 2509
2384 2510
2384 2511
2384 2512
2384 2516
2384 2529
2384 2530
2384 2531
2384 2533
2384 2537
2384 2543
2384 2544
2384 2551
2384 2555
2384 2567
2384 2582
2384 2588
2384 2589
2384 2592
2384 2597
2384 2598
2384 2603
2384 2608
2384 2609
2384 2616
2384 2617
2384 2629
2384 2642
2384 2643
2384 2649
2384 2652
2384 2653
2385 1465
2385 1577
2385 1912
2385 1920
2385 1941
2385 1959
2385 1969
2385 1987
2385 2039
2385 2042
2385 2047
2385 2053
2385 2057
2385 2065
2385 2068
2385 2081
2385 2087
2385 2102
2385 2111
2385 2117
2385 2134
2385 2137
2385 2138
2385 2149
2385 2153
2385 2169
2385 2180
2385 2183
2385 2199
2385 2208
2385 2210
2385 2215
2385 2223
2385 2239
2385 2254
2385 2264
2385 2267
2385 2268
2385 2279
2385 2283
2385 2292
2385 2302
2385 2305
2385 2332
2385 2336
2385 2348
2385 2372
2385 2384
2385 2398
2385 2420
2385 2445
2385 2530
2385 2543
2385 2572
2385 2592
2385 2608
2385 2629
2386 1912
2386 1917
2386 1918
2386 1938
2386 1943
2386 1946
2386 1953
2386 1962
2386 1966
2386 1971
2386 1979
2386 1983
2386 1984
2386 1985
2386 1993
2386 2005
2386 2033
2386 2040
2386 2045
2386 2059
2386 2064
2386 2073
2386 2074
2386 2078
2386 2083
2386 2088
2386 2090
2386 2093
2386 2095
2386 2103
2386 2104
2386 2108
2386 2112
2386 2118
2386 2122
2386 2123
2386 2131
2386 2139
2386 2142
2386 2150
2386 2154
2386 2172
2386 2184
2386 2188
2386 2190
2386 2200
2386 2201
2386 2206
2386 2212
2386 2213
2386 2216
2386 2218
2386 2220
2386 2229
2386 2233
2386 2234
2386 2240
2386 2244
2386 2253
2386 2257
2386 2266
2386 2275
2386 2276
2386 2287
2386 2290
2386 2307
2386 2308
2386 2309
2386 2323
2386 2324
2386 2326
2386 2331
2386 2334
2386 2339
2386 2340
2386 2347
2386 2348
2386 2353
2386 2354
2386 2356
2386 2363
2386 2369
2386 2370
2386 2374
2386 2381
2386 2395
2386 2404
2386 2408
2386 2409
2386 2410
2386 2414
2386 2418
2386 2423
2386 2428
2386 2430
2386 2464
2386 2467
2386 2477
2386 2482
2386 2484
2386 2485
2386 2492
2386 2495
2386 2500
2386 2504
2386 2507
2386 2521
2386 2526
2386 2542
2386 2543
2386 2546
2386 2549
2386 2550
2386 2551
2386 2552
2386 2553
2386 2556
2386 2559
2386 2560
2386 2561
2386 2563
2386 2575
2386 2586
2386 2590
2386 2593
2386 2600
2386 2601
2386 2602
2386 2604
2386 2607
2386 2611
2386 2615
2386 2624
2386 2625
2386 2630
2386 2631
2386 2638
2386 2654
2386 2655
2387 1912
2387 1942
2387 1946
2387 1966
2387 1983
2387 1985
2387 2007
2387 2019
2387 2037
2387 2044
2387 2056
2387 2067
2387 2069
2387 2084
2387 2092
2387 2123
2387 2124
2387 2138
2387 2142
2387 2147
2387 2189
2387 2218
2387 2234
2387 2243
2387 2262
2387 2266
2387 2300
2387 2303
2387 2334
2387 2347
2387 2352
2387 2391
2387 2393
2387 2404
2387 2410
2387 2427
2387 2429
2387 2443
2387 2449
2387 2454
2387 2460
2387 2478
2387 2520
2387 2526
2387 2532
2387 2542
2387 2584
2387 2602
2387 2611
2387 2619
2388 1912
2388 1934
2388 1936
2388 2152
2388 2156
2388 2313
2389 1577
2389 1912
2389 1913
2389 1935
2389 1968
2389 1970
2389 1972
2389 2116
2389 2127
2389 2202
2389 2203
2389 2246
2389 2247
2389 2250
2389 2304
2389 2312
2389 2346
2389 2355
2389 2384
2389 2400
2389 2413
2389 2459
2389 2512
2389 2529
2389 2531
2389 2610
2389 2616
2389 2626
2390 1912
2390 1939
2390 1947
2390 1959
2390 1970
2390 1981
2390 2003
2390 2053
2390 2054
2390 2062
2390 2072
2390 2075
2390 2081
2390 2096
2390 2101
2390 2110
2390 2111
2390 2132
2390 2161
2390 2199
2390 2221
2390 2222
2390 2235
2390 2243
2390 2274
2390 2280
2390 2282
2390 2285
2390 2327
2390 2328
2390 2333
2390 2344
2390 2377
2390 2384
2390 2394
2390 2396
2390 2415
2390 2434
2390 2438
2390 2451
2390 2468
2390 2479
2390 2501
2390 2509
2390 2511
2390 2537
2390 2603
2390 2617
2390 2652
2391 1912
2391 1917
2391 1943
2391 1962
2391 1979
2391 1983
2391 1985
2391 1986
2391 2020
2391 2033
2391 2043
2391 2056
2391 2064
2391 2067
2391 2073
2391 2078
2391 2084
2391 2088
2391 2090
2391 2092
2391 2093
2391 2104
2391 2123
2391 2147
2391 2154
2391 2172
2391 2188
2391 2189
2391 2190
2391 2206
2391 2213
2391 2218
2391 2229
2391 2233
2391 2234
2391 2240
2391 2244
2391 2262
2391 2266
2391 2275
2391 2288
2391 2300
2391 2303
2391 2309
2391 2323
2391 2331
2391 2334
2391 2339
2391 2350
2391 2376
2391 2381
2391 2383
2391 2387
2391 2393
2391 2395
2391 2404
2391 2428
2391 2478
2391 2495
2391 2536
2391 2542
2391 2545
2391 2552
2391 2553
2391 2556
2391 2576
2391 2584
2391 2600
2391 2607
2391 2611
2391 2623
2391 2625
2392 1912
2392 1918
2392 1929
2392 1938
2392 1943
2392 1946
2392 1979
2392 1985
2392 1993
2392 2033
2392 2040
2392 2043
2392 2045
2392 2063
2392 2073
2392 2103
2392 2118
2392 2121
2392 2139
2392 2140
2392 2142
2392 2150
2392 2184
2392 2188
2392 2190
2392 2200
2392 2206
2392 2218
2392 2220
2392 2229
2392 2233
2392 2240
2392 2244
2392 2257
2392 2261
2392 2266
2392 2275
2392 2278
2392 2299
2392 2300
2392 2308
2392 2309
2392 2323
2392 2324
2392 2326
2392 2339
2392 2352
2392 2363
2392 2369
2392 2374
2392 2376
2392 2395
2392 2404
2392 2408
2392 2410
2392 2418
2392 2428
2392 2430
2392 2446
2392 2460
2392 2464
2392 2468
2392 2476
2392 2478
2392 2482
2392 2492
2392 2495
2392 2500
2392 2507
2392 2509
2392 2520
2392 2526
2392 2542
2392 2543
2392 2549
2392 2551
2392 2553
2392 2556
2392 2560
2392 2564
2392 2574
2392 2575
2392 2590
2392 2592
2392 2593
2392 2600
2392 2601
2392 2602
2392 2607
2392 2611
2392 2619
2392 2646
2393 1912
2393 1942
2393 1963
2393 1985
2393 1986
2393 2007
2393 2019
2393 2037
2393 2056
2393 2060
2393 2067
2393 2069
2393 2084
2393 2092
2393 2142
2393 2189
2393 2207
2393 2229
2393 2234
2393 2258
2393 2266
2393 2303
2393 2334
2393 2387
2393 2391
2393 2404
2393 2449
2393 2478
2393 2499
2393 2526
2393 2542
2393 2584
2394 1577
2394 1718
2394 1912
2394 1926
2394 1939
2394 1945
2394 1947
2394 1955
2394 1959
2394 1981
2394 2003
2394 2007
2394 2026
2394 2032
2394 2039
2394 2053
2394 2054
2394 2062
2394 2068
2394 2072
2394 2075
2394 2081
2394 2101
2394 2110
2394 2111
2394 2117
2394 2127
2394 2132
2394 2133
2394 2138
2394 2148
2394 2161
2394 2183
2394 2187
2394 2189
2394 2194
2394 2199
2394 2221
2394 2223
2394 2232
2394 2235
2394 2243
2394 2259
2394 2264
2394 2267
2394 2268
2394 2279
2394 2280
2394 2282
2394 2283
2394 2294
2394 2304
2394 2319
2394 2327
2394 2328
2394 2333
2394 2336
2394 2344
2394 2345
2394 2367
2394 2377
2394 2384
2394 2390
2394 2396
2394 2417
2394 2432
2394 2434
2394 2438
2394 2445
2394 2451
2394 2458
2394 2461
2394 2471
2394 2473
2394 2479
2394 2491
2394 2501
2394 2508
2394 2509
2394 2510
2394 2511
2394 2537
2394 2543
2394 2547
2394 2571
2394 2589
2394 2592
2394 2594
2394 2597
2394 2598
2394 2603
2394 2608
2394 2617
2394 2649
2394 2652
2395 1912
2395 1917
2395 1925
2395 1929
2395 1938
2395 1941
2395 1943
2395 1946
2395 1953
2395 1962
2395 1963
2395 1971
2395 1979
2395 1983
2395 1984
2395 1985
2395 1986
2395 1993
2395 2005
2395 2020
2395 2030
2395 2033
2395 2037
2395 2040
2395 2043
2395 2045
2395 2046
2395 2056
2395 2058
2395 2059
2395 2060
2395 2064
2395 2069
2395 2073
2395 2074
2395 2077
2395 2078
2395 2083
2395 2084
2395 2086
2395 2088
2395 2090
2395 2093
2395 2095
2395 2098
2395 2103
2395 2104
2395 2108
2395 2109
2395 2115
2395 2118
2395 2121
2395 2123
2395 2124
2395 2131
2395 2139
2395 2140
2395 2142
2395 2150
2395 2154
2395 2163
2395 2172
2395 2184
2395 2188
2395 2189
2395 2190
2395 2200
2395 2201
2395 2206
2395 2210
2395 2212
2395 2218
2395 2220
2395 2229
2395 2233
2395 2237
2395 2240
2395 2242
2395 2244
2395 2253
2395 2266
2395 2271
2395 2275
2395 2276
2395 2278
2395 2290
2395 2299
2395 2300
2395 2306
2395 2307
2395 2308
2395 2309
2395 2311
2395 2323
2395 2324
2395 2326
2395 2329
2395 2331
2395 2334
2395 2339
2395 2340
2395 2347
2395 2348
2395 2352
2395 2354
2395 2356
2395 2359
2395 2363
2395 2369
2395 2370
2395 2374
2395 2376
2395 2381
2395 2386
2395 2391
2395 2392
2395 2404
2395 2407
2395 2408
2395 2410
2395 2414
2395 2423
2395 2428
2395 2430
2395 2433
2395 2446
2395 2460
2395 2462
2395 2464
2395 2467
2395 2468
2395 2477
2395 2482
2395 2485
2395 2492
2395 2495
2395 2499
2395 2500
2395 2504
2395 2506
2395 2507
2395 2520
2395 2521
2395 2526
2395 2532
2395 2539
2395 2542
2395 2543
2395 2549
2395 2550
2395 2551
2395 2553
2395 2556
2395 2559
2395 2560
2395 2561
2395 2564
2395 2573
2395 2574
2395 2578
2395 2579
2395 2586
2395 2590
2395 2593
2395 2600
2395 2601
2395 2602
2395 2604
2395 2606
2395 2607
2395 2611
2395 2615
2395 2619
2395 2623
2395 2624
2395 2625
2395 2638
2395 2654
2395 2655
2396 1912
2396 1926
2396 1939
2396 1947
2396 1959
2396 1970
2396 1981
2396 2003
2396 2007
2396 2026
2396 2029
2396 2053
2396 2054
2396 2062
2396 2072
2396 2075
2396 2081
2396 2101
2396 2110
2396 2111
2396 2127
2396 2132
2396 2153
2396 2161
2396 2199
2396 2211
2396 2221
2396 2235
2396 2243
2396 2254
2396 2264
2396 2274
2396 2279
2396 2280
2396 2282
2396 2283
2396 2292
2396 2294
2396 2304
2396 2327
2396 2328
2396 2333
2396 2344
2396 2377
2396 2384
2396 2390
2396 2394
2396 2415
2396 2432
2396 2434
2396 2438
2396 2451
2396 2458
2396 2459
2396 2465
2396 2473
2396 2479
2396 2491
2396 2501
2396 2509
2396 2510
2396 2511
2396 2537
2396 2592
2396 2594
2396 2603
2396 2608
2396 2617
2396 2652
2397 1912
2397 1930
2397 1975
2397 1978
2397 1990
2397 2035
2397 2047
2397 2049
2397 2082
2397 2089
2397 2119
2397 2129
2397 2130
2397 2193
2397 2228
2397 2231
2397 2248
2397 2260
2397 2314
2397 2322
2397 2342
2397 2357
2397 2361
2397 2403
2397 2411
2397 2448
2397 2474
2397 2488
2397 2497
2397 2523
2397 2562
2397 2570
2397 2577
2397 2628
2397 2644
2398 136
2398 1465
2398 1577
2398 1912
2398 1920
2398 1926
2398 1932
2398 1941
2398 1945
2398 1955
2398 1964
2398 1988
2398 2007
2398 2026
2398 2032
2398 2038
2398 2047
2398 2053
2398 2054
2398 2062
2398 2068
2398 2071
2398 2072
2398 2081
2398 2087
2398 2111
2398 2125
2398 2127
2398 2133
2398 2134
2398 2137
2398 2138
2398 2142
2398 2144
2398 2148
2398 2149
2398 2153
2398 2169
2398 2174
2398 2180
2398 2183
2398 2187
2398 2189
2398 2199
2398 2223
2398 2224
2398 2241
2398 2243
2398 2247
2398 2250
2398 2254
2398 2259
2398 2268
2398 2279
2398 2283
2398 2285
2398 2289
2398 2293
2398 2319
2398 2327
2398 2328
2398 2336
2398 2338
2398 2347
2398 2351
2398 2372
2398 2384
2398 2385
2398 2399
2398 2401
2398 2419
2398 2420
2398 2436
2398 2445
2398 2451
2398 2458
2398 2461
2398 2463
2398 2468
2398 2471
2398 2490
2398 2491
2398 2496
2398 2501
2398 2508
2398 2510
2398 2511
2398 2512
2398 2518
2398 2533
2398 2542
2398 2543
2398 2547
2398 2555
2398 2567
2398 2582
2398 2589
2398 2592
2398 2594
2398 2597
2398 2598
2398 2608
2398 2616
2398 2617
2398 2629
2398 2642
2398 2649
2398 2653
2399 1465
2399 1718
2399 1912
2399 1916
2399 1920
2399 1939
2399 1945
2399 1947
2399 1970
2399 1981
2399 1988
2399 2002
2399 2007
2399 2010
2399 2032
2399 2052
2399 2053
2399 2054
2399 2072
2399 2081
2399 2111
2399 2125
2399 2128
2399 2132
2399 2133
2399 2134
2399 2149
2399 2151
2399 2163
2399 2169
2399 2170
2399 2194
2399 2199
2399 2203
2399 2241
2399 2242
2399 2247
2399 2250
2399 2273
2399 2279
2399 2282
2399 2283
2399 2294
2399 2304
2399 2328
2399 2332
2399 2333
2399 2344
2399 2347
2399 2368
2399 2377
2399 2384
2399 2398
2399 2419
2399 2434
2399 2438
2399 2458
2399 2461
2399 2463
2399 2466
2399 2471
2399 2475
2399 2509
2399 2511
2399 2512
2399 2516
2399 2519
2399 2544
2399 2555
2399 2582
2399 2598
2399 2603
2399 2608
2399 2616
2399 2617
2399 2637
2399 2649
