2400 1912
2400 1913
2400 2102
2400 2127
2400 2128
2400 2203
2400 2250
2400 2292
2400 2312
2400 2319
2400 2355
2400 2384
2400 2389
2400 2413
2400 2529
2400 2531
2400 2610
2400 2616
2400 2629
2401 1912
2401 1924
2401 1988
2401 1992
2401 2076
2401 2093
2401 2144
2401 2170
2401 2259
2401 2320
2401 2349
2401 2398
2401 2426
2401 2444
2401 2466
2401 2486
2401 2513
2401 2515
2401 2594
2401 2622
2401 2650
2402 1912
2402 2035
2402 2082
2402 2089
2402 2129
2402 2228
2402 2313
2402 2316
2402 2317
2402 2342
2402 2361
2402 2371
2402 2448
2402 2488
2402 2614
2403 1912
2403 1936
2403 1975
2403 1978
2403 2047
2403 2049
2403 2107
2403 2173
2403 2286
2403 2314
2403 2335
2403 2397
2403 2405
2403 2497
2403 2503
2403 2534
2403 2618
2404 1912
2404 1917
2404 1918
2404 1938
2404 1943
2404 1946
2404 1962
2404 1966
2404 1971
2404 1979
2404 1983
2404 1984
2404 1985
2404 1986
2404 1989
2404 1993
2404 1997
2404 2005
2404 2030
2404 2033
2404 2037
2404 2040
2404 2043
2404 2045
2404 2046
2404 2055
2404 2056
2404 2059
2404 2060
2404 2063
2404 2064
2404 2069
2404 2073
2404 2074
2404 2078
2404 2083
2404 2084
2404 2086
2404 2088
2404 2090
2404 2093
2404 2095
2404 2098
2404 2103
2404 2108
2404 2109
2404 2112
2404 2115
2404 2118
2404 2122
2404 2123
2404 2124
2404 2131
2404 2136
2404 2140
2404 2142
2404 2147
2404 2150
2404 2154
2404 2164
2404 2165
2404 2172
2404 2179
2404 2188
2404 2190
2404 2200
2404 2201
2404 2206
2404 2210
2404 2212
2404 2213
2404 2216
2404 2218
2404 2220
2404 2229
2404 2233
2404 2234
2404 2237
2404 2240
2404 2244
2404 2257
2404 2258
2404 2266
2404 2271
2404 2275
2404 2276
2404 2278
2404 2290
2404 2299
2404 2300
2404 2308
2404 2309
2404 2311
2404 2323
2404 2324
2404 2326
2404 2331
2404 2339
2404 2340
2404 2347
2404 2350
2404 2352
2404 2354
2404 2359
2404 2363
2404 2369
2404 2370
2404 2374
2404 2376
2404 2386
2404 2387
2404 2391
2404 2392
2404 2393
2404 2395
2404 2407
2404 2409
2404 2410
2404 2414
2404 2418
2404 2423
2404 2428
2404 2433
2404 2446
2404 2460
2404 2467
2404 2468
2404 2469
2404 2477
2404 2492
2404 2495
2404 2499
2404 2500
2404 2504
2404 2506
2404 2507
2404 2520
2404 2526
2404 2539
2404 2542
2404 2549
2404 2550
2404 2552
2404 2553
2404 2554
2404 2560
2404 2563
2404 2564
2404 2573
2404 2575
2404 2576
2404 2579
2404 2586
2404 2590
2404 2593
2404 2600
2404 2601
2404 2602
2404 2604
2404 2606
2404 2607
2404 2611
2404 2615
2404 2624
2404 2625
2404 2630
2404 2631
2404 2638
2404 2654
2404 2655
2405 1912
2405 1960
2405 1990
2405 2120
2405 2126
2405 2129
2405 2146
2405 2152
2405 2160
2405 2162
2405 2166
2405 2173
2405 2181
2405 2231
2405 2236
2405 2248
2405 2403
2405 2412
2405 2587
2405 2659
2406 1912
2406 1923
2406 1926
2406 1964
2406 2031
2406 2036
2406 2038
2406 2047
2406 2085
2406 2133
2406 2145
2406 2176
2406 2186
2406 2211
2406 2214
2406 2219
2406 2226
2406 2265
2406 2268
2406 2288
2406 2289
2406 2291
2406 2296
2406 2313
2406 2318
2406 2322
2406 2325
2406 2345
2406 2366
2406 2367
2406 2453
2406 2473
2406 2514
2406 2566
2406 2610
2406 2612
2407 1912
2407 1917
2407 1953
2407 1971
2407 1979
2407 1984
2407 1985
2407 1993
2407 2005
2407 2021
2407 2030
2407 2033
2407 2037
2407 2040
2407 2043
2407 2045
2407 2063
2407 2064
2407 2074
2407 2078
2407 2084
2407 2086
2407 2095
2407 2103
2407 2104
2407 2122
2407 2123
2407 2131
2407 2139
2407 2142
2407 2154
2407 2172
2407 2184
2407 2188
2407 2190
2407 2200
2407 2206
2407 2213
2407 2216
2407 2220
2407 2233
2407 2240
2407 2244
2407 2253
2407 2266
2407 2290
2407 2323
2407 2324
2407 2331
2407 2340
2407 2347
2407 2354
2407 2363
2407 2369
2407 2370
2407 2381
2407 2395
2407 2404
2407 2408
2407 2409
2407 2410
2407 2414
2407 2423
2407 2428
2407 2446
2407 2464
2407 2489
2407 2500
2407 2504
2407 2507
2407 2539
2407 2542
2407 2543
2407 2551
2407 2553
2407 2556
2407 2559
2407 2564
2407 2590
2407 2593
2407 2600
2407 2602
2407 2607
2407 2613
2407 2615
2407 2625
2407 2631
2407 2646
2407 2655
2408 1912
2408 1917
2408 1929
2408 1938
2408 1941
2408 1943
2408 1946
2408 1953
2408 1962
2408 1971
2408 1979
2408 1983
2408 1984
2408 1985
2408 1986
2408 1993
2408 2005
2408 2030
2408 2033
2408 2037
2408 2040
2408 2043
2408 2045
2408 2046
2408 2056
2408 2059
2408 2063
2408 2064
2408 2073
2408 2074
2408 2077
2408 2078
2408 2083
2408 2086
2408 2088
2408 2090
2408 2103
2408 2104
2408 2109
2408 2112
2408 2115
2408 2118
2408 2121
2408 2122
2408 2123
2408 2124
2408 2131
2408 2136
2408 2139
2408 2140
2408 2142
2408 2150
2408 2154
2408 2165
2408 2172
2408 2184
2408 2188
2408 2200
2408 2201
2408 2206
2408 2212
2408 2216
2408 2218
2408 2220
2408 2229
2408 2233
2408 2237
2408 2240
2408 2244
2408 2253
2408 2258
2408 2261
2408 2266
2408 2271
2408 2275
2408 2276
2408 2278
2408 2290
2408 2307
2408 2308
2408 2309
2408 2323
2408 2324
2408 2326
2408 2331
2408 2339
2408 2340
2408 2347
2408 2354
2408 2356
2408 2363
2408 2369
2408 2370
2408 2376
2408 2381
2408 2386
2408 2392
2408 2395
2408 2407
2408 2409
2408 2410
2408 2414
2408 2418
2408 2423
2408 2428
2408 2430
2408 2446
2408 2462
2408 2464
2408 2468
2408 2477
2408 2482
2408 2485
2408 2489
2408 2492
2408 2500
2408 2504
2408 2507
2408 2521
2408 2539
2408 2542
2408 2543
2408 2546
2408 2549
2408 2550
2408 2551
2408 2552
2408 2553
2408 2556
2408 2560
2408 2561
2408 2564
2408 2578
2408 2579
2408 2586
2408 2590
2408 2593
2408 2600
2408 2601
2408 2602
2408 2604
2408 2607
2408 2611
2408 2615
2408 2619
2408 2623
2408 2624
2408 2625
2408 2630
2408 2638
2408 2646
2408 2654
2408 2655
2409 1912
2409 1917
2409 1918
2409 1925
2409 1929
2409 1938
2409 1943
2409 1946
2409 1953
2409 1962
2409 1963
2409 1966
2409 1971
2409 1979
2409 1983
2409 1984
2409 1985
2409 1993
2409 1997
2409 2005
2409 2007
2409 2020
2409 2021
2409 2030
2409 2033
2409 2037
2409 2040
2409 2043
2409 2045
2409 2046
2409 2058
2409 2059
2409 2063
2409 2064
2409 2069
2409 2073
2409 2074
2409 2078
2409 2083
2409 2084
2409 2086
2409 2088
2409 2090
2409 2092
2409 2093
2409 2103
2409 2104
2409 2108
2409 2109
2409 2115
2409 2118
2409 2121
2409 2122
2409 2123
2409 2124
2409 2131
2409 2136
2409 2139
2409 2140
2409 2142
2409 2150
2409 2154
2409 2172
2409 2184
2409 2188
2409 2190
2409 2200
2409 2201
2409 2206
2409 2212
2409 2213
2409 2216
2409 2218
2409 2220
2409 2229
2409 2233
2409 2240
2409 2244
2409 2253
2409 2257
2409 2258
2409 2261
2409 2266
2409 2271
2409 2275
2409 2276
2409 2278
2409 2287
2409 2290
2409 2299
2409 2306
2409 2307
2409 2308
2409 2309
2409 2311
2409 2323
2409 2324
2409 2326
2409 2331
2409 2334
2409 2339
2409 2340
2409 2347
2409 2348
2409 2352
2409 2354
2409 2356
2409 2359
2409 2363
2409 2369
2409 2370
2409 2374
2409 2376
2409 2381
2409 2386
2409 2404
2409 2407
2409 2408
2409 2410
2409 2414
2409 2418
2409 2423
2409 2428
2409 2429
2409 2430
2409 2446
2409 2460
2409 2464
2409 2467
2409 2468
2409 2469
2409 2477
2409 2478
2409 2482
2409 2485
2409 2489
2409 2492
2409 2495
2409 2500
2409 2504
2409 2507
2409 2520
2409 2521
2409 2539
2409 2542
2409 2543
2409 2546
2409 2549
2409 2550
2409 2551
2409 2552
2409 2553
2409 2559
2409 2560
2409 2561
2409 2563
2409 2564
2409 2573
2409 2578
2409 2579
2409 2586
2409 2590
2409 2591
2409 2593
2409 2600
2409 2601
2409 2602
2409 2604
2409 2607
2409 2615
2409 2623
2409 2624
2409 2625
2409 2630
2409 2638
2409 2646
2409 2654
2409 2655
2410 1912
2410 1917
2410 1918
2410 1925
2410 1929
2410 1938
2410 1941
2410 1943
2410 1946
2410 1962
2410 1963
2410 1966
2410 1971
2410 1979
2410 1983
2410 1984
2410 1985
2410 1986
2410 1989
2410 1993
2410 1997
2410 2005
2410 2020
2410 2021
2410 2030
2410 2033
2410 2037
2410 2040
2410 2043
2410 2044
2410 2045
2410 2046
2410 2055
2410 2056
2410 2059
2410 2063
2410 2064
2410 2069
2410 2073
2410 2074
2410 2077
2410 2078
2410 2083
2410 2084
2410 2086
2410 2088
2410 2090
2410 2093
2410 2095
2410 2098
2410 2103
2410 2104
2410 2108
2410 2109
2410 2112
2410 2118
2410 2121
2410 2122
2410 2123
2410 2124
2410 2131
2410 2139
2410 2140
2410 2142
2410 2150
2410 2154
2410 2165
2410 2172
2410 2184
2410 2188
2410 2190
2410 2200
2410 2201
2410 2206
2410 2210
2410 2212
2410 2213
2410 2216
2410 2218
2410 2220
2410 2229
2410 2233
2410 2234
2410 2237
2410 2240
2410 2244
2410 2253
2410 2257
2410 2258
2410 2261
2410 2266
2410 2271
2410 2275
2410 2276
2410 2278
2410 2287
2410 2290
2410 2299
2410 2300
2410 2306
2410 2307
2410 2308
2410 2309
2410 2311
2410 2323
2410 2324
2410 2326
2410 2329
2410 2331
2410 2334
2410 2339
2410 2340
2410 2347
2410 2348
2410 2350
2410 2352
2410 2354
2410 2356
2410 2359
2410 2363
2410 2369
2410 2370
2410 2374
2410 2376
2410 2381
2410 2386
2410 2387
2410 2392
2410 2395
2410 2404
2410 2407
2410 2408
2410 2409
2410 2414
2410 2423
2410 2428
2410 2430
2410 2433
2410 2446
2410 2449
2410 2460
2410 2462
2410 2464
2410 2467
2410 2468
2410 2469
2410 2476
2410 2477
2410 2478
2410 2482
2410 2484
2410 2485
2410 2489
2410 2492
2410 2495
2410 2499
2410 2500
2410 2507
2410 2512
2410 2520
2410 2521
2410 2526
2410 2532
2410 2536
2410 2539
2410 2542
2410 2543
2410 2549
2410 2550
2410 2551
2410 2552
2410 2553
2410 2554
2410 2556
2410 2559
2410 2560
2410 2561
2410 2563
2410 2564
2410 2573
2410 2574
2410 2575
2410 2576
2410 2578
2410 2579
2410 2586
2410 2590
2410 2591
2410 2593
2410 2600
2410 2601
2410 2602
2410 2604
2410 2606
2410 2607
2410 2611
2410 2615
2410 2619
2410 2623
2410 2624
2410 2625
2410 2630
2410 2631
2410 2638
2410 2646
2410 2654
2410 2655
2411 1912
2411 1930
2411 1960
2411 1975
2411 2047
2411 2049
2411 2091
2411 2107
2411 2146
2411 2158
2411 2173
2411 2193
2411 2228
2411 2231
2411 2236
2411 2238
2411 2277
2411 2286
2411 2313
2411 2317
2411 2322
2411 2335
2411 2342
2411 2358
2411 2373
2411 2397
2411 2412
2411 2474
2411 2488
2411 2497
2411 2523
2411 2580
2412 1912
2412 1915
2412 1922
2412 1937
2412 2008
2412 2023
2412 2082
2412 2107
2412 2114
2412 2119
2412 2120
2412 2126
2412 2129
2412 2156
2412 2160
2412 2173
2412 2181
2412 2260
2412 2317
2412 2322
2412 2341
2412 2373
2412 2405
2412 2411
2412 2424
2412 2455
2412 2570
2412 2577
2412 2587
2412 2628
2412 2656
2413 1577
2413 1912
2413 1913
2413 2102
2413 2116
2413 2203
2413 2247
2413 2250
2413 2312
2413 2355
2413 2384
2413 2389
2413 2400
2413 2459
2413 2529
2413 2531
2413 2616
2414 1912
2414 1917
2414 1925
2414 1929
2414 1938
2414 1943
2414 1946
2414 1953
2414 1962
2414 1966
2414 1971
2414 1979
2414 1983
2414 1984
2414 1985
2414 1986
2414 1989
2414 1993
2414 1997
2414 2005
2414 2007
2414 2020
2414 2026
2414 2030
2414 2037
2414 2043
2414 2045
2414 2046
2414 2055
2414 2056
2414 2059
2414 2063
2414 2064
2414 2069
2414 2073
2414 2074
2414 2077
2414 2078
2414 2083
2414 2086
2414 2088
2414 2090
2414 2093
2414 2095
2414 2103
2414 2104
2414 2108
2414 2109
2414 2112
2414 2115
2414 2118
2414 2121
2414 2122
2414 2123
2414 2124
2414 2131
2414 2139
2414 2140
2414 2142
2414 2150
2414 2154
2414 2165
2414 2172
2414 2179
2414 2184
2414 2188
2414 2200
2414 2201
2414 2206
2414 2210
2414 2212
2414 2216
2414 2218
2414 2220
2414 2229
2414 2237
2414 2240
2414 2244
2414 2253
2414 2257
2414 2261
2414 2266
2414 2271
2414 2275
2414 2276
2414 2278
2414 2290
2414 2299
2414 2300
2414 2306
2414 2307
2414 2308
2414 2309
2414 2323
2414 2324
2414 2326
2414 2329
2414 2331
2414 2339
2414 2340
2414 2347
2414 2348
2414 2352
2414 2353
2414 2354
2414 2356
2414 2359
2414 2363
2414 2369
2414 2370
2414 2374
2414 2376
2414 2381
2414 2386
2414 2395
2414 2404
2414 2407
2414 2408
2414 2409
2414 2410
2414 2418
2414 2423
2414 2428
2414 2430
2414 2433
2414 2446
2414 2460
2414 2462
2414 2464
2414 2467
2414 2468
2414 2469
2414 2476
2414 2477
2414 2478
2414 2482
2414 2484
2414 2485
2414 2489
2414 2492
2414 2495
2414 2500
2414 2504
2414 2506
2414 2507
2414 2520
2414 2521
2414 2526
2414 2539
2414 2542
2414 2543
2414 2546
2414 2549
2414 2550
2414 2552
2414 2553
2414 2556
2414 2559
2414 2560
2414 2561
2414 2563
2414 2564
2414 2573
2414 2574
2414 2575
2414 2578
2414 2586
2414 2590
2414 2593
2414 2600
2414 2601
2414 2602
2414 2604
2414 2606
2414 2607
2414 2611
2414 2615
2414 2623
2414 2624
2414 2625
2414 2630
2414 2638
2414 2655
2415 1912
2415 1939
2415 1947
2415 1970
2415 2003
2415 2054
2415 2062
2415 2072
2415 2075
2415 2081
2415 2101
2415 2110
2415 2111
2415 2132
2415 2161
2415 2221
2415 2222
2415 2235
2415 2243
2415 2274
2415 2294
2415 2318
2415 2327
2415 2328
2415 2333
2415 2344
2415 2377
2415 2384
2415 2390
2415 2396
2415 2432
2415 2434
2415 2438
2415 2479
2415 2501
2415 2509
2415 2511
2415 2537
2415 2603
2415 2617
2415 2652
2416 1912
2416 1923
2416 1944
2416 1952
2416 1964
2416 2031
2416 2032
2416 2038
2416 2047
2416 2117
2416 2133
2416 2141
2416 2145
2416 2155
2416 2176
2416 2205
2416 2209
2416 2211
2416 2226
2416 2270
2416 2272
2416 2289
2416 2296
2416 2310
2416 2318
2416 2325
2416 2362
2416 2419
2416 2425
2416 2480
2416 2525
2416 2557
2416 2603
2416 2610
2416 2637
2416 2641
2416 2642
2417 136
2417 1577
2417 1912
2417 1926
2417 1928
2417 1940
2417 1945
2417 1987
2417 1994
2417 1995
2417 2004
2417 2007
2417 2009
2417 2018
2417 2032
2417 2038
2417 2039
2417 2047
2417 2068
2417 2072
2417 2102
2417 2111
2417 2133
2417 2134
2417 2135
2417 2138
2417 2148
2417 2157
2417 2161
2417 2171
2417 2180
2417 2187
2417 2189
2417 2194
2417 2196
2417 2199
2417 2215
2417 2223
2417 2232
2417 2241
2417 2259
2417 2264
2417 2268
2417 2279
2417 2289
2417 2292
2417 2315
2417 2327
2417 2330
2417 2336
2417 2372
2417 2378
2417 2384
2417 2394
2417 2447
2417 2459
2417 2471
2417 2473
2417 2491
2417 2508
2417 2537
2417 2538
2417 2543
2417 2571
2417 2594
2417 2597
2417 2598
2417 2608
2417 2640
2417 2649
2418 1912
2418 1917
2418 1929
2418 1938
2418 1946
2418 1953
2418 1962
2418 1979
2418 1984
2418 1985
2418 1986
2418 2005
2418 2033
2418 2043
2418 2045
2418 2059
2418 2063
2418 2064
2418 2074
2418 2077
2418 2083
2418 2086
2418 2088
2418 2090
2418 2093
2418 2104
2418 2108
2418 2112
2418 2115
2418 2121
2418 2122
2418 2123
2418 2131
2418 2136
2418 2139
2418 2150
2418 2154
2418 2172
2418 2188
2418 2190
2418 2200
2418 2201
2418 2206
2418 2212
2418 2216
2418 2218
2418 2220
2418 2229
2418 2233
2418 2244
2418 2257
2418 2266
2418 2271
2418 2275
2418 2276
2418 2287
2418 2290
2418 2299
2418 2307
2418 2309
2418 2323
2418 2324
2418 2326
2418 2331
2418 2339
2418 2340
2418 2347
2418 2354
2418 2356
2418 2359
2418 2363
2418 2370
2418 2376
2418 2381
2418 2386
2418 2392
2418 2404
2418 2408
2418 2409
2418 2414
2418 2423
2418 2428
2418 2433
2418 2446
2418 2462
2418 2464
2418 2477
2418 2489
2418 2492
2418 2495
2418 2500
2418 2507
2418 2521
2418 2539
2418 2542
2418 2546
2418 2550
2418 2551
2418 2553
2418 2560
2418 2564
2418 2575
2418 2586
2418 2590
2418 2593
2418 2600
2418 2601
2418 2602
2418 2604
2418 2607
2418 2611
2418 2615
2418 2624
2418 2625
2418 2638
2418 2646
2418 2654
2419 1577
2419 1718
2419 1912
2419 1916
2419 1923
2419 1926
2419 1940
2419 1945
2419 1947
2419 1955
2419 1964
2419 1970
2419 1987
2419 2002
2419 2007
2419 2010
2419 2031
2419 2032
2419 2038
2419 2047
2419 2054
2419 2068
2419 2081
2419 2102
2419 2111
2419 2117
2419 2125
2419 2127
2419 2132
2419 2133
2419 2141
2419 2149
2419 2151
2419 2153
2419 2155
2419 2169
2419 2174
2419 2176
2419 2187
2419 2189
2419 2196
2419 2198
2419 2199
2419 2209
2419 2211
2419 2224
2419 2226
2419 2241
2419 2246
2419 2247
2419 2250
2419 2254
2419 2268
2419 2272
2419 2273
2419 2282
2419 2289
2419 2292
2419 2294
2419 2310
2419 2318
2419 2319
2419 2322
2419 2325
2419 2327
2419 2328
2419 2333
2419 2336
2419 2343
2419 2344
2419 2347
2419 2362
2419 2377
2419 2398
2419 2399
2419 2416
2419 2434
2419 2436
2419 2445
2419 2461
2419 2463
2419 2471
2419 2475
2419 2491
2419 2493
2419 2498
2419 2509
2419 2510
2419 2511
2419 2512
2419 2516
2419 2518
2419 2519
2419 2525
2419 2557
2419 2582
2419 2588
2419 2589
2419 2598
2419 2603
2419 2608
2419 2610
2419 2616
2419 2617
2419 2629
2419 2637
2419 2641
2419 2642
2419 2649
2420 1465
2420 1577
2420 1912
2420 1920
2420 1932
2420 1941
2420 1945
2420 1948
2420 1955
2420 1959
2420 1985
2420 1994
2420 2007
2420 2028
2420 2032
2420 2039
2420 2042
2420 2047
2420 2052
2420 2053
2420 2054
2420 2062
2420 2071
2420 2072
2420 2081
2420 2087
2420 2111
2420 2117
2420 2135
2420 2137
2420 2138
2420 2143
2420 2153
2420 2180
2420 2183
2420 2187
2420 2191
2420 2194
2420 2196
2420 2199
2420 2224
2420 2241
2420 2259
2420 2279
2420 2282
2420 2283
2420 2292
2420 2293
2420 2294
2420 2302
2420 2315
2420 2319
2420 2328
2420 2333
2420 2336
2420 2338
2420 2347
2420 2351
2420 2384
2420 2385
2420 2398
2420 2451
2420 2458
2420 2465
2420 2468
2420 2509
2420 2510
2420 2511
2420 2533
2420 2543
2420 2555
2420 2567
2420 2592
2420 2597
2420 2598
2420 2609
2420 2617
2420 2629
2420 2642
2420 2643
2420 2653
2421 1912
2421 2017
2421 2034
2421 2106
2421 2168
2421 2204
2421 2437
2421 2634
2422 1912
2422 2217
2422 2313
2422 2441
2422 2558
2423 1912
2423 1917
2423 1918
2423 1925
2423 1929
2423 1941
2423 1943
2423 1953
2423 1962
2423 1966
2423 1971
2423 1979
2423 1983
2423 1984
2423 1985
2423 1986
2423 1989
2423 1993
2423 1997
2423 2005
2423 2020
2423 2030
2423 2033
2423 2037
2423 2040
2423 2043
2423 2045
2423 2046
2423 2059
2423 2063
2423 2064
2423 2069
2423 2073
2423 2074
2423 2078
2423 2084
2423 2088
2423 2090
2423 2092
2423 2093
2423 2095
2423 2098
2423 2103
2423 2104
2423 2108
2423 2112
2423 2115
2423 2118
2423 2121
2423 2122
2423 2124
2423 2131
2423 2136
2423 2139
2423 2140
2423 2142
2423 2150
2423 2154
2423 2164
2423 2165
2423 2179
2423 2188
2423 2190
2423 2200
2423 2201
2423 2206
2423 2210
2423 2212
2423 2216
2423 2218
2423 2220
2423 2229
2423 2233
2423 2237
2423 2240
2423 2244
2423 2257
2423 2261
2423 2266
2423 2271
2423 2275
2423 2276
2423 2278
2423 2290
2423 2299
2423 2300
2423 2307
2423 2308
2423 2309
2423 2323
2423 2326
2423 2329
2423 2331
2423 2340
2423 2347
2423 2348
2423 2352
2423 2353
2423 2354
2423 2356
2423 2359
2423 2363
2423 2369
2423 2370
2423 2374
2423 2376
2423 2381
2423 2386
2423 2395
2423 2404
2423 2407
2423 2408
2423 2409
2423 2410
2423 2414
2423 2418
2423 2428
2423 2433
2423 2446
2423 2460
2423 2464
2423 2467
2423 2477
2423 2482
2423 2485
2423 2489
2423 2492
2423 2495
2423 2500
2423 2504
2423 2506
2423 2507
2423 2526
2423 2532
2423 2539
2423 2542
2423 2543
2423 2549
2423 2550
2423 2552
2423 2553
2423 2559
2423 2560
2423 2564
2423 2573
2423 2574
2423 2575
2423 2578
2423 2586
2423 2590
2423 2593
2423 2600
2423 2601
2423 2602
2423 2604
2423 2607
2423 2611
2423 2619
2423 2624
2423 2625
2423 2630
2423 2631
2423 2638
2423 2654
2423 2655
2424 1912
2424 1922
2424 2107
2424 2126
2424 2146
2424 2156
2424 2412
2424 2455
2424 2587
2424 2644
2424 2659
2425 1912
2425 1923
2425 1964
2425 2031
2425 2038
2425 2047
2425 2048
2425 2076
2425 2141
2425 2155
2425 2176
2425 2185
2425 2186
2425 2209
2425 2211
2425 2242
2425 2270
2425 2289
2425 2292
2425 2296
2425 2298
2425 2318
2425 2325
2425 2362
2425 2416
2425 2468
2425 2480
2425 2498
2425 2525
2425 2557
2425 2581
2425 2594
2425 2610
2425 2637
2425 2641
2425 2642
2426 1912
2426 1988
2426 1992
2426 2076
2426 2170
2426 2207
2426 2320
2426 2349
2426 2401
2426 2444
2426 2486
2426 2490
2426 2510
2426 2513
2426 2526
2426 2553
2426 2622
2426 2650
2427 1912
2427 1966
2427 1971
2427 1983
2427 1993
2427 2037
2427 2044
2427 2071
2427 2084
2427 2121
2427 2142
2427 2189
2427 2218
2427 2266
2427 2328
2427 2347
2427 2387
2427 2429
2427 2449
2427 2454
2427 2476
2427 2478
2427 2499
2427 2512
2427 2611
2428 1912
2428 1917
2428 1929
2428 1938
2428 1941
2428 1943
2428 1946
2428 1953
2428 1962
2428 1963
2428 1966
2428 1971
2428 1979
2428 1983
2428 1984
2428 1985
2428 1993
2428 1997
2428 2005
2428 2007
2428 2020
2428 2021
2428 2030
2428 2033
2428 2037
2428 2040
2428 2043
2428 2045
2428 2056
2428 2059
2428 2060
2428 2063
2428 2064
2428 2067
2428 2069
2428 2073
2428 2074
2428 2077
2428 2078
2428 2083
2428 2086
2428 2088
2428 2090
2428 2092
2428 2093
2428 2095
2428 2098
2428 2103
2428 2104
2428 2108
2428 2109
2428 2112
2428 2118
2428 2121
2428 2122
2428 2123
2428 2124
2428 2131
2428 2136
2428 2139
2428 2140
2428 2142
2428 2147
2428 2150
2428 2154
2428 2164
2428 2172
2428 2184
2428 2188
2428 2190
2428 2200
2428 2201
2428 2206
2428 2212
2428 2216
2428 2218
2428 2220
2428 2229
2428 2233
2428 2237
2428 2240
2428 2244
2428 2253
2428 2257
2428 2258
2428 2261
2428 2266
2428 2275
2428 2278
2428 2287
2428 2290
2428 2299
2428 2300
2428 2306
2428 2307
2428 2308
2428 2309
2428 2311
2428 2323
2428 2324
2428 2326
2428 2329
2428 2331
2428 2334
2428 2339
2428 2340
2428 2347
2428 2348
2428 2352
2428 2354
2428 2356
2428 2359
2428 2363
2428 2369
2428 2370
2428 2374
2428 2376
2428 2381
2428 2383
2428 2386
2428 2391
2428 2392
2428 2395
2428 2404
2428 2407
2428 2408
2428 2409
2428 2410
2428 2414
2428 2418
2428 2423
2428 2429
2428 2430
2428 2433
2428 2446
2428 2460
2428 2462
2428 2464
2428 2468
2428 2469
2428 2477
2428 2482
2428 2485
2428 2489
2428 2492
2428 2495
2428 2500
2428 2504
2428 2507
2428 2520
2428 2521
2428 2526
2428 2532
2428 2539
2428 2542
2428 2543
2428 2546
2428 2549
2428 2550
2428 2551
2428 2552
2428 2553
2428 2554
2428 2559
2428 2560
2428 2561
2428 2563
2428 2564
2428 2573
2428 2575
2428 2578
2428 2586
2428 2590
2428 2591
2428 2593
2428 2600
2428 2601
2428 2602
2428 2604
2428 2607
2428 2611
2428 2613
2428 2615
2428 2623
2428 2624
2428 2625
2428 2630
2428 2638
2428 2646
2428 2654
2428 2655
2429 1912
2429 1917
2429 1938
2429 1941
2429 1942
2429 1966
2429 1971
2429 1983
2429 1993
2429 2007
2429 2043
2429 2044
2429 2058
2429 2063
2429 2064
2429 2067
2429 2071
2429 2073
2429 2084
2429 2086
2429 2088
2429 2092
2429 2093
2429 2112
2429 2118
2429 2123
2429 2142
2429 2150
2429 2154
2429 2184
2429 2188
2429 2189
2429 2200
2429 2206
2429 2212
2429 2216
2429 2218
2429 2220
2429 2229
2429 2233
2429 2234
2429 2237
2429 2244
2429 2257
2429 2266
2429 2275
2429 2300
2429 2302
2429 2308
2429 2323
2429 2328
2429 2334
2429 2339
2429 2340
2429 2347
2429 2354
2429 2370
2429 2381
2429 2383
2429 2387
2429 2409
2429 2427
2429 2428
2429 2430
2429 2449
2429 2467
2429 2478
2429 2489
2429 2492
2429 2507
2429 2512
2429 2526
2429 2543
2429 2546
2429 2561
2429 2563
2429 2586
2429 2590
2429 2594
2429 2601
2429 2604
2429 2607
2429 2611
2429 2623
2429 2624
2429 2646
2430 1912
2430 1917
2430 1918
2430 1925
2430 1929
2430 1938
2430 1941
2430 1943
2430 1946
2430 1962
2430 1971
2430 1983
2430 1984
2430 1985
2430 1993
2430 1997
2430 2005
2430 2030
2430 2043
2430 2045
2430 2059
2430 2063
2430 2064
2430 2067
2430 2073
2430 2074
2430 2078
2430 2086
2430 2088
2430 2090
2430 2093
2430 2095
2430 2103
2430 2104
2430 2108
2430 2109
2430 2112
2430 2118
2430 2121
2430 2122
2430 2123
2430 2131
2430 2139
2430 2140
2430 2142
2430 2150
2430 2154
2430 2172
2430 2179
2430 2184
2430 2188
2430 2190
2430 2200
2430 2201
2430 2206
2430 2218
2430 2220
2430 2229
2430 2233
2430 2237
2430 2240
2430 2244
2430 2253
2430 2266
2430 2271
2430 2275
2430 2290
2430 2299
2430 2306
2430 2307
2430 2308
2430 2309
2430 2311
2430 2323
2430 2324
2430 2326
2430 2331
2430 2334
2430 2339
2430 2340
2430 2347
2430 2348
2430 2352
2430 2354
2430 2356
2430 2359
2430 2363
2430 2369
2430 2370
2430 2374
2430 2376
2430 2381
2430 2386
2430 2392
2430 2395
2430 2408
2430 2409
2430 2410
2430 2414
2430 2428
2430 2429
2430 2433
2430 2446
2430 2449
2430 2460
2430 2464
2430 2469
2430 2476
2430 2478
2430 2482
2430 2484
2430 2485
2430 2489
2430 2492
2430 2499
2430 2500
2430 2504
2430 2507
2430 2520
2430 2526
2430 2542
2430 2543
2430 2546
2430 2549
2430 2552
2430 2553
2430 2560
2430 2561
2430 2563
2430 2564
2430 2573
2430 2578
2430 2586
2430 2591
2430 2593
2430 2600
2430 2601
2430 2602
2430 2604
2430 2607
2430 2623
2430 2624
2430 2625
2430 2630
2430 2646
2430 2655
2431 1912
2431 2263
2431 2313
2431 2528
2431 2558
2432 1912
2432 1939
2432 1947
2432 2081
2432 2096
2432 2110
2432 2132
2432 2199
2432 2221
2432 2222
2432 2235
2432 2272
2432 2282
2432 2294
2432 2304
2432 2328
2432 2333
2432 2344
2432 2394
2432 2396
2432 2415
2432 2434
2432 2438
2432 2486
2432 2501
2432 2509
2432 2537
2432 2603
2433 1912
2433 1917
2433 1918
2433 1929
2433 1938
2433 1943
2433 1946
2433 1962
2433 1966
2433 1971
2433 1979
2433 1983
2433 1984
2433 1986
2433 1993
2433 2005
2433 2030
2433 2033
2433 2037
2433 2040
2433 2043
2433 2045
2433 2058
2433 2059
2433 2060
2433 2064
2433 2073
2433 2074
2433 2078
2433 2083
2433 2084
2433 2088
2433 2090
2433 2093
2433 2095
2433 2103
2433 2104
2433 2108
2433 2109
2433 2112
2433 2115
2433 2118
2433 2121
2433 2122
2433 2123
2433 2124
2433 2131
2433 2139
2433 2140
2433 2142
2433 2150
2433 2164
2433 2172
2433 2184
2433 2188
2433 2190
2433 2200
2433 2201
2433 2206
2433 2212
2433 2213
2433 2218
2433 2220
2433 2229
2433 2233
2433 2240
2433 2244
2433 2253
2433 2266
2433 2271
2433 2275
2433 2278
2433 2290
2433 2299
2433 2307
2433 2309
2433 2313
2433 2323
2433 2324
2433 2329
2433 2331
2433 2334
2433 2339
2433 2340
2433 2347
2433 2352
2433 2356
2433 2359
2433 2363
2433 2369
2433 2374
2433 2376
2433 2381
2433 2395
2433 2404
2433 2410
2433 2414
2433 2418
2433 2423
2433 2428
2433 2430
2433 2446
2433 2464
2433 2467
2433 2468
2433 2477
2433 2484
2433 2492
2433 2495
2433 2499
2433 2500
2433 2504
2433 2507
2433 2520
2433 2536
2433 2539
2433 2542
2433 2543
2433 2546
2433 2549
2433 2550
2433 2551
2433 2552
2433 2553
2433 2556
2433 2559
2433 2560
2433 2563
2433 2564
2433 2574
2433 2575
2433 2586
2433 2590
2433 2591
2433 2593
2433 2600
2433 2601
2433 2602
2433 2604
2433 2607
2433 2611
2433 2615
2433 2619
2433 2624
2433 2625
2433 2630
2433 2638
2434 1912
2434 1916
2434 1920
2434 1923
2434 1939
2434 1945
2434 1947
2434 1948
2434 1959
2434 1970
2434 1981
2434 2002
2434 2003
2434 2007
2434 2026
2434 2032
2434 2042
2434 2054
2434 2062
2434 2068
2434 2072
2434 2075
2434 2081
2434 2087
2434 2096
2434 2101
2434 2110
2434 2111
2434 2117
2434 2125
2434 2132
2434 2149
2434 2153
2434 2161
2434 2169
2434 2174
2434 2180
2434 2183
2434 2185
2434 2196
2434 2198
2434 2199
2434 2221
2434 2222
2434 2226
2434 2235
2434 2241
2434 2243
2434 2246
2434 2247
2434 2249
2434 2274
2434 2279
2434 2280
2434 2282
2434 2294
2434 2295
2434 2304
2434 2327
2434 2328
2434 2332
2434 2333
2434 2336
2434 2344
2434 2368
2434 2372
2434 2377
2434 2384
2434 2390
2434 2394
2434 2396
2434 2399
2434 2415
2434 2419
2434 2432
2434 2438
2434 2451
2434 2458
2434 2461
2434 2471
2434 2479
2434 2501
2434 2509
2434 2511
2434 2512
2434 2518
2434 2537
2434 2582
2434 2603
2434 2617
2434 2652
2435 1912
2435 1914
2435 1927
2435 1951
2435 1957
2435 1972
2435 1973
2435 1980
2435 1995
2435 2000
2435 2001
2435 2004
2435 2009
2435 2018
2435 2027
2435 2050
2435 2171
2435 2192
2435 2297
2435 2337
2435 2346
2435 2364
2435 2494
2435 2538
2435 2583
2435 2645
2435 2647
2436 136
2436 1577
2436 1718
2436 1912
2436 1940
2436 1941
2436 1945
2436 1947
2436 1948
2436 1955
2436 1959
2436 2007
2436 2026
2436 2032
2436 2038
2436 2042
2436 2047
2436 2053
2436 2068
2436 2071
2436 2072
2436 2081
2436 2087
2436 2101
2436 2102
2436 2111
2436 2117
2436 2127
2436 2128
2436 2133
2436 2135
2436 2138
2436 2143
2436 2144
2436 2149
2436 2151
2436 2169
2436 2174
2436 2180
2436 2183
2436 2187
2436 2189
2436 2191
2436 2223
2436 2224
2436 2239
2436 2241
2436 2250
2436 2254
2436 2268
2436 2279
2436 2283
2436 2289
2436 2292
2436 2302
2436 2319
2436 2327
2436 2330
2436 2336
2436 2338
2436 2343
2436 2344
2436 2347
2436 2351
2436 2377
2436 2384
2436 2398
2436 2419
2436 2445
2436 2451
2436 2458
2436 2463
2436 2471
2436 2475
2436 2491
2436 2498
2436 2502
2436 2508
2436 2510
2436 2511
2436 2533
2436 2543
2436 2544
2436 2567
2436 2588
2436 2589
2436 2597
2436 2598
2436 2616
2436 2617
2436 2629
2436 2635
2436 2649
2436 2653
2437 1912
2437 2034
2437 2106
2437 2204
2437 2421
2438 1912
2438 1920
2438 1939
2438 1947
2438 1952
2438 1959
2438 1970
2438 1981
2438 2003
2438 2029
2438 2053
2438 2054
2438 2062
2438 2072
2438 2075
2438 2081
2438 2096
2438 2101
2438 2110
2438 2111
2438 2128
2438 2132
2438 2155
2438 2161
2438 2194
2438 2199
2438 2221
2438 2222
2438 2229
2438 2235
2438 2243
2438 2246
2438 2274
2438 2280
2438 2282
2438 2283
2438 2294
2438 2304
2438 2327
2438 2328
2438 2332
2438 2333
2438 2344
2438 2377
2438 2384
2438 2390
2438 2394
2438 2396
2438 2399
2438 2415
2438 2432
2438 2434
2438 2451
2438 2458
2438 2479
2438 2480
2438 2501
2438 2509
2438 2511
2438 2518
2438 2537
2438 2543
2438 2568
2438 2592
2438 2603
2438 2617
2438 2643
2438 2652
2439 1912
2439 2113
2439 2217
2439 2313
2439 2375
2439 2450
2439 2528
2439 2548
2439 2558
2439 2621
2440 1912
2440 1934
2440 1960
2440 1964
2440 2023
2440 2035
2440 2049
2440 2082
2440 2089
2440 2091
2440 2107
2440 2126
2440 2129
2440 2133
2440 2181
2440 2197
2440 2228
2440 2231
2440 2236
2440 2286
2440 2289
2440 2313
2440 2317
2440 2322
2440 2335
2440 2361
2440 2371
2440 2448
2440 2488
2440 2497
2440 2577
2440 2618
2440 2628
2440 2644
2441 1912
2441 2313
2441 2422
2441 2558
2442 1912
2442 2037
2442 2499
2443 1912
2443 1942
2443 1982
2443 1984
2443 1988
2443 2019
2443 2069
2443 2088
2443 2142
2443 2147
2443 2229
2443 2259
2443 2266
2443 2313
2443 2345
2443 2387
2443 2478
2443 2490
2443 2527
2443 2542
2443 2584
2443 2622
2443 2635
2444 1912
2444 1988
2444 1992
2444 2076
2444 2170
2444 2207
2444 2320
2444 2349
2444 2401
2444 2426
2444 2486
2444 2490
2444 2513
2444 2515
2444 2622
2444 2650
2445 136
2445 1577
2445 1912
2445 1932
2445 1945
2445 1955
2445 1959
2445 1987
2445 2007
2445 2032
2445 2038
2445 2039
2445 2042
2445 2047
2445 2054
2445 2057
2445 2068
2445 2072
2445 2081
2445 2087
2445 2111
2445 2127
2445 2133
2445 2138
2445 2144
2445 2149
2445 2174
2445 2187
2445 2203
2445 2215
2445 2223
2445 2224
2445 2232
2445 2241
2445 2250
2445 2254
2445 2259
2445 2268
2445 2279
2445 2283
2445 2289
2445 2319
2445 2328
2445 2330
2445 2336
2445 2372
2445 2384
2445 2385
2445 2394
2445 2398
2445 2419
2445 2436
2445 2451
2445 2458
2445 2463
2445 2471
2445 2491
2445 2508
2445 2510
2445 2511
2445 2526
2445 2533
2445 2567
2445 2589
2445 2597
2445 2598
2445 2616
2445 2617
2445 2649
2445 2653
2446 1912
2446 1929
2446 1938
2446 1943
2446 1946
2446 1953
2446 1962
2446 1963
2446 1966
2446 1983
2446 1984
2446 1985
2446 1993
2446 2005
2446 2020
2446 2030
2446 2033
2446 2037
2446 2040
2446 2043
2446 2045
2446 2046
2446 2055
2446 2059
2446 2060
2446 2063
2446 2064
2446 2073
2446 2074
2446 2077
2446 2083
2446 2086
2446 2088
2446 2090
2446 2093
2446 2095
2446 2103
2446 2104
2446 2109
2446 2112
2446 2118
2446 2122
2446 2123
2446 2124
2446 2131
2446 2136
2446 2139
2446 2140
2446 2142
2446 2150
2446 2172
2446 2184
2446 2188
2446 2190
2446 2200
2446 2201
2446 2206
2446 2210
2446 2213
2446 2216
2446 2218
2446 2220
2446 2229
2446 2233
2446 2237
2446 2240
2446 2244
2446 2253
2446 2257
2446 2266
2446 2271
2446 2278
2446 2287
2446 2290
2446 2300
2446 2306
2446 2307
2446 2308
2446 2309
2446 2311
2446 2323
2446 2324
2446 2326
2446 2329
2446 2331
2446 2334
2446 2339
2446 2340
2446 2347
2446 2348
2446 2354
2446 2356
2446 2359
2446 2363
2446 2369
2446 2370
2446 2374
2446 2376
2446 2381
2446 2392
2446 2395
2446 2404
2446 2407
2446 2408
2446 2409
2446 2410
2446 2414
2446 2418
2446 2423
2446 2428
2446 2430
2446 2433
2446 2460
2446 2464
2446 2468
2446 2477
2446 2482
2446 2484
2446 2489
2446 2492
2446 2499
2446 2500
2446 2504
2446 2507
2446 2520
2446 2526
2446 2539
2446 2542
2446 2543
2446 2546
2446 2549
2446 2550
2446 2551
2446 2553
2446 2559
2446 2560
2446 2561
2446 2564
2446 2573
2446 2574
2446 2575
2446 2578
2446 2579
2446 2586
2446 2590
2446 2593
2446 2600
2446 2601
2446 2602
2446 2604
2446 2607
2446 2611
2446 2615
2446 2619
2446 2623
2446 2625
2446 2630
2446 2638
2446 2646
2446 2654
2446 2655
2447 136
2447 1912
2447 1921
2447 1927
2447 1928
2447 1951
2447 1968
2447 1972
2447 1976
2447 1995
2447 1998
2447 2001
2447 2004
2447 2006
2447 2009
2447 2011
2447 2016
2447 2018
2447 2022
2447 2024
2447 2027
2447 2050
2447 2097
2447 2116
2447 2157
2447 2171
2447 2192
2447 2202
2447 2268
2447 2284
2447 2297
2447 2337
2447 2364
2447 2365
2447 2378
2447 2417
2447 2459
2447 2538
2447 2585
2447 2620
2447 2636
2447 2639
2447 2640
2447 2645
2447 2647
2447 2648
2447 2657
2447 2658
2447 2660
2448 1912
2448 1960
2448 1964
2448 2035
2448 2049
2448 2082
2448 2089
2448 2091
2448 2120
2448 2126
2448 2129
2448 2130
2448 2217
2448 2228
2448 2231
2448 2236
2448 2289
2448 2313
2448 2317
2448 2342
2448 2361
2448 2371
2448 2380
2448 2397
2448 2402
2448 2440
2448 2488
2448 2540
2448 2562
2448 2614
2448 2618
2448 2628
2448 2644
2449 1912
2449 1938
2449 1942
2449 1966
2449 1985
2449 1986
2449 2007
2449 2019
2449 2044
2449 2067
2449 2084
2449 2092
2449 2103
2449 2131
2449 2142
2449 2165
2449 2184
2449 2189
2449 2234
2449 2240
2449 2253
2449 2266
2449 2300
2449 2303
2449 2334
2449 2339
2449 2345
2449 2387
2449 2393
2449 2410
2449 2427
2449 2429
2449 2430
2449 2454
2449 2476
2449 2478
2449 2499
2449 2512
2449 2526
2449 2561
2449 2594
2449 2602
2449 2611
2449 2623
2449 2631
2449 2655
