2450 1912
2450 2051
2450 2100
2450 2113
2450 2217
2450 2313
2450 2342
2450 2439
2450 2548
2450 2558
2450 2614
2450 2632
2451 136
2451 1577
2451 1718
2451 1912
2451 1926
2451 1939
2451 1941
2451 1945
2451 1947
2451 1955
2451 1959
2451 1981
2451 1985
2451 1994
2451 2007
2451 2026
2451 2032
2451 2038
2451 2053
2451 2054
2451 2062
2451 2068
2451 2071
2451 2072
2451 2075
2451 2081
2451 2087
2451 2101
2451 2102
2451 2111
2451 2125
2451 2127
2451 2132
2451 2133
2451 2134
2451 2138
2451 2143
2451 2144
2451 2153
2451 2161
2451 2169
2451 2174
2451 2177
2451 2180
2451 2183
2451 2187
2451 2189
2451 2191
2451 2199
2451 2223
2451 2224
2451 2235
2451 2241
2451 2243
2451 2254
2451 2259
2451 2268
2451 2279
2451 2280
2451 2282
2451 2283
2451 2289
2451 2292
2451 2294
2451 2315
2451 2319
2451 2327
2451 2328
2451 2330
2451 2333
2451 2336
2451 2344
2451 2347
2451 2377
2451 2384
2451 2390
2451 2394
2451 2396
2451 2398
2451 2420
2451 2434
2451 2436
2451 2438
2451 2445
2451 2458
2451 2463
2451 2471
2451 2479
2451 2491
2451 2508
2451 2509
2451 2510
2451 2511
2451 2512
2451 2522
2451 2533
2451 2537
2451 2543
2451 2589
2451 2592
2451 2594
2451 2597
2451 2598
2451 2603
2451 2608
2451 2617
2451 2649
2451 2652
2451 2653
2452 1912
2452 1923
2452 1944
2452 1970
2452 2029
2452 2182
2452 2242
2452 2325
2452 2498
2452 2637
2453 1912
2453 1964
2453 1974
2453 2003
2453 2036
2453 2047
2453 2176
2453 2214
2453 2255
2453 2291
2453 2345
2453 2406
2453 2505
2453 2651
2454 1912
2454 1966
2454 1983
2454 2044
2454 2058
2454 2084
2454 2142
2454 2266
2454 2387
2454 2427
2454 2449
2454 2478
2454 2542
2454 2545
2454 2611
2454 2631
2455 1912
2455 1915
2455 1922
2455 2008
2455 2126
2455 2146
2455 2156
2455 2160
2455 2197
2455 2232
2455 2238
2455 2341
2455 2361
2455 2412
2455 2424
2455 2587
2456 1912
2456 2041
2456 2313
2456 2317
2456 2341
2456 2342
2456 2382
2456 2541
2457 1912
2458 136
2458 1465
2458 1577
2458 1912
2458 1920
2458 1926
2458 1939
2458 1941
2458 1945
2458 1947
2458 1952
2458 1955
2458 1981
2458 2007
2458 2026
2458 2032
2458 2038
2458 2042
2458 2047
2458 2052
2458 2053
2458 2054
2458 2062
2458 2068
2458 2071
2458 2072
2458 2081
2458 2101
2458 2111
2458 2117
2458 2125
2458 2127
2458 2132
2458 2138
2458 2148
2458 2161
2458 2174
2458 2180
2458 2183
2458 2187
2458 2189
2458 2199
2458 2223
2458 2224
2458 2235
2458 2239
2458 2243
2458 2247
2458 2254
2458 2264
2458 2267
2458 2268
2458 2279
2458 2280
2458 2282
2458 2283
2458 2292
2458 2294
2458 2319
2458 2327
2458 2328
2458 2332
2458 2333
2458 2336
2458 2338
2458 2343
2458 2368
2458 2384
2458 2394
2458 2396
2458 2398
2458 2399
2458 2420
2458 2434
2458 2436
2458 2438
2458 2445
2458 2451
2458 2491
2458 2501
2458 2508
2458 2509
2458 2510
2458 2511
2458 2516
2458 2518
2458 2537
2458 2543
2458 2547
2458 2555
2458 2589
2458 2592
2458 2594
2458 2598
2458 2608
2458 2617
2458 2649
2458 2652
2458 2653
2459 136
2459 1912
2459 1919
2459 1921
2459 1927
2459 1928
2459 1951
2459 1968
2459 1972
2459 1973
2459 1976
2459 1991
2459 1995
2459 1998
2459 1999
2459 2009
2459 2011
2459 2013
2459 2018
2459 2022
2459 2024
2459 2027
2459 2102
2459 2116
2459 2157
2459 2171
2459 2192
2459 2202
2459 2268
2459 2284
2459 2355
2459 2364
2459 2378
2459 2389
2459 2396
2459 2413
2459 2417
2459 2447
2459 2529
2459 2531
2459 2538
2459 2583
2459 2620
2459 2640
2459 2645
2459 2658
2460 1912
2460 1917
2460 1918
2460 1938
2460 1941
2460 1943
2460 1946
2460 1953
2460 1962
2460 1963
2460 1971
2460 1979
2460 1983
2460 1984
2460 1985
2460 1989
2460 1993
2460 2005
2460 2020
2460 2030
2460 2033
2460 2037
2460 2040
2460 2043
2460 2045
2460 2046
2460 2059
2460 2060
2460 2064
2460 2069
2460 2073
2460 2074
2460 2077
2460 2078
2460 2084
2460 2088
2460 2090
2460 2093
2460 2098
2460 2103
2460 2104
2460 2108
2460 2109
2460 2115
2460 2118
2460 2121
2460 2122
2460 2123
2460 2124
2460 2131
2460 2139
2460 2142
2460 2150
2460 2154
2460 2165
2460 2172
2460 2184
2460 2188
2460 2190
2460 2200
2460 2201
2460 2206
2460 2212
2460 2216
2460 2218
2460 2220
2460 2229
2460 2233
2460 2237
2460 2240
2460 2244
2460 2253
2460 2266
2460 2271
2460 2275
2460 2276
2460 2278
2460 2290
2460 2300
2460 2306
2460 2307
2460 2308
2460 2309
2460 2311
2460 2323
2460 2324
2460 2326
2460 2329
2460 2331
2460 2334
2460 2339
2460 2340
2460 2347
2460 2348
2460 2352
2460 2354
2460 2356
2460 2359
2460 2363
2460 2369
2460 2370
2460 2374
2460 2376
2460 2381
2460 2387
2460 2392
2460 2395
2460 2404
2460 2409
2460 2410
2460 2414
2460 2423
2460 2428
2460 2430
2460 2446
2460 2462
2460 2464
2460 2467
2460 2468
2460 2477
2460 2478
2460 2482
2460 2485
2460 2492
2460 2495
2460 2499
2460 2500
2460 2504
2460 2506
2460 2507
2460 2520
2460 2521
2460 2526
2460 2532
2460 2542
2460 2546
2460 2550
2460 2551
2460 2552
2460 2553
2460 2556
2460 2559
2460 2560
2460 2564
2460 2573
2460 2574
2460 2575
2460 2576
2460 2578
2460 2579
2460 2586
2460 2590
2460 2593
2460 2600
2460 2601
2460 2602
2460 2604
2460 2607
2460 2611
2460 2615
2460 2619
2460 2623
2460 2624
2460 2625
2460 2630
2460 2631
2460 2638
2460 2654
2460 2655
2461 136
2461 1577
2461 1718
2461 1912
2461 1916
2461 1920
2461 1926
2461 1932
2461 1940
2461 1941
2461 1945
2461 1947
2461 1948
2461 1954
2461 1955
2461 1970
2461 2002
2461 2007
2461 2010
2461 2026
2461 2028
2461 2032
2461 2039
2461 2047
2461 2052
2461 2053
2461 2054
2461 2068
2461 2071
2461 2072
2461 2081
2461 2087
2461 2099
2461 2101
2461 2102
2461 2111
2461 2117
2461 2125
2461 2132
2461 2133
2461 2138
2461 2143
2461 2148
2461 2149
2461 2151
2461 2153
2461 2169
2461 2174
2461 2176
2461 2180
2461 2183
2461 2187
2461 2194
2461 2196
2461 2198
2461 2199
2461 2203
2461 2224
2461 2226
2461 2235
2461 2246
2461 2247
2461 2250
2461 2264
2461 2267
2461 2273
2461 2279
2461 2282
2461 2283
2461 2285
2461 2289
2461 2292
2461 2293
2461 2294
2461 2302
2461 2304
2461 2310
2461 2319
2461 2327
2461 2328
2461 2333
2461 2336
2461 2338
2461 2343
2461 2344
2461 2345
2461 2351
2461 2355
2461 2367
2461 2368
2461 2372
2461 2377
2461 2384
2461 2394
2461 2398
2461 2399
2461 2419
2461 2434
2461 2463
2461 2471
2461 2475
2461 2491
2461 2498
2461 2508
2461 2509
2461 2510
2461 2511
2461 2512
2461 2537
2461 2543
2461 2555
2461 2567
2461 2582
2461 2588
2461 2594
2461 2597
2461 2598
2461 2608
2461 2616
2461 2617
2461 2629
2461 2642
2461 2643
2461 2649
2462 1912
2462 1917
2462 1929
2462 1938
2462 1941
2462 1943
2462 1946
2462 1953
2462 1962
2462 1963
2462 1966
2462 1971
2462 1979
2462 1984
2462 1985
2462 1993
2462 2020
2462 2030
2462 2037
2462 2045
2462 2060
2462 2065
2462 2069
2462 2073
2462 2078
2462 2081
2462 2090
2462 2095
2462 2098
2462 2109
2462 2115
2462 2118
2462 2123
2462 2131
2462 2132
2462 2142
2462 2164
2462 2165
2462 2172
2462 2200
2462 2206
2462 2208
2462 2212
2462 2220
2462 2229
2462 2237
2462 2240
2462 2244
2462 2257
2462 2266
2462 2275
2462 2276
2462 2278
2462 2299
2462 2302
2462 2308
2462 2309
2462 2311
2462 2323
2462 2324
2462 2329
2462 2331
2462 2347
2462 2354
2462 2359
2462 2369
2462 2376
2462 2381
2462 2395
2462 2408
2462 2410
2462 2414
2462 2418
2462 2428
2462 2460
2462 2464
2462 2467
2462 2482
2462 2506
2462 2521
2462 2526
2462 2543
2462 2550
2462 2551
2462 2561
2462 2573
2462 2581
2462 2586
2462 2600
2462 2601
2462 2602
2462 2604
2462 2611
2462 2615
2462 2630
2462 2646
2463 136
2463 1577
2463 1718
2463 1912
2463 1916
2463 1920
2463 1926
2463 1932
2463 1940
2463 1945
2463 1947
2463 1948
2463 1954
2463 1955
2463 2002
2463 2007
2463 2010
2463 2028
2463 2032
2463 2038
2463 2039
2463 2042
2463 2052
2463 2053
2463 2054
2463 2068
2463 2071
2463 2072
2463 2081
2463 2087
2463 2102
2463 2111
2463 2117
2463 2125
2463 2127
2463 2128
2463 2133
2463 2134
2463 2135
2463 2138
2463 2143
2463 2144
2463 2148
2463 2149
2463 2151
2463 2153
2463 2169
2463 2174
2463 2176
2463 2187
2463 2189
2463 2194
2463 2196
2463 2198
2463 2199
2463 2203
2463 2223
2463 2224
2463 2241
2463 2246
2463 2247
2463 2250
2463 2254
2463 2264
2463 2267
2463 2268
2463 2273
2463 2279
2463 2282
2463 2283
2463 2289
2463 2292
2463 2294
2463 2302
2463 2319
2463 2325
2463 2327
2463 2328
2463 2330
2463 2332
2463 2333
2463 2336
2463 2343
2463 2344
2463 2347
2463 2351
2463 2368
2463 2372
2463 2377
2463 2384
2463 2398
2463 2399
2463 2419
2463 2436
2463 2445
2463 2451
2463 2461
2463 2471
2463 2475
2463 2491
2463 2498
2463 2508
2463 2509
2463 2510
2463 2511
2463 2512
2463 2516
2463 2525
2463 2529
2463 2533
2463 2543
2463 2544
2463 2547
2463 2567
2463 2582
2463 2588
2463 2589
2463 2592
2463 2598
2463 2616
2463 2617
2463 2629
2463 2642
2463 2643
2463 2649
2463 2653
2464 1912
2464 1917
2464 1918
2464 1925
2464 1929
2464 1938
2464 1941
2464 1943
2464 1946
2464 1953
2464 1962
2464 1963
2464 1966
2464 1971
2464 1979
2464 1983
2464 1984
2464 1985
2464 1986
2464 1989
2464 1993
2464 1997
2464 2005
2464 2020
2464 2021
2464 2030
2464 2033
2464 2037
2464 2040
2464 2043
2464 2045
2464 2046
2464 2056
2464 2059
2464 2060
2464 2063
2464 2064
2464 2069
2464 2073
2464 2074
2464 2077
2464 2078
2464 2083
2464 2086
2464 2088
2464 2090
2464 2093
2464 2095
2464 2098
2464 2103
2464 2104
2464 2108
2464 2109
2464 2112
2464 2115
2464 2118
2464 2121
2464 2122
2464 2123
2464 2124
2464 2131
2464 2136
2464 2139
2464 2140
2464 2142
2464 2150
2464 2154
2464 2164
2464 2165
2464 2172
2464 2179
2464 2184
2464 2188
2464 2190
2464 2200
2464 2201
2464 2206
2464 2210
2464 2212
2464 2213
2464 2216
2464 2218
2464 2220
2464 2229
2464 2233
2464 2237
2464 2240
2464 2244
2464 2253
2464 2257
2464 2261
2464 2266
2464 2271
2464 2275
2464 2276
2464 2278
2464 2287
2464 2290
2464 2299
2464 2300
2464 2307
2464 2308
2464 2309
2464 2323
2464 2324
2464 2326
2464 2329
2464 2331
2464 2334
2464 2339
2464 2340
2464 2347
2464 2348
2464 2352
2464 2353
2464 2354
2464 2356
2464 2359
2464 2363
2464 2369
2464 2370
2464 2374
2464 2376
2464 2381
2464 2386
2464 2392
2464 2395
2464 2407
2464 2408
2464 2409
2464 2410
2464 2414
2464 2418
2464 2423
2464 2428
2464 2430
2464 2433
2464 2446
2464 2460
2464 2462
2464 2467
2464 2468
2464 2469
2464 2482
2464 2484
2464 2485
2464 2489
2464 2492
2464 2495
2464 2499
2464 2500
2464 2504
2464 2506
2464 2507
2464 2520
2464 2521
2464 2526
2464 2532
2464 2536
2464 2539
2464 2542
2464 2543
2464 2546
2464 2549
2464 2550
2464 2551
2464 2552
2464 2553
2464 2554
2464 2556
2464 2559
2464 2560
2464 2561
2464 2563
2464 2564
2464 2573
2464 2574
2464 2575
2464 2578
2464 2579
2464 2586
2464 2590
2464 2591
2464 2593
2464 2600
2464 2601
2464 2602
2464 2604
2464 2606
2464 2607
2464 2611
2464 2615
2464 2619
2464 2623
2464 2624
2464 2625
2464 2630
2464 2631
2464 2638
2464 2646
2464 2654
2464 2655
2465 1577
2465 1912
2465 1920
2465 1932
2465 1941
2465 1945
2465 1948
2465 1959
2465 2028
2465 2032
2465 2039
2465 2047
2465 2054
2465 2071
2465 2081
2465 2087
2465 2111
2465 2117
2465 2134
2465 2138
2465 2144
2465 2148
2465 2153
2465 2180
2465 2183
2465 2187
2465 2191
2465 2194
2465 2196
2465 2199
2465 2224
2465 2241
2465 2264
2465 2282
2465 2283
2465 2292
2465 2302
2465 2315
2465 2332
2465 2333
2465 2338
2465 2351
2465 2384
2465 2396
2465 2420
2465 2471
2465 2472
2465 2510
2465 2533
2465 2543
2465 2555
2465 2567
2465 2588
2465 2592
2465 2598
2465 2599
2465 2609
2465 2629
2465 2643
2465 2653
2466 1912
2466 1988
2466 1992
2466 2076
2466 2170
2466 2207
2466 2255
2466 2349
2466 2399
2466 2401
2466 2650
2467 1912
2467 1917
2467 1918
2467 1929
2467 1938
2467 1943
2467 1946
2467 1962
2467 1966
2467 1979
2467 1983
2467 1984
2467 1993
2467 1997
2467 2020
2467 2030
2467 2033
2467 2040
2467 2043
2467 2058
2467 2059
2467 2063
2467 2064
2467 2069
2467 2073
2467 2078
2467 2083
2467 2084
2467 2086
2467 2088
2467 2090
2467 2093
2467 2095
2467 2103
2467 2104
2467 2108
2467 2118
2467 2121
2467 2123
2467 2124
2467 2131
2467 2136
2467 2139
2467 2140
2467 2142
2467 2150
2467 2154
2467 2172
2467 2190
2467 2200
2467 2201
2467 2206
2467 2213
2467 2216
2467 2218
2467 2229
2467 2237
2467 2240
2467 2244
2467 2253
2467 2266
2467 2271
2467 2275
2467 2276
2467 2299
2467 2307
2467 2308
2467 2309
2467 2323
2467 2324
2467 2326
2467 2329
2467 2331
2467 2334
2467 2339
2467 2340
2467 2347
2467 2348
2467 2353
2467 2356
2467 2359
2467 2363
2467 2370
2467 2374
2467 2381
2467 2386
2467 2395
2467 2404
2467 2409
2467 2410
2467 2414
2467 2423
2467 2429
2467 2433
2467 2460
2467 2462
2467 2464
2467 2468
2467 2469
2467 2482
2467 2484
2467 2492
2467 2507
2467 2520
2467 2521
2467 2526
2467 2543
2467 2546
2467 2549
2467 2552
2467 2554
2467 2556
2467 2559
2467 2560
2467 2561
2467 2564
2467 2573
2467 2574
2467 2586
2467 2590
2467 2600
2467 2601
2467 2602
2467 2604
2467 2607
2467 2611
2467 2615
2467 2625
2467 2630
2467 2654
2468 1577
2468 1912
2468 1917
2468 1920
2468 1929
2468 1938
2468 1941
2468 1946
2468 1953
2468 1955
2468 1962
2468 1963
2468 1966
2468 1971
2468 1983
2468 1984
2468 1985
2468 1986
2468 1989
2468 1993
2468 1997
2468 2005
2468 2007
2468 2020
2468 2026
2468 2030
2468 2037
2468 2040
2468 2045
2468 2046
2468 2047
2468 2056
2468 2059
2468 2069
2468 2072
2468 2073
2468 2074
2468 2078
2468 2081
2468 2084
2468 2086
2468 2088
2468 2090
2468 2095
2468 2098
2468 2103
2468 2108
2468 2109
2468 2112
2468 2115
2468 2118
2468 2121
2468 2124
2468 2131
2468 2137
2468 2139
2468 2140
2468 2142
2468 2150
2468 2151
2468 2153
2468 2154
2468 2164
2468 2165
2468 2172
2468 2183
2468 2184
2468 2199
2468 2201
2468 2206
2468 2212
2468 2213
2468 2218
2468 2220
2468 2229
2468 2233
2468 2240
2468 2244
2468 2253
2468 2258
2468 2259
2468 2261
2468 2266
2468 2271
2468 2278
2468 2279
2468 2283
2468 2288
2468 2290
2468 2292
2468 2293
2468 2300
2468 2302
2468 2309
2468 2326
2468 2327
2468 2329
2468 2331
2468 2334
2468 2338
2468 2339
2468 2340
2468 2344
2468 2345
2468 2347
2468 2348
2468 2352
2468 2354
2468 2356
2468 2369
2468 2374
2468 2376
2468 2390
2468 2392
2468 2395
2468 2398
2468 2404
2468 2408
2468 2409
2468 2410
2468 2414
2468 2420
2468 2425
2468 2428
2468 2433
2468 2446
2468 2460
2468 2464
2468 2467
2468 2469
2468 2482
2468 2484
2468 2485
2468 2489
2468 2492
2468 2500
2468 2506
2468 2507
2468 2510
2468 2511
2468 2520
2468 2521
2468 2526
2468 2533
2468 2542
2468 2543
2468 2549
2468 2550
2468 2551
2468 2552
2468 2553
2468 2555
2468 2559
2468 2560
2468 2561
2468 2563
2468 2564
2468 2572
2468 2573
2468 2575
2468 2578
2468 2586
2468 2594
2468 2597
2468 2600
2468 2601
2468 2602
2468 2604
2468 2606
2468 2611
2468 2615
2468 2619
2468 2624
2468 2625
2468 2630
2468 2631
2468 2646
2469 1912
2469 1917
2469 1918
2469 1938
2469 1943
2469 1946
2469 1962
2469 1966
2469 1971
2469 1979
2469 1983
2469 1984
2469 1985
2469 1986
2469 1993
2469 2020
2469 2030
2469 2033
2469 2040
2469 2043
2469 2045
2469 2055
2469 2059
2469 2060
2469 2064
2469 2069
2469 2073
2469 2078
2469 2083
2469 2084
2469 2086
2469 2088
2469 2090
2469 2103
2469 2104
2469 2108
2469 2115
2469 2118
2469 2121
2469 2123
2469 2124
2469 2131
2469 2139
2469 2142
2469 2150
2469 2154
2469 2172
2469 2184
2469 2188
2469 2190
2469 2200
2469 2201
2469 2206
2469 2210
2469 2212
2469 2218
2469 2220
2469 2229
2469 2233
2469 2240
2469 2244
2469 2253
2469 2257
2469 2266
2469 2271
2469 2275
2469 2276
2469 2290
2469 2300
2469 2307
2469 2308
2469 2309
2469 2323
2469 2324
2469 2331
2469 2334
2469 2339
2469 2340
2469 2347
2469 2348
2469 2352
2469 2353
2469 2354
2469 2356
2469 2359
2469 2363
2469 2369
2469 2376
2469 2381
2469 2404
2469 2409
2469 2410
2469 2414
2469 2428
2469 2430
2469 2464
2469 2467
2469 2468
2469 2478
2469 2482
2469 2492
2469 2495
2469 2500
2469 2507
2469 2520
2469 2526
2469 2542
2469 2543
2469 2549
2469 2550
2469 2551
2469 2553
2469 2556
2469 2560
2469 2561
2469 2564
2469 2575
2469 2586
2469 2590
2469 2593
2469 2600
2469 2601
2469 2602
2469 2604
2469 2606
2469 2607
2469 2611
2469 2615
2469 2619
2469 2623
2469 2624
2469 2630
2469 2638
2469 2654
2469 2655
2470 1912
2471 136
2471 1577
2471 1718
2471 1912
2471 1916
2471 1920
2471 1926
2471 1932
2471 1939
2471 1940
2471 1945
2471 1947
2471 1948
2471 1954
2471 1959
2471 1970
2471 2002
2471 2007
2471 2010
2471 2028
2471 2032
2471 2038
2471 2039
2471 2047
2471 2052
2471 2068
2471 2071
2471 2072
2471 2081
2471 2087
2471 2102
2471 2111
2471 2117
2471 2125
2471 2127
2471 2132
2471 2133
2471 2134
2471 2138
2471 2143
2471 2144
2471 2149
2471 2151
2471 2153
2471 2161
2471 2169
2471 2174
2471 2176
2471 2183
2471 2187
2471 2189
2471 2191
2471 2194
2471 2196
2471 2198
2471 2199
2471 2203
2471 2223
2471 2224
2471 2232
2471 2241
2471 2246
2471 2247
2471 2250
2471 2254
2471 2259
2471 2268
2471 2273
2471 2279
2471 2282
2471 2283
2471 2289
2471 2292
2471 2294
2471 2302
2471 2304
2471 2319
2471 2327
2471 2328
2471 2333
2471 2334
2471 2336
2471 2343
2471 2344
2471 2347
2471 2351
2471 2368
2471 2372
2471 2377
2471 2384
2471 2394
2471 2398
2471 2399
2471 2417
2471 2419
2471 2434
2471 2436
2471 2445
2471 2451
2471 2461
2471 2463
2471 2465
2471 2473
2471 2475
2471 2491
2471 2498
2471 2508
2471 2509
2471 2510
2471 2511
2471 2512
2471 2516
2471 2518
2471 2519
2471 2533
2471 2537
2471 2543
2471 2555
2471 2567
2471 2582
2471 2588
2471 2589
2471 2592
2471 2594
2471 2598
2471 2608
2471 2616
2471 2617
2471 2629
2471 2642
2471 2643
2471 2649
2472 136
2472 1577
2472 1912
2472 1920
2472 1921
2472 1926
2472 1940
2472 1941
2472 1945
2472 1948
2472 1954
2472 1968
2472 1972
2472 1976
2472 2000
2472 2001
2472 2007
2472 2009
2472 2011
2472 2018
2472 2022
2472 2028
2472 2032
2472 2047
2472 2053
2472 2068
2472 2071
2472 2081
2472 2087
2472 2111
2472 2117
2472 2135
2472 2138
2472 2143
2472 2144
2472 2148
2472 2153
2472 2169
2472 2180
2472 2183
2472 2187
2472 2189
2472 2191
2472 2192
2472 2194
2472 2196
2472 2199
2472 2225
2472 2264
2472 2267
2472 2279
2472 2282
2472 2283
2472 2285
2472 2292
2472 2302
2472 2315
2472 2333
2472 2336
2472 2347
2472 2351
2472 2384
2472 2465
2472 2533
2472 2543
2472 2555
2472 2567
2472 2571
2472 2592
2472 2597
2472 2598
2472 2599
2472 2609
2472 2629
2472 2639
2472 2642
2472 2653
2473 1912
2473 1926
2473 1945
2473 2007
2473 2031
2473 2032
2473 2038
2473 2047
2473 2068
2473 2085
2473 2111
2473 2127
2473 2145
2473 2161
2473 2186
2473 2194
2473 2205
2473 2211
2473 2232
2473 2250
2473 2259
2473 2264
2473 2267
2473 2289
2473 2292
2473 2296
2473 2322
2473 2325
2473 2327
2473 2332
2473 2384
2473 2394
2473 2396
2473 2406
2473 2417
2473 2471
2473 2491
2473 2508
2473 2537
2473 2543
2473 2547
2473 2566
2473 2589
2473 2594
2473 2597
2473 2598
2473 2608
2473 2612
2473 2649
2474 1912
2474 1960
2474 1965
2474 1975
2474 1978
2474 2023
2474 2047
2474 2049
2474 2119
2474 2133
2474 2158
2474 2231
2474 2277
2474 2289
2474 2314
2474 2317
2474 2335
2474 2397
2474 2411
2474 2497
2474 2523
2474 2570
2474 2577
2474 2580
2474 2628
2474 2644
2475 136
2475 1577
2475 1718
2475 1912
2475 1916
2475 1920
2475 1923
2475 1926
2475 1932
2475 1939
2475 1940
2475 1941
2475 1945
2475 1947
2475 1948
2475 1954
2475 2002
2475 2007
2475 2010
2475 2026
2475 2028
2475 2032
2475 2039
2475 2047
2475 2052
2475 2054
2475 2068
2475 2081
2475 2087
2475 2102
2475 2111
2475 2117
2475 2125
2475 2128
2475 2132
2475 2133
2475 2135
2475 2143
2475 2149
2475 2151
2475 2153
2475 2155
2475 2161
2475 2169
2475 2174
2475 2176
2475 2183
2475 2187
2475 2191
2475 2194
2475 2196
2475 2199
2475 2203
2475 2224
2475 2226
2475 2241
2475 2246
2475 2247
2475 2250
2475 2254
2475 2259
2475 2267
2475 2273
2475 2282
2475 2289
2475 2294
2475 2302
2475 2304
2475 2319
2475 2325
2475 2328
2475 2332
2475 2333
2475 2338
2475 2343
2475 2344
2475 2347
2475 2351
2475 2377
2475 2399
2475 2419
2475 2436
2475 2461
2475 2463
2475 2471
2475 2498
2475 2508
2475 2509
2475 2512
2475 2516
2475 2555
2475 2582
2475 2588
2475 2598
2475 2629
2475 2642
2475 2649
2476 1912
2476 1938
2476 1942
2476 1966
2476 1983
2476 2019
2476 2037
2476 2044
2476 2056
2476 2067
2476 2069
2476 2103
2476 2131
2476 2142
2476 2147
2476 2184
2476 2189
2476 2229
2476 2234
2476 2240
2476 2266
2476 2300
2476 2303
2476 2309
2476 2392
2476 2410
2476 2414
2476 2427
2476 2430
2476 2449
2476 2482
2476 2507
2476 2561
2476 2576
2476 2584
2476 2611
2477 1912
2477 1917
2477 1943
2477 1946
2477 1953
2477 1962
2477 1979
2477 1983
2477 1985
2477 1986
2477 1993
2477 2005
2477 2030
2477 2037
2477 2045
2477 2055
2477 2056
2477 2059
2477 2064
2477 2074
2477 2083
2477 2090
2477 2095
2477 2103
2477 2104
2477 2109
2477 2112
2477 2115
2477 2118
2477 2121
2477 2122
2477 2123
2477 2124
2477 2131
2477 2136
2477 2139
2477 2140
2477 2154
2477 2179
2477 2188
2477 2200
2477 2201
2477 2206
2477 2216
2477 2218
2477 2220
2477 2233
2477 2240
2477 2244
2477 2253
2477 2257
2477 2258
2477 2266
2477 2271
2477 2275
2477 2278
2477 2299
2477 2309
2477 2323
2477 2326
2477 2329
2477 2334
2477 2339
2477 2340
2477 2352
2477 2354
2477 2356
2477 2359
2477 2363
2477 2369
2477 2374
2477 2376
2477 2386
2477 2395
2477 2404
2477 2408
2477 2409
2477 2410
2477 2414
2477 2418
2477 2423
2477 2428
2477 2433
2477 2446
2477 2460
2477 2485
2477 2495
2477 2500
2477 2504
2477 2507
2477 2520
2477 2521
2477 2526
2477 2546
2477 2549
2477 2551
2477 2553
2477 2559
2477 2560
2477 2561
2477 2564
2477 2575
2477 2578
2477 2590
2477 2593
2477 2601
2477 2604
2477 2607
2477 2619
2477 2624
2477 2625
2477 2638
2477 2646
2478 1912
2478 1917
2478 1938
2478 1941
2478 1942
2478 1943
2478 1966
2478 1983
2478 2019
2478 2037
2478 2044
2478 2056
2478 2058
2478 2059
2478 2067
2478 2069
2478 2073
2478 2078
2478 2083
2478 2086
2478 2090
2478 2092
2478 2103
2478 2112
2478 2118
2478 2123
2478 2124
2478 2131
2478 2142
2478 2147
2478 2150
2478 2154
2478 2172
2478 2184
2478 2188
2478 2189
2478 2200
2478 2201
2478 2206
2478 2207
2478 2229
2478 2234
2478 2240
2478 2257
2478 2258
2478 2266
2478 2288
2478 2300
2478 2303
2478 2308
2478 2309
2478 2334
2478 2340
2478 2348
2478 2354
2478 2383
2478 2387
2478 2391
2478 2392
2478 2393
2478 2409
2478 2410
2478 2414
2478 2427
2478 2429
2478 2430
2478 2443
2478 2449
2478 2454
2478 2460
2478 2469
2478 2482
2478 2501
2478 2507
2478 2512
2478 2526
2478 2543
2478 2550
2478 2551
2478 2556
2478 2560
2478 2561
2478 2564
2478 2576
2478 2584
2478 2586
2478 2601
2478 2602
2478 2611
2478 2619
2478 2623
2478 2624
2478 2646
2479 1912
2479 1939
2479 1947
2479 1959
2479 1970
2479 1981
2479 2003
2479 2053
2479 2054
2479 2062
2479 2072
2479 2075
2479 2081
2479 2101
2479 2110
2479 2111
2479 2128
2479 2132
2479 2161
2479 2199
2479 2221
2479 2222
2479 2235
2479 2243
2479 2274
2479 2279
2479 2282
2479 2327
2479 2328
2479 2333
2479 2344
2479 2377
2479 2384
2479 2390
2479 2394
2479 2396
2479 2415
2479 2434
2479 2438
2479 2451
2479 2501
2479 2511
2479 2537
2479 2603
2479 2617
2479 2652
2480 1912
2480 1923
2480 1944
2480 2029
2480 2031
2480 2096
2480 2117
2480 2133
2480 2176
2480 2182
2480 2209
2480 2239
2480 2242
2480 2247
2480 2272
2480 2298
2480 2318
2480 2325
2480 2362
2480 2416
2480 2425
2480 2438
2480 2518
2480 2540
2480 2610
2480 2637
2480 2642
2481 1912
2481 1956
2481 2535
2482 1912
2482 1917
2482 1918
2482 1929
2482 1938
2482 1941
2482 1943
2482 1946
2482 1953
2482 1962
2482 1971
2482 1979
2482 1983
2482 1984
2482 1985
2482 1986
2482 1993
2482 2005
2482 2020
2482 2030
2482 2033
2482 2037
2482 2040
2482 2043
2482 2045
2482 2046
2482 2056
2482 2058
2482 2059
2482 2063
2482 2064
2482 2069
2482 2073
2482 2074
2482 2077
2482 2078
2482 2084
2482 2086
2482 2088
2482 2090
2482 2093
2482 2103
2482 2104
2482 2108
2482 2112
2482 2118
2482 2121
2482 2123
2482 2124
2482 2131
2482 2139
2482 2142
2482 2150
2482 2154
2482 2172
2482 2184
2482 2188
2482 2190
2482 2201
2482 2206
2482 2212
2482 2216
2482 2218
2482 2220
2482 2229
2482 2233
2482 2237
2482 2240
2482 2244
2482 2253
2482 2266
2482 2271
2482 2275
2482 2278
2482 2290
2482 2300
2482 2306
2482 2307
2482 2308
2482 2309
2482 2324
2482 2326
2482 2331
2482 2334
2482 2339
2482 2340
2482 2347
2482 2348
2482 2352
2482 2354
2482 2356
2482 2359
2482 2363
2482 2369
2482 2370
2482 2374
2482 2376
2482 2381
2482 2383
2482 2386
2482 2392
2482 2395
2482 2408
2482 2409
2482 2410
2482 2414
2482 2423
2482 2428
2482 2430
2482 2446
2482 2460
2482 2462
2482 2464
2482 2467
2482 2468
2482 2469
2482 2476
2482 2478
2482 2484
2482 2489
2482 2492
2482 2500
2482 2504
2482 2507
2482 2520
2482 2521
2482 2526
2482 2536
2482 2539
2482 2542
2482 2543
2482 2549
2482 2550
2482 2551
2482 2559
2482 2560
2482 2561
2482 2564
2482 2573
2482 2578
2482 2586
2482 2590
2482 2593
2482 2600
2482 2601
2482 2602
2482 2604
2482 2607
2482 2611
2482 2613
2482 2619
2482 2623
2482 2624
2482 2625
2482 2630
2482 2631
2482 2638
2482 2646
2482 2654
2482 2655
2483 1912
2483 2527
2483 2595
2484 1912
2484 1917
2484 1918
2484 1929
2484 1938
2484 1943
2484 1946
2484 1962
2484 1966
2484 1971
2484 1979
2484 1983
2484 1984
2484 1985
2484 1986
2484 1993
2484 1997
2484 2021
2484 2030
2484 2033
2484 2037
2484 2043
2484 2059
2484 2073
2484 2077
2484 2078
2484 2084
2484 2088
2484 2090
2484 2093
2484 2095
2484 2103
2484 2104
2484 2108
2484 2109
2484 2112
2484 2118
2484 2123
2484 2124
2484 2131
2484 2139
2484 2140
2484 2142
2484 2154
2484 2164
2484 2165
2484 2172
2484 2179
2484 2190
2484 2201
2484 2206
2484 2213
2484 2218
2484 2220
2484 2229
2484 2233
2484 2240
2484 2244
2484 2253
2484 2261
2484 2266
2484 2275
2484 2276
2484 2290
2484 2299
2484 2308
2484 2309
2484 2323
2484 2324
2484 2326
2484 2331
2484 2340
2484 2347
2484 2352
2484 2354
2484 2359
2484 2363
2484 2370
2484 2374
2484 2376
2484 2381
2484 2386
2484 2410
2484 2414
2484 2430
2484 2433
2484 2446
2484 2464
2484 2467
2484 2468
2484 2482
2484 2485
2484 2492
2484 2495
2484 2526
2484 2532
2484 2536
2484 2539
2484 2542
2484 2546
2484 2549
2484 2551
2484 2552
2484 2553
2484 2554
2484 2560
2484 2564
2484 2574
2484 2575
2484 2578
2484 2586
2484 2590
2484 2591
2484 2593
2484 2602
2484 2604
2484 2607
2484 2611
2484 2613
2484 2615
2484 2619
2484 2624
2484 2625
2484 2630
2484 2654
2484 2655
2485 1912
2485 1917
2485 1918
2485 1925
2485 1929
2485 1943
2485 1946
2485 1953
2485 1962
2485 1963
2485 1971
2485 1985
2485 1986
2485 1993
2485 1997
2485 2020
2485 2021
2485 2030
2485 2037
2485 2040
2485 2043
2485 2056
2485 2059
2485 2063
2485 2064
2485 2069
2485 2073
2485 2074
2485 2078
2485 2086
2485 2088
2485 2093
2485 2095
2485 2104
2485 2109
2485 2112
2485 2115
2485 2122
2485 2123
2485 2131
2485 2139
2485 2140
2485 2142
2485 2154
2485 2165
2485 2172
2485 2179
2485 2188
2485 2190
2485 2200
2485 2201
2485 2206
2485 2218
2485 2220
2485 2229
2485 2233
2485 2237
2485 2240
2485 2244
2485 2253
2485 2257
2485 2261
2485 2266
2485 2271
2485 2276
2485 2278
2485 2287
2485 2290
2485 2300
2485 2309
2485 2311
2485 2323
2485 2324
2485 2326
2485 2331
2485 2334
2485 2339
2485 2340
2485 2347
2485 2352
2485 2354
2485 2359
2485 2363
2485 2369
2485 2374
2485 2376
2485 2381
2485 2386
2485 2395
2485 2408
2485 2409
2485 2410
2485 2414
2485 2423
2485 2428
2485 2430
2485 2460
2485 2464
2485 2468
2485 2477
2485 2484
2485 2492
2485 2495
2485 2500
2485 2504
2485 2507
2485 2521
2485 2539
2485 2542
2485 2543
2485 2549
2485 2551
2485 2553
2485 2560
2485 2563
2485 2564
2485 2573
2485 2578
2485 2586
2485 2590
2485 2591
2485 2593
2485 2600
2485 2601
2485 2602
2485 2604
2485 2607
2485 2611
2485 2615
2485 2623
2485 2624
2485 2625
2485 2630
2485 2638
2485 2646
2485 2654
2485 2655
2486 1912
2486 1988
2486 1992
2486 2076
2486 2170
2486 2207
2486 2255
2486 2320
2486 2349
2486 2401
2486 2426
2486 2432
2486 2444
2486 2490
2486 2513
2486 2515
2486 2622
2486 2650
2487 1912
2487 1956
2487 1961
2487 2094
2487 2167
2487 2245
2487 2281
2487 2301
2487 2535
2488 1912
2488 1933
2488 1960
2488 1964
2488 1975
2488 2023
2488 2035
2488 2049
2488 2070
2488 2082
2488 2089
2488 2091
2488 2107
2488 2119
2488 2126
2488 2129
2488 2146
2488 2158
2488 2228
2488 2231
2488 2236
2488 2277
2488 2286
2488 2313
2488 2317
2488 2335
2488 2342
2488 2360
2488 2361
2488 2371
2488 2397
2488 2402
2488 2411
2488 2440
2488 2448
2488 2523
2488 2570
2488 2628
2488 2644
2489 1912
2489 1938
2489 1941
2489 1943
2489 1946
2489 1953
2489 1971
2489 1979
2489 1983
2489 1985
2489 1993
2489 2005
2489 2007
2489 2030
2489 2033
2489 2037
2489 2040
2489 2043
2489 2045
2489 2059
2489 2063
2489 2064
2489 2067
2489 2073
2489 2074
2489 2078
2489 2086
2489 2093
2489 2103
2489 2104
2489 2118
2489 2121
2489 2122
2489 2123
2489 2124
2489 2131
2489 2136
2489 2139
2489 2150
2489 2154
2489 2172
2489 2184
2489 2188
2489 2200
2489 2201
2489 2206
2489 2218
2489 2220
2489 2233
2489 2237
2489 2240
2489 2244
2489 2253
2489 2257
2489 2266
2489 2275
2489 2306
2489 2308
2489 2311
2489 2324
2489 2326
2489 2334
2489 2339
2489 2340
2489 2347
2489 2354
2489 2356
2489 2359
2489 2363
2489 2369
2489 2370
2489 2381
2489 2407
2489 2408
2489 2409
2489 2410
2489 2414
2489 2418
2489 2423
2489 2428
2489 2429
2489 2430
2489 2446
2489 2464
2489 2468
2489 2482
2489 2492
2489 2507
2489 2521
2489 2539
2489 2542
2489 2543
2489 2560
2489 2563
2489 2564
2489 2586
2489 2593
2489 2600
2489 2601
2489 2602
2489 2604
2489 2607
2489 2623
2489 2624
2489 2625
2489 2638
2489 2646
2489 2654
2490 1912
2490 1988
2490 2170
2490 2259
2490 2320
2490 2349
2490 2398
2490 2426
2490 2443
2490 2444
2490 2486
2490 2513
2490 2515
2490 2622
2490 2650
2491 136
2491 1465
2491 1577
2491 1718
2491 1912
2491 1923
2491 1926
2491 1940
2491 1941
2491 1945
2491 1947
2491 1948
2491 1954
2491 1955
2491 2003
2491 2007
2491 2032
2491 2038
2491 2042
2491 2047
2491 2052
2491 2053
2491 2054
2491 2057
2491 2068
2491 2071
2491 2072
2491 2081
2491 2087
2491 2102
2491 2111
2491 2117
2491 2127
2491 2128
2491 2132
2491 2133
2491 2137
2491 2138
2491 2143
2491 2144
2491 2149
2491 2153
2491 2155
2491 2161
2491 2169
2491 2174
2491 2180
2491 2183
2491 2187
2491 2189
2491 2194
2491 2196
2491 2199
2491 2203
2491 2223
2491 2224
2491 2232
2491 2235
2491 2246
2491 2247
2491 2249
2491 2250
2491 2254
2491 2259
2491 2268
2491 2279
2491 2280
2491 2282
2491 2283
2491 2289
2491 2292
2491 2294
2491 2302
2491 2315
2491 2319
2491 2327
2491 2328
2491 2330
2491 2333
2491 2336
2491 2343
2491 2345
2491 2347
2491 2351
2491 2372
2491 2384
2491 2394
2491 2396
2491 2398
2491 2417
2491 2419
2491 2436
2491 2445
2491 2451
2491 2458
2491 2461
2491 2463
2491 2471
2491 2473
2491 2508
2491 2509
2491 2510
2491 2511
2491 2536
2491 2537
2491 2543
2491 2555
2491 2588
2491 2589
2491 2592
2491 2594
2491 2597
2491 2598
2491 2608
2491 2616
2491 2617
2491 2629
2491 2635
2491 2643
2491 2649
2491 2653
2492 1912
2492 1917
2492 1918
2492 1925
2492 1929
2492 1938
2492 1941
2492 1943
2492 1946
2492 1953
2492 1962
2492 1966
2492 1971
2492 1979
2492 1983
2492 1984
2492 1985
2492 1986
2492 1993
2492 1997
2492 2020
2492 2030
2492 2037
2492 2043
2492 2046
2492 2058
2492 2059
2492 2060
2492 2063
2492 2064
2492 2069
2492 2073
2492 2074
2492 2077
2492 2078
2492 2083
2492 2086
2492 2088
2492 2090
2492 2092
2492 2093
2492 2095
2492 2098
2492 2103
2492 2104
2492 2108
2492 2109
2492 2112
2492 2115
2492 2118
2492 2121
2492 2122
2492 2123
2492 2124
2492 2131
2492 2139
2492 2140
2492 2142
2492 2150
2492 2154
2492 2164
2492 2165
2492 2172
2492 2184
2492 2188
2492 2190
2492 2200
2492 2201
2492 2206
2492 2210
2492 2212
2492 2213
2492 2216
2492 2218
2492 2220
2492 2229
2492 2233
2492 2237
2492 2240
2492 2244
2492 2253
2492 2257
2492 2261
2492 2266
2492 2271
2492 2275
2492 2276
2492 2278
2492 2290
2492 2299
2492 2307
2492 2308
2492 2309
2492 2324
2492 2326
2492 2329
2492 2331
2492 2334
2492 2340
2492 2347
2492 2348
2492 2353
2492 2354
2492 2356
2492 2359
2492 2363
2492 2369
2492 2370
2492 2374
2492 2376
2492 2381
2492 2386
2492 2392
2492 2395
2492 2404
2492 2408
2492 2409
2492 2410
2492 2414
2492 2418
2492 2423
2492 2428
2492 2429
2492 2430
2492 2433
2492 2446
2492 2460
2492 2464
2492 2467
2492 2468
2492 2469
2492 2482
2492 2484
2492 2485
2492 2489
2492 2495
2492 2500
2492 2506
2492 2507
2492 2520
2492 2521
2492 2526
2492 2532
2492 2539
2492 2543
2492 2546
2492 2549
2492 2550
2492 2552
2492 2553
2492 2554
2492 2556
2492 2559
2492 2560
2492 2561
2492 2564
2492 2573
2492 2574
2492 2578
2492 2586
2492 2590
2492 2593
2492 2600
2492 2601
2492 2602
2492 2604
2492 2607
2492 2611
2492 2615
2492 2619
2492 2623
2492 2624
2492 2625
2492 2630
2492 2638
2492 2646
2492 2654
2492 2655
2493 1912
2493 1923
2493 1970
2493 2226
2493 2419
2493 2641
2494 136
2494 1912
2494 1914
2494 1919
2494 1935
2494 1951
2494 1958
2494 1972
2494 1973
2494 1991
2494 1995
2494 1998
2494 2000
2494 2001
2494 2004
2494 2006
2494 2011
2494 2012
2494 2016
2494 2018
2494 2024
2494 2050
2494 2171
2494 2225
2494 2284
2494 2297
2494 2337
2494 2364
2494 2378
2494 2435
2494 2538
2494 2583
2494 2626
2494 2639
2494 2645
2494 2647
2494 2648
2494 2658
2494 2660
2495 1912
2495 1917
2495 1918
2495 1925
2495 1938
2495 1941
2495 1943
2495 1962
2495 1963
2495 1979
2495 1983
2495 1985
2495 1986
2495 1993
2495 1997
2495 2005
2495 2020
2495 2030
2495 2033
2495 2043
2495 2046
2495 2059
2495 2060
2495 2064
2495 2073
2495 2074
2495 2077
2495 2078
2495 2083
2495 2084
2495 2086
2495 2088
2495 2090
2495 2093
2495 2095
2495 2104
2495 2108
2495 2109
2495 2112
2495 2115
2495 2118
2495 2122
2495 2123
2495 2131
2495 2139
2495 2140
2495 2142
2495 2150
2495 2164
2495 2165
2495 2172
2495 2179
2495 2188
2495 2190
2495 2200
2495 2201
2495 2206
2495 2210
2495 2212
2495 2218
2495 2220
2495 2229
2495 2233
2495 2237
2495 2240
2495 2244
2495 2261
2495 2271
2495 2275
2495 2276
2495 2278
2495 2287
2495 2290
2495 2299
2495 2309
2495 2323
2495 2324
2495 2326
2495 2329
2495 2331
2495 2340
2495 2348
2495 2352
2495 2353
2495 2363
2495 2369
2495 2370
2495 2374
2495 2381
2495 2386
2495 2391
2495 2392
2495 2395
2495 2404
2495 2409
2495 2410
2495 2414
2495 2418
2495 2423
2495 2428
2495 2433
2495 2460
2495 2464
2495 2469
2495 2477
2495 2484
2495 2485
2495 2492
2495 2500
2495 2507
2495 2520
2495 2532
2495 2539
2495 2542
2495 2543
2495 2546
2495 2550
2495 2551
2495 2552
2495 2553
2495 2554
2495 2559
2495 2563
2495 2564
2495 2574
2495 2579
2495 2586
2495 2590
2495 2591
2495 2593
2495 2600
2495 2601
2495 2602
2495 2604
2495 2607
2495 2611
2495 2619
2495 2623
2495 2624
2495 2625
2495 2630
2495 2631
2495 2638
2495 2654
2495 2655
2496 1465
2496 1912
2496 2053
2496 2081
2496 2111
2496 2117
2496 2134
2496 2135
2496 2138
2496 2153
2496 2180
2496 2187
2496 2196
2496 2247
2496 2279
2496 2293
2496 2319
2496 2338
2496 2398
2496 2543
2496 2567
2496 2629
2497 1912
2497 1933
2497 1936
2497 1978
2497 1990
2497 2047
2497 2049
2497 2107
2497 2173
2497 2181
2497 2193
2497 2231
2497 2248
2497 2277
2497 2286
2497 2314
2497 2335
2497 2397
2497 2403
2497 2411
2497 2440
2497 2474
2497 2503
2497 2534
2497 2644
2498 136
2498 1577
2498 1718
2498 1912
2498 1916
2498 1923
2498 1926
2498 1940
2498 1945
2498 1947
2498 1954
2498 1959
2498 1964
2498 1994
2498 2002
2498 2007
2498 2010
2498 2026
2498 2032
2498 2038
2498 2039
2498 2047
2498 2048
2498 2052
2498 2054
2498 2068
2498 2071
2498 2087
2498 2102
2498 2111
2498 2125
2498 2127
2498 2133
2498 2143
2498 2149
2498 2151
2498 2153
2498 2155
2498 2169
2498 2174
2498 2176
2498 2180
2498 2187
2498 2191
2498 2196
2498 2199
2498 2203
2498 2209
2498 2223
2498 2224
2498 2226
2498 2241
2498 2242
2498 2246
2498 2247
2498 2250
2498 2254
2498 2264
2498 2268
2498 2273
2498 2289
2498 2292
2498 2294
2498 2296
2498 2319
2498 2325
2498 2328
2498 2333
2498 2336
2498 2343
2498 2344
2498 2351
2498 2368
2498 2377
2498 2384
2498 2419
2498 2425
2498 2436
2498 2452
2498 2461
2498 2463
2498 2471
2498 2475
2498 2509
2498 2512
2498 2567
2498 2581
2498 2582
2498 2588
2498 2592
2498 2598
2498 2610
2498 2616
2498 2649
2499 1912
2499 1917
2499 1942
2499 1946
2499 1966
2499 1971
2499 1983
2499 1984
2499 1985
2499 1986
2499 1989
2499 1993
2499 1997
2499 2019
2499 2020
2499 2030
2499 2044
2499 2055
2499 2056
2499 2069
2499 2073
2499 2074
2499 2078
2499 2084
2499 2090
2499 2095
2499 2098
2499 2109
2499 2112
2499 2121
2499 2123
2499 2131
2499 2139
2499 2140
2499 2142
2499 2150
2499 2165
2499 2172
2499 2201
2499 2218
2499 2229
2499 2233
2499 2234
2499 2244
2499 2261
2499 2266
2499 2276
2499 2278
2499 2299
2499 2300
2499 2309
2499 2324
2499 2326
2499 2331
2499 2347
2499 2353
2499 2354
2499 2369
2499 2374
2499 2393
2499 2395
2499 2404
2499 2410
2499 2427
2499 2430
2499 2433
2499 2442
2499 2446
2499 2449
2499 2460
2499 2464
2499 2500
2499 2506
2499 2520
2499 2521
2499 2524
2499 2526
2499 2536
2499 2549
2499 2550
2499 2553
2499 2559
2499 2560
2499 2561
2499 2574
2499 2575
2499 2578
2499 2591
2499 2607
2499 2611
2499 2623
2499 2631
2499 2655
