250 0
250 59
250 170
250 252
250 322
251 0
251 21
251 36
251 108
251 122
251 127
251 135
251 139
251 184
251 197
251 281
251 284
251 309
251 320
252 0
252 9
252 13
252 21
252 25
252 26
252 29
252 31
252 55
252 56
252 59
252 65
252 66
252 67
252 72
252 79
252 82
252 98
252 103
252 104
252 109
252 113
252 118
252 119
252 122
252 123
252 128
252 134
252 142
252 161
252 169
252 170
252 172
252 186
252 188
252 199
252 200
252 212
252 223
252 236
252 238
252 239
252 248
252 250
252 261
252 265
252 271
252 272
252 277
252 280
252 285
252 291
252 297
252 304
252 308
252 313
252 315
252 322
252 324
252 325
252 332
252 334
252 338
252 342
252 345
253 0
253 182
253 230
254 0
254 53
254 92
254 94
254 101
254 180
254 187
254 194
254 196
254 204
254 242
254 249
254 266
254 299
254 302
254 330
254 346
255 0
255 49
256 0
256 233
257 0
257 25
257 26
257 39
257 40
257 105
257 130
257 141
257 169
257 236
257 258
257 272
257 280
257 295
257 304
257 315
257 322
257 344
258 0
258 9
258 40
258 75
258 85
258 98
258 141
258 156
258 161
258 188
258 257
258 272
258 291
258 295
258 323
259 0
259 8
259 91
259 110
259 193
259 201
259 245
259 264
260 0
260 53
260 126
260 160
260 170
260 206
260 322
260 339
261 0
261 13
261 16
261 55
261 56
261 59
261 62
261 63
261 65
261 67
261 82
261 98
261 113
261 118
261 119
261 122
261 123
261 148
261 172
261 199
261 203
261 211
261 223
261 224
261 238
261 239
261 252
261 265
261 268
261 271
261 285
261 297
261 313
261 314
261 318
261 325
261 342
261 345
262 0
262 115
262 220
262 312
263 0
263 68
263 99
263 102
263 175
263 227
263 296
264 0
264 8
264 91
264 110
264 259
265 0
265 13
265 26
265 40
265 56
265 67
265 84
265 98
265 118
265 128
265 172
265 199
265 203
265 211
265 223
265 238
265 239
265 248
265 252
265 261
265 271
265 298
265 311
265 313
265 325
265 331
265 342
266 0
266 24
266 53
266 80
266 92
266 94
266 101
266 180
266 187
266 194
266 196
266 204
266 242
266 249
266 254
266 302
266 330
266 346
267 0
267 23
268 0
268 59
268 82
268 118
268 170
268 172
268 203
268 211
268 261
268 271
268 325
269 0
269 58
269 81
269 100
269 119
269 329
270 0
270 25
270 76
270 203
271 0
271 9
271 13
271 21
271 25
271 26
271 30
271 40
271 48
271 56
271 59
271 63
271 67
271 72
271 79
271 82
271 85
271 98
271 103
271 104
271 109
271 113
271 118
271 119
271 122
271 128
271 133
271 141
271 142
271 148
271 161
271 169
271 170
271 172
271 176
271 185
271 186
271 188
271 199
271 200
271 203
271 211
271 212
271 223
271 224
271 232
271 236
271 238
271 239
271 252
271 261
271 265
271 268
271 272
271 276
271 277
271 280
271 285
271 290
271 291
271 297
271 298
271 304
271 313
271 314
271 315
271 318
271 322
271 323
271 325
271 331
271 332
271 342
272 0
272 9
272 21
272 25
272 40
272 56
272 67
272 72
272 75
272 79
272 85
272 98
272 105
272 108
272 122
272 127
272 141
272 148
272 156
272 159
272 178
272 184
272 185
272 186
272 188
272 197
272 203
272 211
272 213
272 236
272 239
272 252
272 257
272 258
272 271
272 277
272 280
272 281
272 285
272 291
272 297
272 304
272 320
272 329
272 346
273 0
273 4
273 78
273 181
273 195
273 218
273 275
273 306
273 328
274 0
274 3
274 21
274 40
274 75
274 85
274 96
274 122
274 170
274 185
274 188
274 200
274 323
274 341
275 0
275 4
275 78
275 152
275 181
275 195
275 218
275 273
275 306
275 328
276 0
276 9
276 25
276 26
276 56
276 62
276 84
276 98
276 122
276 133
276 141
276 200
276 224
276 232
276 236
276 239
276 271
276 322
277 0
277 9
277 10
277 13
277 21
277 22
277 25
277 26
277 31
277 39
277 40
277 50
277 55
277 56
277 57
277 67
277 98
277 104
277 105
277 109
277 113
277 118
277 119
277 120
277 122
277 130
277 132
277 134
277 142
277 159
277 161
277 168
277 169
277 170
277 172
277 175
277 186
277 188
277 200
277 203
277 204
277 208
277 213
277 239
277 248
277 252
277 271
277 272
277 280
277 285
277 290
277 291
277 294
277 304
277 308
277 311
277 315
277 322
277 323
277 324
277 325
277 332
277 334
277 339
277 342
278 0
278 46
278 86
278 99
278 131
278 143
278 175
278 177
278 225
278 227
279 0
279 111
280 0
280 1
280 3
280 9
280 21
280 25
280 26
280 31
280 39
280 40
280 67
280 98
280 105
280 117
280 119
280 121
280 122
280 133
280 141
280 142
280 153
280 169
280 185
280 188
280 200
280 231
280 232
280 236
280 239
280 252
280 257
280 271
280 272
280 277
280 290
280 291
280 297
280 304
280 315
280 322
280 323
280 329
280 332
281 0
281 21
281 36
281 108
281 122
281 127
281 135
281 139
281 159
281 184
281 197
281 251
281 272
281 284
281 309
281 320
282 0
282 244
283 0
283 3
283 25
283 118
283 228
284 0
284 21
284 36
284 108
284 122
284 127
284 135
284 139
284 159
284 184
284 197
284 251
284 281
284 309
284 320
284 329
285 0
285 9
285 10
285 25
285 26
285 56
285 60
285 67
285 98
285 103
285 109
285 113
285 117
285 119
285 122
285 136
285 142
285 146
285 164
285 170
285 185
285 186
285 188
285 196
285 200
285 203
285 208
285 211
285 213
285 221
285 232
285 239
285 246
285 252
285 261
285 271
285 272
285 277
285 303
285 304
285 313
285 315
285 322
285 323
285 332
285 342
285 345
286 0
286 81
287 0
288 0
288 25
288 199
288 315
289 0
289 19
289 137
289 214
290 0
290 25
290 56
290 67
290 170
290 176
290 185
290 188
290 271
290 277
290 280
290 322
290 323
290 342
291 0
291 7
291 9
291 10
291 25
291 26
291 31
291 56
291 60
291 72
291 87
291 98
291 113
291 129
291 141
291 158
291 168
291 169
291 188
291 199
291 208
291 213
291 224
291 231
291 232
291 248
291 252
291 258
291 271
291 272
291 277
291 280
291 315
291 329
291 332
291 339
292 0
293 0
293 19
293 174
294 0
294 77
294 277
295 0
295 9
295 26
295 104
295 109
295 156
295 212
295 239
295 257
295 258
296 0
296 68
296 99
296 102
296 175
296 227
296 263
297 0
297 9
297 21
297 25
297 26
297 56
297 65
297 67
297 109
297 119
297 122
297 142
297 185
297 188
297 200
297 203
297 236
297 252
297 261
297 271
297 272
297 280
297 322
297 323
297 324
298 0
298 26
298 40
298 56
298 72
298 172
298 199
298 212
298 232
298 265
298 271
299 0
299 1
299 24
299 48
299 53
299 73
299 80
299 92
299 94
299 101
299 180
299 187
299 194
299 242
299 249
299 254
299 300
299 302
299 330
299 346
