2500 1912
2500 1917
2500 1918
2500 1925
2500 1929
2500 1938
2500 1943
2500 1946
2500 1962
2500 1963
2500 1966
2500 1971
2500 1979
2500 1984
2500 1985
2500 1989
2500 1993
2500 1997
2500 2005
2500 2020
2500 2030
2500 2033
2500 2037
2500 2043
2500 2045
2500 2046
2500 2059
2500 2060
2500 2063
2500 2064
2500 2069
2500 2073
2500 2074
2500 2077
2500 2078
2500 2083
2500 2084
2500 2086
2500 2088
2500 2090
2500 2093
2500 2095
2500 2098
2500 2103
2500 2104
2500 2108
2500 2109
2500 2112
2500 2115
2500 2118
2500 2121
2500 2122
2500 2123
2500 2124
2500 2131
2500 2136
2500 2139
2500 2140
2500 2142
2500 2150
2500 2154
2500 2165
2500 2172
2500 2184
2500 2188
2500 2200
2500 2201
2500 2206
2500 2212
2500 2216
2500 2218
2500 2220
2500 2229
2500 2233
2500 2237
2500 2240
2500 2244
2500 2253
2500 2257
2500 2261
2500 2266
2500 2271
2500 2275
2500 2276
2500 2278
2500 2287
2500 2290
2500 2299
2500 2306
2500 2307
2500 2308
2500 2309
2500 2311
2500 2323
2500 2324
2500 2326
2500 2329
2500 2331
2500 2334
2500 2339
2500 2340
2500 2347
2500 2352
2500 2353
2500 2354
2500 2356
2500 2359
2500 2363
2500 2369
2500 2374
2500 2376
2500 2381
2500 2386
2500 2392
2500 2395
2500 2404
2500 2407
2500 2408
2500 2409
2500 2410
2500 2414
2500 2418
2500 2423
2500 2428
2500 2430
2500 2433
2500 2446
2500 2460
2500 2464
2500 2468
2500 2469
2500 2477
2500 2482
2500 2485
2500 2492
2500 2495
2500 2499
2500 2504
2500 2506
2500 2507
2500 2520
2500 2521
2500 2526
2500 2532
2500 2536
2500 2539
2500 2542
2500 2546
2500 2549
2500 2552
2500 2553
2500 2554
2500 2559
2500 2560
2500 2561
2500 2563
2500 2564
2500 2573
2500 2574
2500 2578
2500 2586
2500 2590
2500 2591
2500 2593
2500 2600
2500 2601
2500 2602
2500 2604
2500 2606
2500 2607
2500 2611
2500 2615
2500 2623
2500 2624
2500 2625
2500 2630
2500 2631
2500 2638
2500 2646
2500 2654
2500 2655
2501 1465
2501 1912
2501 1939
2501 1947
2501 1959
2501 1970
2501 1981
2501 1989
2501 2003
2501 2029
2501 2040
2501 2053
2501 2054
2501 2060
2501 2062
2501 2069
2501 2072
2501 2075
2501 2081
2501 2096
2501 2101
2501 2110
2501 2111
2501 2125
2501 2132
2501 2142
2501 2155
2501 2161
2501 2199
2501 2215
2501 2221
2501 2222
2501 2223
2501 2224
2501 2226
2501 2229
2501 2235
2501 2242
2501 2243
2501 2266
2501 2280
2501 2282
2501 2283
2501 2294
2501 2304
2501 2328
2501 2331
2501 2333
2501 2336
2501 2344
2501 2368
2501 2384
2501 2390
2501 2394
2501 2396
2501 2398
2501 2415
2501 2432
2501 2434
2501 2438
2501 2458
2501 2478
2501 2479
2501 2509
2501 2511
2501 2524
2501 2537
2501 2542
2501 2543
2501 2560
2501 2568
2501 2598
2501 2603
2501 2617
2501 2649
2501 2652
2502 136
2502 1577
2502 1912
2502 1913
2502 1920
2502 1940
2502 2028
2502 2042
2502 2111
2502 2125
2502 2128
2502 2135
2502 2137
2502 2145
2502 2163
2502 2169
2502 2187
2502 2198
2502 2223
2502 2224
2502 2250
2502 2267
2502 2268
2502 2283
2502 2295
2502 2298
2502 2302
2502 2325
2502 2336
2502 2384
2502 2436
2502 2516
2502 2519
2502 2529
2502 2530
2502 2533
2502 2543
2502 2544
2502 2582
2502 2605
2502 2629
2502 2643
2502 2649
2503 1912
2503 1936
2503 1975
2503 1978
2503 1990
2503 2047
2503 2049
2503 2173
2503 2248
2503 2286
2503 2314
2503 2335
2503 2361
2503 2403
2503 2497
2503 2534
2504 1912
2504 1917
2504 1918
2504 1925
2504 1929
2504 1943
2504 1946
2504 1962
2504 1966
2504 1971
2504 1979
2504 1983
2504 1985
2504 1986
2504 1989
2504 1997
2504 2005
2504 2020
2504 2030
2504 2033
2504 2037
2504 2043
2504 2045
2504 2056
2504 2059
2504 2064
2504 2069
2504 2073
2504 2074
2504 2077
2504 2078
2504 2083
2504 2084
2504 2086
2504 2088
2504 2090
2504 2093
2504 2095
2504 2103
2504 2104
2504 2108
2504 2112
2504 2118
2504 2121
2504 2122
2504 2123
2504 2124
2504 2131
2504 2136
2504 2139
2504 2142
2504 2150
2504 2154
2504 2165
2504 2172
2504 2179
2504 2184
2504 2188
2504 2200
2504 2201
2504 2206
2504 2216
2504 2218
2504 2220
2504 2229
2504 2233
2504 2240
2504 2244
2504 2253
2504 2257
2504 2258
2504 2261
2504 2266
2504 2275
2504 2278
2504 2290
2504 2299
2504 2306
2504 2307
2504 2323
2504 2326
2504 2329
2504 2331
2504 2334
2504 2339
2504 2340
2504 2352
2504 2353
2504 2354
2504 2356
2504 2359
2504 2363
2504 2369
2504 2370
2504 2374
2504 2376
2504 2381
2504 2383
2504 2386
2504 2395
2504 2404
2504 2407
2504 2408
2504 2409
2504 2414
2504 2423
2504 2428
2504 2430
2504 2433
2504 2446
2504 2460
2504 2464
2504 2477
2504 2482
2504 2485
2504 2500
2504 2507
2504 2520
2504 2526
2504 2546
2504 2549
2504 2550
2504 2551
2504 2553
2504 2554
2504 2556
2504 2559
2504 2560
2504 2561
2504 2563
2504 2564
2504 2575
2504 2578
2504 2586
2504 2590
2504 2593
2504 2601
2504 2602
2504 2604
2504 2607
2504 2611
2504 2615
2504 2619
2504 2623
2504 2624
2504 2625
2504 2630
2504 2631
2504 2638
2504 2646
2504 2655
2505 1912
2505 1964
2505 1974
2505 2453
2505 2651
2506 1912
2506 1918
2506 1925
2506 1943
2506 1946
2506 1962
2506 1963
2506 1966
2506 1971
2506 1979
2506 1983
2506 1984
2506 1985
2506 1986
2506 1993
2506 1997
2506 2005
2506 2020
2506 2030
2506 2033
2506 2037
2506 2040
2506 2043
2506 2045
2506 2046
2506 2055
2506 2056
2506 2059
2506 2060
2506 2064
2506 2073
2506 2078
2506 2083
2506 2084
2506 2088
2506 2090
2506 2098
2506 2104
2506 2108
2506 2109
2506 2112
2506 2123
2506 2131
2506 2137
2506 2140
2506 2142
2506 2172
2506 2188
2506 2190
2506 2200
2506 2201
2506 2206
2506 2213
2506 2218
2506 2229
2506 2233
2506 2234
2506 2240
2506 2244
2506 2257
2506 2261
2506 2262
2506 2266
2506 2275
2506 2276
2506 2278
2506 2290
2506 2299
2506 2300
2506 2309
2506 2323
2506 2324
2506 2329
2506 2331
2506 2339
2506 2340
2506 2347
2506 2348
2506 2352
2506 2359
2506 2369
2506 2374
2506 2376
2506 2395
2506 2404
2506 2414
2506 2423
2506 2460
2506 2462
2506 2464
2506 2468
2506 2492
2506 2499
2506 2500
2506 2507
2506 2520
2506 2521
2506 2526
2506 2542
2506 2543
2506 2550
2506 2551
2506 2553
2506 2560
2506 2561
2506 2573
2506 2574
2506 2575
2506 2576
2506 2579
2506 2590
2506 2593
2506 2600
2506 2601
2506 2602
2506 2604
2506 2607
2506 2611
2506 2615
2506 2619
2506 2624
2506 2625
2506 2630
2506 2631
2507 1912
2507 1917
2507 1918
2507 1925
2507 1929
2507 1938
2507 1941
2507 1943
2507 1946
2507 1953
2507 1962
2507 1963
2507 1966
2507 1971
2507 1979
2507 1983
2507 1984
2507 1985
2507 1986
2507 1993
2507 1997
2507 2005
2507 2020
2507 2030
2507 2033
2507 2037
2507 2040
2507 2043
2507 2045
2507 2046
2507 2056
2507 2058
2507 2059
2507 2060
2507 2063
2507 2064
2507 2067
2507 2069
2507 2073
2507 2074
2507 2077
2507 2078
2507 2083
2507 2084
2507 2086
2507 2088
2507 2090
2507 2092
2507 2093
2507 2095
2507 2098
2507 2103
2507 2104
2507 2108
2507 2109
2507 2112
2507 2115
2507 2118
2507 2121
2507 2122
2507 2123
2507 2124
2507 2131
2507 2136
2507 2139
2507 2140
2507 2142
2507 2150
2507 2154
2507 2164
2507 2165
2507 2172
2507 2179
2507 2184
2507 2188
2507 2190
2507 2200
2507 2201
2507 2206
2507 2212
2507 2216
2507 2218
2507 2220
2507 2229
2507 2233
2507 2240
2507 2244
2507 2253
2507 2257
2507 2258
2507 2261
2507 2266
2507 2271
2507 2275
2507 2276
2507 2278
2507 2287
2507 2290
2507 2299
2507 2306
2507 2307
2507 2308
2507 2309
2507 2311
2507 2323
2507 2324
2507 2326
2507 2329
2507 2331
2507 2334
2507 2339
2507 2340
2507 2347
2507 2348
2507 2352
2507 2354
2507 2356
2507 2359
2507 2363
2507 2369
2507 2370
2507 2374
2507 2376
2507 2381
2507 2383
2507 2386
2507 2392
2507 2395
2507 2404
2507 2407
2507 2408
2507 2409
2507 2410
2507 2414
2507 2418
2507 2423
2507 2428
2507 2429
2507 2430
2507 2433
2507 2446
2507 2460
2507 2464
2507 2467
2507 2468
2507 2469
2507 2476
2507 2477
2507 2478
2507 2482
2507 2485
2507 2489
2507 2492
2507 2495
2507 2500
2507 2504
2507 2506
2507 2520
2507 2521
2507 2526
2507 2532
2507 2539
2507 2542
2507 2543
2507 2546
2507 2549
2507 2550
2507 2551
2507 2552
2507 2553
2507 2554
2507 2556
2507 2559
2507 2560
2507 2561
2507 2563
2507 2564
2507 2573
2507 2575
2507 2578
2507 2579
2507 2586
2507 2590
2507 2591
2507 2593
2507 2600
2507 2601
2507 2602
2507 2604
2507 2607
2507 2611
2507 2615
2507 2619
2507 2623
2507 2624
2507 2625
2507 2630
2507 2638
2507 2646
2507 2654
2507 2655
2508 136
2508 1465
2508 1577
2508 1718
2508 1912
2508 1920
2508 1926
2508 1932
2508 1941
2508 1945
2508 1954
2508 1955
2508 1959
2508 2007
2508 2026
2508 2032
2508 2038
2508 2039
2508 2042
2508 2047
2508 2053
2508 2054
2508 2057
2508 2068
2508 2072
2508 2081
2508 2087
2508 2102
2508 2111
2508 2117
2508 2127
2508 2133
2508 2134
2508 2138
2508 2149
2508 2153
2508 2161
2508 2174
2508 2180
2508 2183
2508 2187
2508 2189
2508 2194
2508 2199
2508 2203
2508 2215
2508 2223
2508 2224
2508 2232
2508 2241
2508 2250
2508 2254
2508 2259
2508 2268
2508 2279
2508 2283
2508 2285
2508 2289
2508 2292
2508 2294
2508 2319
2508 2327
2508 2332
2508 2333
2508 2336
2508 2338
2508 2347
2508 2372
2508 2379
2508 2384
2508 2394
2508 2398
2508 2417
2508 2436
2508 2445
2508 2451
2508 2458
2508 2461
2508 2463
2508 2471
2508 2473
2508 2475
2508 2491
2508 2510
2508 2511
2508 2516
2508 2537
2508 2543
2508 2555
2508 2567
2508 2571
2508 2589
2508 2592
2508 2594
2508 2597
2508 2598
2508 2608
2508 2649
2509 1465
2509 1577
2509 1718
2509 1912
2509 1916
2509 1920
2509 1926
2509 1939
2509 1940
2509 1941
2509 1945
2509 1947
2509 1954
2509 1955
2509 1959
2509 1970
2509 1981
2509 2002
2509 2003
2509 2007
2509 2010
2509 2028
2509 2029
2509 2032
2509 2038
2509 2047
2509 2052
2509 2053
2509 2054
2509 2062
2509 2072
2509 2075
2509 2081
2509 2087
2509 2096
2509 2101
2509 2102
2509 2111
2509 2125
2509 2128
2509 2132
2509 2133
2509 2135
2509 2138
2509 2143
2509 2148
2509 2149
2509 2151
2509 2153
2509 2161
2509 2169
2509 2174
2509 2176
2509 2177
2509 2180
2509 2183
2509 2194
2509 2199
2509 2203
2509 2223
2509 2224
2509 2235
2509 2239
2509 2241
2509 2243
2509 2246
2509 2247
2509 2250
2509 2252
2509 2254
2509 2267
2509 2273
2509 2274
2509 2279
2509 2282
2509 2283
2509 2289
2509 2292
2509 2294
2509 2304
2509 2325
2509 2327
2509 2328
2509 2332
2509 2333
2509 2336
2509 2343
2509 2344
2509 2351
2509 2368
2509 2372
2509 2377
2509 2384
2509 2390
2509 2392
2509 2394
2509 2396
2509 2399
2509 2415
2509 2419
2509 2420
2509 2432
2509 2434
2509 2438
2509 2451
2509 2458
2509 2461
2509 2463
2509 2471
2509 2475
2509 2491
2509 2498
2509 2501
2509 2510
2509 2511
2509 2512
2509 2518
2509 2537
2509 2544
2509 2547
2509 2555
2509 2582
2509 2588
2509 2592
2509 2597
2509 2598
2509 2603
2509 2608
2509 2616
2509 2617
2509 2629
2509 2642
2509 2649
2509 2652
2510 136
2510 1465
2510 1577
2510 1718
2510 1912
2510 1920
2510 1926
2510 1932
2510 1941
2510 1945
2510 1947
2510 1948
2510 1955
2510 1959
2510 1987
2510 1994
2510 2002
2510 2007
2510 2026
2510 2028
2510 2032
2510 2038
2510 2039
2510 2042
2510 2047
2510 2052
2510 2053
2510 2054
2510 2068
2510 2071
2510 2072
2510 2081
2510 2087
2510 2099
2510 2101
2510 2102
2510 2111
2510 2125
2510 2127
2510 2132
2510 2133
2510 2134
2510 2137
2510 2138
2510 2143
2510 2144
2510 2148
2510 2149
2510 2151
2510 2153
2510 2174
2510 2180
2510 2183
2510 2187
2510 2189
2510 2191
2510 2196
2510 2199
2510 2203
2510 2223
2510 2224
2510 2226
2510 2235
2510 2246
2510 2247
2510 2254
2510 2264
2510 2267
2510 2268
2510 2279
2510 2282
2510 2283
2510 2285
2510 2289
2510 2292
2510 2293
2510 2294
2510 2302
2510 2304
2510 2319
2510 2327
2510 2328
2510 2330
2510 2332
2510 2333
2510 2336
2510 2338
2510 2345
2510 2347
2510 2351
2510 2367
2510 2372
2510 2377
2510 2384
2510 2394
2510 2396
2510 2398
2510 2419
2510 2420
2510 2426
2510 2436
2510 2445
2510 2451
2510 2458
2510 2461
2510 2463
2510 2465
2510 2468
2510 2471
2510 2491
2510 2508
2510 2509
2510 2511
2510 2512
2510 2516
2510 2518
2510 2522
2510 2533
2510 2537
2510 2543
2510 2547
2510 2555
2510 2567
2510 2582
2510 2588
2510 2589
2510 2592
2510 2594
2510 2597
2510 2598
2510 2608
2510 2616
2510 2617
2510 2629
2510 2642
2510 2643
2510 2649
2510 2653
2511 136
2511 1577
2511 1718
2511 1912
2511 1920
2511 1923
2511 1926
2511 1932
2511 1939
2511 1941
2511 1945
2511 1947
2511 1948
2511 1955
2511 1959
2511 1970
2511 1981
2511 2002
2511 2003
2511 2007
2511 2026
2511 2032
2511 2038
2511 2039
2511 2042
2511 2047
2511 2052
2511 2053
2511 2054
2511 2057
2511 2062
2511 2068
2511 2071
2511 2072
2511 2075
2511 2081
2511 2087
2511 2101
2511 2102
2511 2110
2511 2111
2511 2125
2511 2127
2511 2132
2511 2133
2511 2134
2511 2135
2511 2138
2511 2143
2511 2144
2511 2153
2511 2161
2511 2169
2511 2174
2511 2180
2511 2183
2511 2187
2511 2189
2511 2191
2511 2196
2511 2198
2511 2199
2511 2221
2511 2222
2511 2223
2511 2224
2511 2235
2511 2243
2511 2246
2511 2247
2511 2250
2511 2254
2511 2267
2511 2268
2511 2274
2511 2279
2511 2280
2511 2282
2511 2283
2511 2285
2511 2289
2511 2292
2511 2294
2511 2302
2511 2304
2511 2319
2511 2327
2511 2328
2511 2332
2511 2333
2511 2336
2511 2338
2511 2344
2511 2347
2511 2372
2511 2377
2511 2384
2511 2390
2511 2394
2511 2396
2511 2398
2511 2399
2511 2415
2511 2419
2511 2420
2511 2434
2511 2436
2511 2438
2511 2445
2511 2451
2511 2458
2511 2461
2511 2463
2511 2468
2511 2471
2511 2479
2511 2491
2511 2501
2511 2508
2511 2509
2511 2510
2511 2512
2511 2516
2511 2533
2511 2537
2511 2543
2511 2555
2511 2567
2511 2589
2511 2592
2511 2594
2511 2597
2511 2598
2511 2603
2511 2608
2511 2616
2511 2617
2511 2649
2511 2652
2511 2653
2512 1465
2512 1577
2512 1718
2512 1912
2512 1916
2512 1920
2512 1932
2512 1945
2512 1947
2512 1982
2512 1983
2512 1985
2512 1994
2512 2002
2512 2007
2512 2010
2512 2028
2512 2032
2512 2038
2512 2039
2512 2044
2512 2047
2512 2054
2512 2068
2512 2071
2512 2084
2512 2087
2512 2111
2512 2125
2512 2127
2512 2128
2512 2132
2512 2133
2512 2135
2512 2138
2512 2142
2512 2143
2512 2149
2512 2151
2512 2169
2512 2174
2512 2176
2512 2187
2512 2189
2512 2199
2512 2203
2512 2223
2512 2224
2512 2239
2512 2241
2512 2242
2512 2246
2512 2250
2512 2254
2512 2266
2512 2268
2512 2273
2512 2279
2512 2282
2512 2289
2512 2292
2512 2294
2512 2302
2512 2304
2512 2319
2512 2328
2512 2332
2512 2333
2512 2338
2512 2344
2512 2377
2512 2384
2512 2389
2512 2398
2512 2399
2512 2410
2512 2419
2512 2427
2512 2429
2512 2434
2512 2449
2512 2451
2512 2461
2512 2463
2512 2471
2512 2475
2512 2478
2512 2498
2512 2509
2512 2510
2512 2511
2512 2516
2512 2519
2512 2520
2512 2543
2512 2544
2512 2560
2512 2576
2512 2582
2512 2588
2512 2598
2512 2611
2512 2629
2512 2637
2512 2649
2513 1912
2513 1982
2513 1988
2513 1992
2513 2076
2513 2170
2513 2207
2513 2349
2513 2401
2513 2426
2513 2444
2513 2486
2513 2490
2513 2622
2513 2650
2514 1912
2514 1964
2514 2031
2514 2066
2514 2133
2514 2214
2514 2406
2514 2517
2514 2588
2515 1912
2515 1988
2515 2076
2515 2207
2515 2320
2515 2349
2515 2401
2515 2444
2515 2486
2515 2490
2515 2545
2515 2622
2515 2650
2516 1465
2516 1577
2516 1912
2516 1920
2516 1932
2516 1940
2516 1941
2516 1945
2516 1947
2516 1948
2516 2002
2516 2007
2516 2010
2516 2026
2516 2028
2516 2032
2516 2042
2516 2047
2516 2052
2516 2054
2516 2071
2516 2072
2516 2087
2516 2101
2516 2111
2516 2125
2516 2127
2516 2128
2516 2148
2516 2149
2516 2163
2516 2169
2516 2180
2516 2183
2516 2187
2516 2191
2516 2198
2516 2199
2516 2203
2516 2223
2516 2224
2516 2233
2516 2241
2516 2247
2516 2250
2516 2268
2516 2273
2516 2279
2516 2282
2516 2283
2516 2295
2516 2298
2516 2304
2516 2319
2516 2327
2516 2328
2516 2336
2516 2338
2516 2343
2516 2344
2516 2351
2516 2377
2516 2384
2516 2399
2516 2419
2516 2458
2516 2463
2516 2471
2516 2475
2516 2502
2516 2508
2516 2510
2516 2511
2516 2512
2516 2518
2516 2519
2516 2543
2516 2544
2516 2555
2516 2567
2516 2582
2516 2594
2516 2598
2516 2605
2516 2629
2516 2642
2516 2643
2516 2649
2517 1912
2517 1964
2517 2031
2517 2066
2517 2133
2517 2514
2518 1912
2518 1916
2518 1923
2518 1939
2518 1941
2518 1945
2518 1947
2518 2002
2518 2032
2518 2054
2518 2072
2518 2096
2518 2125
2518 2132
2518 2142
2518 2183
2518 2185
2518 2198
2518 2199
2518 2226
2518 2239
2518 2241
2518 2243
2518 2246
2518 2247
2518 2266
2518 2273
2518 2280
2518 2283
2518 2304
2518 2347
2518 2377
2518 2398
2518 2419
2518 2434
2518 2438
2518 2458
2518 2471
2518 2480
2518 2509
2518 2510
2518 2516
2518 2519
2518 2594
2518 2598
2518 2602
2518 2611
2518 2642
2519 1577
2519 1912
2519 1916
2519 2002
2519 2028
2519 2032
2519 2054
2519 2102
2519 2111
2519 2125
2519 2149
2519 2163
2519 2169
2519 2223
2519 2224
2519 2250
2519 2273
2519 2283
2519 2295
2519 2336
2519 2344
2519 2368
2519 2377
2519 2399
2519 2419
2519 2471
2519 2502
2519 2512
2519 2516
2519 2518
2519 2543
2519 2582
2519 2598
2519 2643
2519 2649
2520 1912
2520 1917
2520 1918
2520 1925
2520 1929
2520 1938
2520 1943
2520 1946
2520 1962
2520 1966
2520 1971
2520 1979
2520 1983
2520 1984
2520 1985
2520 1986
2520 1989
2520 1993
2520 2020
2520 2030
2520 2033
2520 2037
2520 2043
2520 2044
2520 2045
2520 2056
2520 2059
2520 2060
2520 2064
2520 2069
2520 2073
2520 2074
2520 2077
2520 2078
2520 2083
2520 2084
2520 2088
2520 2090
2520 2093
2520 2095
2520 2098
2520 2103
2520 2104
2520 2108
2520 2109
2520 2112
2520 2115
2520 2118
2520 2121
2520 2122
2520 2123
2520 2124
2520 2131
2520 2139
2520 2140
2520 2142
2520 2150
2520 2164
2520 2165
2520 2172
2520 2184
2520 2188
2520 2190
2520 2200
2520 2201
2520 2206
2520 2212
2520 2216
2520 2218
2520 2220
2520 2229
2520 2233
2520 2237
2520 2240
2520 2244
2520 2253
2520 2257
2520 2258
2520 2266
2520 2271
2520 2275
2520 2278
2520 2290
2520 2299
2520 2306
2520 2307
2520 2308
2520 2309
2520 2323
2520 2324
2520 2326
2520 2331
2520 2334
2520 2339
2520 2340
2520 2348
2520 2352
2520 2356
2520 2359
2520 2363
2520 2369
2520 2370
2520 2374
2520 2376
2520 2381
2520 2387
2520 2392
2520 2395
2520 2404
2520 2409
2520 2410
2520 2414
2520 2428
2520 2430
2520 2433
2520 2446
2520 2460
2520 2464
2520 2467
2520 2468
2520 2469
2520 2477
2520 2482
2520 2492
2520 2495
2520 2499
2520 2500
2520 2504
2520 2506
2520 2507
2520 2512
2520 2526
2520 2532
2520 2539
2520 2542
2520 2546
2520 2549
2520 2550
2520 2553
2520 2556
2520 2560
2520 2561
2520 2564
2520 2573
2520 2575
2520 2578
2520 2579
2520 2586
2520 2590
2520 2591
2520 2600
2520 2601
2520 2602
2520 2604
2520 2607
2520 2611
2520 2615
2520 2619
2520 2624
2520 2625
2520 2630
2520 2631
2520 2638
2520 2654
2520 2655
2521 1912
2521 1917
2521 1918
2521 1925
2521 1938
2521 1941
2521 1943
2521 1946
2521 1953
2521 1962
2521 1966
2521 1971
2521 1979
2521 1983
2521 1984
2521 1985
2521 1986
2521 1993
2521 2020
2521 2030
2521 2033
2521 2037
2521 2040
2521 2045
2521 2059
2521 2063
2521 2064
2521 2069
2521 2073
2521 2077
2521 2078
2521 2088
2521 2090
2521 2093
2521 2103
2521 2104
2521 2109
2521 2112
2521 2118
2521 2121
2521 2122
2521 2123
2521 2124
2521 2131
2521 2139
2521 2142
2521 2150
2521 2172
2521 2184
2521 2188
2521 2190
2521 2200
2521 2201
2521 2206
2521 2212
2521 2213
2521 2218
2521 2220
2521 2229
2521 2233
2521 2237
2521 2240
2521 2244
2521 2253
2521 2258
2521 2261
2521 2266
2521 2275
2521 2278
2521 2306
2521 2307
2521 2309
2521 2311
2521 2323
2521 2324
2521 2326
2521 2339
2521 2340
2521 2347
2521 2348
2521 2353
2521 2354
2521 2356
2521 2363
2521 2369
2521 2374
2521 2376
2521 2381
2521 2386
2521 2395
2521 2408
2521 2409
2521 2410
2521 2414
2521 2418
2521 2428
2521 2460
2521 2462
2521 2464
2521 2467
2521 2468
2521 2477
2521 2482
2521 2485
2521 2489
2521 2492
2521 2499
2521 2500
2521 2506
2521 2507
2521 2526
2521 2530
2521 2532
2521 2542
2521 2543
2521 2550
2521 2551
2521 2556
2521 2560
2521 2563
2521 2564
2521 2575
2521 2578
2521 2586
2521 2590
2521 2593
2521 2600
2521 2601
2521 2602
2521 2604
2521 2607
2521 2611
2521 2615
2521 2619
2521 2623
2521 2624
2521 2625
2521 2638
2521 2646
2521 2654
2521 2655
2522 1912
2522 1955
2522 1982
2522 2042
2522 2087
2522 2101
2522 2151
2522 2161
2522 2176
2522 2347
2522 2451
2522 2510
2522 2567
2522 2608
2523 1912
2523 1934
2523 1960
2523 2049
2523 2085
2523 2120
2523 2158
2523 2231
2523 2236
2523 2335
2523 2361
2523 2397
2523 2411
2523 2474
2523 2488
2523 2566
2523 2612
2524 1912
2524 1948
2524 1985
2524 2069
2524 2073
2524 2103
2524 2165
2524 2229
2524 2309
2524 2499
2524 2501
2524 2526
2524 2611
2525 1912
2525 1923
2525 1944
2525 1964
2525 1970
2525 2031
2525 2038
2525 2047
2525 2117
2525 2133
2525 2145
2525 2149
2525 2155
2525 2176
2525 2209
2525 2211
2525 2270
2525 2272
2525 2289
2525 2294
2525 2310
2525 2318
2525 2325
2525 2328
2525 2362
2525 2416
2525 2419
2525 2425
2525 2463
2525 2540
2525 2557
2525 2603
2525 2637
2525 2641
2525 2642
2526 1912
2526 1917
2526 1918
2526 1938
2526 1941
2526 1942
2526 1943
2526 1946
2526 1953
2526 1962
2526 1966
2526 1971
2526 1979
2526 1983
2526 1984
2526 1985
2526 1986
2526 1989
2526 1993
2526 1997
2526 2005
2526 2007
2526 2019
2526 2020
2526 2021
2526 2026
2526 2030
2526 2033
2526 2037
2526 2040
2526 2043
2526 2045
2526 2055
2526 2056
2526 2058
2526 2059
2526 2063
2526 2064
2526 2067
2526 2069
2526 2073
2526 2077
2526 2078
2526 2084
2526 2086
2526 2088
2526 2090
2526 2092
2526 2093
2526 2095
2526 2103
2526 2104
2526 2108
2526 2109
2526 2112
2526 2115
2526 2118
2526 2121
2526 2123
2526 2124
2526 2131
2526 2139
2526 2140
2526 2142
2526 2150
2526 2154
2526 2164
2526 2165
2526 2172
2526 2184
2526 2188
2526 2189
2526 2190
2526 2200
2526 2201
2526 2206
2526 2207
2526 2210
2526 2212
2526 2216
2526 2218
2526 2220
2526 2229
2526 2233
2526 2234
2526 2237
2526 2240
2526 2244
2526 2253
2526 2257
2526 2266
2526 2271
2526 2275
2526 2276
2526 2278
2526 2290
2526 2299
2526 2303
2526 2306
2526 2307
2526 2308
2526 2309
2526 2311
2526 2324
2526 2326
2526 2331
2526 2334
2526 2339
2526 2340
2526 2347
2526 2352
2526 2354
2526 2356
2526 2359
2526 2369
2526 2370
2526 2374
2526 2376
2526 2381
2526 2386
2526 2387
2526 2392
2526 2393
2526 2395
2526 2404
2526 2410
2526 2414
2526 2423
2526 2426
2526 2428
2526 2429
2526 2430
2526 2445
2526 2446
2526 2449
2526 2460
2526 2462
2526 2464
2526 2467
2526 2468
2526 2469
2526 2477
2526 2478
2526 2482
2526 2484
2526 2492
2526 2499
2526 2500
2526 2504
2526 2506
2526 2507
2526 2520
2526 2521
2526 2524
2526 2536
2526 2539
2526 2542
2526 2543
2526 2549
2526 2550
2526 2551
2526 2552
2526 2553
2526 2556
2526 2560
2526 2561
2526 2564
2526 2575
2526 2578
2526 2579
2526 2586
2526 2590
2526 2591
2526 2593
2526 2600
2526 2601
2526 2602
2526 2604
2526 2606
2526 2607
2526 2611
2526 2615
2526 2619
2526 2623
2526 2624
2526 2625
2526 2630
2526 2631
2526 2638
2526 2654
2526 2655
2527 1912
2527 2443
2527 2483
2527 2595
2528 1912
2528 2263
2528 2313
2528 2431
2528 2439
2528 2558
2528 2621
2529 136
2529 1577
2529 1718
2529 1912
2529 1913
2529 2102
2529 2116
2529 2127
2529 2128
2529 2149
2529 2183
2529 2203
2529 2247
2529 2250
2529 2267
2529 2283
2529 2312
2529 2319
2529 2328
2529 2333
2529 2338
2529 2351
2529 2355
2529 2384
2529 2389
2529 2400
2529 2413
2529 2459
2529 2463
2529 2502
2529 2530
2529 2531
2529 2555
2529 2592
2529 2610
2529 2616
2530 1465
2530 1912
2530 1913
2530 1941
2530 1985
2530 2047
2530 2057
2530 2065
2530 2081
2530 2087
2530 2117
2530 2148
2530 2199
2530 2208
2530 2215
2530 2268
2530 2302
2530 2324
2530 2333
2530 2343
2530 2347
2530 2384
2530 2385
2530 2502
2530 2521
2530 2529
2530 2560
2530 2567
2530 2592
2531 1912
2531 1913
2531 1970
2531 1972
2531 2026
2531 2102
2531 2116
2531 2203
2531 2233
2531 2250
2531 2312
2531 2328
2531 2355
2531 2384
2531 2389
2531 2400
2531 2413
2531 2459
2531 2529
2531 2557
2531 2571
2531 2610
2531 2616
2532 1912
2532 1917
2532 1918
2532 1938
2532 1962
2532 1971
2532 1983
2532 1984
2532 1985
2532 1993
2532 1997
2532 2030
2532 2033
2532 2043
2532 2046
2532 2059
2532 2064
2532 2069
2532 2073
2532 2074
2532 2078
2532 2084
2532 2088
2532 2090
2532 2103
2532 2108
2532 2118
2532 2121
2532 2123
2532 2124
2532 2131
2532 2136
2532 2139
2532 2140
2532 2142
2532 2150
2532 2172
2532 2184
2532 2190
2532 2201
2532 2206
2532 2212
2532 2218
2532 2220
2532 2229
2532 2233
2532 2240
2532 2253
2532 2266
2532 2271
2532 2275
2532 2276
2532 2278
2532 2290
2532 2306
2532 2308
2532 2309
2532 2324
2532 2331
2532 2339
2532 2340
2532 2348
2532 2352
2532 2369
2532 2374
2532 2376
2532 2381
2532 2387
2532 2395
2532 2410
2532 2423
2532 2428
2532 2460
2532 2464
2532 2484
2532 2492
2532 2495
2532 2500
2532 2507
2532 2520
2532 2521
2532 2539
2532 2542
2532 2549
2532 2552
2532 2553
2532 2556
2532 2559
2532 2560
2532 2574
2532 2575
2532 2586
2532 2590
2532 2591
2532 2593
2532 2600
2532 2601
2532 2602
2532 2604
2532 2607
2532 2615
2532 2624
2532 2625
2532 2630
2532 2654
2532 2655
2533 136
2533 1465
2533 1577
2533 1912
2533 1920
2533 1921
2533 1932
2533 1940
2533 1941
2533 1945
2533 1948
2533 1955
2533 1959
2533 1994
2533 2007
2533 2028
2533 2032
2533 2038
2533 2042
2533 2047
2533 2053
2533 2068
2533 2071
2533 2072
2533 2081
2533 2087
2533 2102
2533 2111
2533 2117
2533 2125
2533 2127
2533 2128
2533 2134
2533 2135
2533 2137
2533 2138
2533 2143
2533 2148
2533 2149
2533 2153
2533 2183
2533 2187
2533 2189
2533 2194
2533 2196
2533 2199
2533 2203
2533 2224
2533 2241
2533 2250
2533 2268
2533 2278
2533 2279
2533 2282
2533 2283
2533 2289
2533 2292
2533 2293
2533 2294
2533 2302
2533 2315
2533 2319
2533 2327
2533 2328
2533 2332
2533 2333
2533 2336
2533 2338
2533 2347
2533 2351
2533 2368
2533 2384
2533 2398
2533 2420
2533 2436
2533 2445
2533 2451
2533 2463
2533 2465
2533 2468
2533 2471
2533 2472
2533 2502
2533 2510
2533 2511
2533 2543
2533 2544
2533 2555
2533 2567
2533 2582
2533 2589
2533 2592
2533 2597
2533 2598
2533 2629
2533 2635
2533 2642
2533 2643
2533 2649
2534 1912
2534 1936
2534 1975
2534 1978
2534 1990
2534 2047
2534 2049
2534 2173
2534 2227
2534 2248
2534 2286
2534 2313
2534 2314
2534 2335
2534 2403
2534 2497
2534 2503
2534 2659
2535 1912
2535 1961
2535 2094
2535 2126
2535 2167
2535 2245
2535 2281
2535 2301
2535 2481
2535 2487
2535 2570
2536 1912
2536 1918
2536 1925
2536 1929
2536 1938
2536 1962
2536 1966
2536 1971
2536 1984
2536 1986
2536 1993
2536 2030
2536 2033
2536 2037
2536 2043
2536 2060
2536 2065
2536 2069
2536 2078
2536 2088
2536 2103
2536 2121
2536 2142
2536 2150
2536 2164
2536 2165
2536 2172
2536 2184
2536 2190
2536 2206
2536 2229
2536 2233
2536 2240
2536 2253
2536 2257
2536 2266
2536 2276
2536 2323
2536 2329
2536 2340
2536 2343
2536 2369
2536 2376
2536 2391
2536 2410
2536 2433
2536 2464
2536 2482
2536 2484
2536 2491
2536 2499
2536 2500
2536 2526
2536 2542
2536 2546
2536 2553
2536 2574
2536 2575
2536 2576
2536 2591
2536 2611
2536 2619
2536 2630
2537 1912
2537 1926
2537 1939
2537 1945
2537 1947
2537 1955
2537 1959
2537 1970
2537 1981
2537 2002
2537 2003
2537 2007
2537 2026
2537 2032
2537 2052
2537 2053
2537 2054
2537 2062
2537 2068
2537 2072
2537 2075
2537 2081
2537 2087
2537 2101
2537 2110
2537 2111
2537 2117
2537 2127
2537 2128
2537 2132
2537 2138
2537 2161
2537 2174
2537 2183
2537 2194
2537 2199
2537 2221
2537 2222
2537 2232
2537 2235
2537 2243
2537 2247
2537 2259
2537 2264
2537 2267
2537 2279
2537 2280
2537 2282
2537 2283
2537 2285
2537 2294
2537 2304
2537 2327
2537 2328
2537 2333
2537 2336
2537 2344
2537 2345
2537 2367
2537 2372
2537 2377
2537 2384
2537 2390
2537 2394
2537 2396
2537 2415
2537 2417
2537 2432
2537 2434
2537 2438
2537 2451
2537 2458
2537 2461
2537 2471
2537 2473
2537 2479
2537 2491
2537 2501
2537 2508
2537 2509
2537 2510
2537 2511
2537 2543
2537 2547
2537 2567
2537 2589
2537 2592
2537 2594
2537 2598
2537 2603
2537 2608
2537 2616
2537 2617
2537 2649
2537 2652
2538 136
2538 1912
2538 1919
2538 1927
2538 1928
2538 1935
2538 1951
2538 1954
2538 1958
2538 1972
2538 1973
2538 1980
2538 1991
2538 1995
2538 1998
2538 1999
2538 2000
2538 2001
2538 2004
2538 2009
2538 2018
2538 2022
2538 2024
2538 2027
2538 2050
2538 2061
2538 2097
2538 2116
2538 2157
2538 2159
2538 2171
2538 2192
2538 2202
2538 2268
2538 2284
2538 2297
2538 2337
2538 2346
2538 2364
2538 2365
2538 2378
2538 2417
2538 2435
2538 2447
2538 2459
2538 2494
2538 2585
2538 2620
2538 2626
2538 2633
2538 2639
2538 2640
2538 2645
2538 2647
2538 2658
2538 2659
2539 1912
2539 1917
2539 1918
2539 1938
2539 1941
2539 1946
2539 1962
2539 1979
2539 1983
2539 1984
2539 1985
2539 1986
2539 1993
2539 2005
2539 2030
2539 2033
2539 2037
2539 2043
2539 2045
2539 2055
2539 2056
2539 2059
2539 2063
2539 2074
2539 2078
2539 2083
2539 2086
2539 2088
2539 2090
2539 2093
2539 2095
2539 2103
2539 2104
2539 2108
2539 2112
2539 2115
2539 2118
2539 2122
2539 2123
2539 2124
2539 2131
2539 2136
2539 2139
2539 2140
2539 2142
2539 2150
2539 2172
2539 2179
2539 2184
2539 2188
2539 2190
2539 2201
2539 2206
2539 2212
2539 2216
2539 2218
2539 2220
2539 2229
2539 2233
2539 2240
2539 2244
2539 2253
2539 2257
2539 2261
2539 2266
2539 2271
2539 2275
2539 2278
2539 2290
2539 2306
2539 2308
2539 2309
2539 2311
2539 2323
2539 2324
2539 2326
2539 2331
2539 2334
2539 2340
2539 2347
2539 2348
2539 2352
2539 2354
2539 2356
2539 2359
2539 2363
2539 2369
2539 2370
2539 2376
2539 2381
2539 2395
2539 2404
2539 2407
2539 2408
2539 2409
2539 2410
2539 2414
2539 2418
2539 2423
2539 2428
2539 2433
2539 2446
2539 2464
2539 2482
2539 2484
2539 2485
2539 2489
2539 2492
2539 2495
2539 2500
2539 2507
2539 2520
2539 2526
2539 2532
2539 2542
2539 2546
2539 2549
2539 2550
2539 2551
2539 2554
2539 2560
2539 2574
2539 2575
2539 2586
2539 2590
2539 2591
2539 2593
2539 2600
2539 2602
2539 2604
2539 2607
2539 2611
2539 2615
2539 2619
2539 2623
2539 2624
2539 2625
2539 2630
2539 2654
2539 2655
2540 1912
2540 1934
2540 1944
2540 1960
2540 1964
2540 2029
2540 2082
2540 2091
2540 2126
2540 2129
2540 2162
2540 2173
2540 2197
2540 2217
2540 2228
2540 2242
2540 2272
2540 2310
2540 2313
2540 2314
2540 2317
2540 2342
2540 2361
2540 2371
2540 2448
2540 2480
2540 2525
2540 2557
2540 2634
2540 2637
2540 2642
2541 1912
2541 2456
2542 1465
2542 1912
2542 1917
2542 1918
2542 1925
2542 1929
2542 1938
2542 1941
2542 1943
2542 1946
2542 1962
2542 1963
2542 1966
2542 1971
2542 1979
2542 1983
2542 1984
2542 1985
2542 1986
2542 1989
2542 1993
2542 1997
2542 2020
2542 2030
2542 2037
2542 2043
2542 2045
2542 2046
2542 2055
2542 2059
2542 2060
2542 2062
2542 2064
2542 2069
2542 2073
2542 2074
2542 2078
2542 2083
2542 2086
2542 2088
2542 2090
2542 2093
2542 2095
2542 2098
2542 2103
2542 2104
2542 2108
2542 2109
2542 2112
2542 2115
2542 2118
2542 2121
2542 2122
2542 2123
2542 2124
2542 2131
2542 2139
2542 2140
2542 2142
2542 2150
2542 2154
2542 2164
2542 2165
2542 2172
2542 2184
2542 2188
2542 2189
2542 2190
2542 2200
2542 2201
2542 2206
2542 2212
2542 2213
2542 2216
2542 2218
2542 2220
2542 2229
2542 2233
2542 2240
2542 2244
2542 2253
2542 2257
2542 2258
2542 2261
2542 2266
2542 2271
2542 2275
2542 2276
2542 2278
2542 2287
2542 2290
2542 2299
2542 2300
2542 2306
2542 2307
2542 2308
2542 2309
2542 2323
2542 2324
2542 2326
2542 2328
2542 2329
2542 2331
2542 2334
2542 2340
2542 2347
2542 2348
2542 2350
2542 2352
2542 2353
2542 2354
2542 2356
2542 2359
2542 2363
2542 2369
2542 2370
2542 2374
2542 2376
2542 2381
2542 2386
2542 2387
2542 2391
2542 2392
2542 2393
2542 2395
2542 2398
2542 2404
2542 2407
2542 2408
2542 2409
2542 2410
2542 2414
2542 2418
2542 2423
2542 2428
2542 2430
2542 2433
2542 2443
2542 2446
2542 2454
2542 2460
2542 2464
2542 2468
2542 2469
2542 2482
2542 2484
2542 2485
2542 2489
2542 2495
2542 2500
2542 2501
2542 2506
2542 2507
2542 2520
2542 2521
2542 2526
2542 2532
2542 2536
2542 2539
2542 2543
2542 2546
2542 2549
2542 2550
2542 2551
2542 2552
2542 2553
2542 2556
2542 2559
2542 2560
2542 2561
2542 2563
2542 2564
2542 2573
2542 2574
2542 2575
2542 2578
2542 2579
2542 2586
2542 2590
2542 2593
2542 2600
2542 2601
2542 2602
2542 2604
2542 2607
2542 2611
2542 2615
2542 2619
2542 2623
2542 2624
2542 2625
2542 2630
2542 2631
2542 2646
2542 2654
2542 2655
2543 136
2543 1465
2543 1577
2543 1718
2543 1912
2543 1917
2543 1918
2543 1920
2543 1925
2543 1926
2543 1932
2543 1938
2543 1939
2543 1941
2543 1943
2543 1945
2543 1946
2543 1948
2543 1953
2543 1959
2543 1962
2543 1971
2543 1979
2543 1983
2543 1984
2543 1985
2543 1989
2543 1993
2543 1994
2543 1997
2543 2005
2543 2007
2543 2020
2543 2021
2543 2026
2543 2028
2543 2030
2543 2032
2543 2033
2543 2037
2543 2038
2543 2039
2543 2040
2543 2042
2543 2043
2543 2045
2543 2046
2543 2047
2543 2052
2543 2053
2543 2054
2543 2055
2543 2059
2543 2062
2543 2064
2543 2068
2543 2069
2543 2071
2543 2073
2543 2078
2543 2081
2543 2083
2543 2086
2543 2087
2543 2088
2543 2090
2543 2093
2543 2095
2543 2098
2543 2102
2543 2103
2543 2108
2543 2109
2543 2111
2543 2112
2543 2115
2543 2117
2543 2118
2543 2123
2543 2124
2543 2125
2543 2127
2543 2128
2543 2131
2543 2133
2543 2134
2543 2135
2543 2136
2543 2137
2543 2138
2543 2139
2543 2140
2543 2142
2543 2143
2543 2144
2543 2148
2543 2149
2543 2150
2543 2151
2543 2153
2543 2161
2543 2163
2543 2165
2543 2172
2543 2176
2543 2180
2543 2183
2543 2184
2543 2187
2543 2188
2543 2189
2543 2190
2543 2191
2543 2194
2543 2196
2543 2199
2543 2201
2543 2206
2543 2210
2543 2212
2543 2215
2543 2216
2543 2218
2543 2220
2543 2223
2543 2224
2543 2229
2543 2232
2543 2233
2543 2237
2543 2239
2543 2240
2543 2241
2543 2244
2543 2246
2543 2247
2543 2250
2543 2253
2543 2257
2543 2259
2543 2261
2543 2266
2543 2268
2543 2271
2543 2275
2543 2276
2543 2278
2543 2279
2543 2282
2543 2283
2543 2285
2543 2289
2543 2290
2543 2292
2543 2293
2543 2295
2543 2298
2543 2300
2543 2302
2543 2306
2543 2309
2543 2315
2543 2319
2543 2323
2543 2324
2543 2327
2543 2328
2543 2329
2543 2331
2543 2332
2543 2333
2543 2334
2543 2336
2543 2338
2543 2340
2543 2347
2543 2348
2543 2351
2543 2353
2543 2354
2543 2355
2543 2356
2543 2363
2543 2369
2543 2370
2543 2372
2543 2374
2543 2381
2543 2384
2543 2385
2543 2386
2543 2392
2543 2394
2543 2395
2543 2398
2543 2407
2543 2408
2543 2409
2543 2410
2543 2414
2543 2417
2543 2420
2543 2423
2543 2428
2543 2429
2543 2430
2543 2433
2543 2436
2543 2438
2543 2446
2543 2451
2543 2458
2543 2461
2543 2462
2543 2463
2543 2464
2543 2465
2543 2467
2543 2468
2543 2469
2543 2471
2543 2472
2543 2473
2543 2478
2543 2482
2543 2485
2543 2489
2543 2491
2543 2492
2543 2495
2543 2496
2543 2501
2543 2502
2543 2506
2543 2507
2543 2508
2543 2510
2543 2511
2543 2512
2543 2516
2543 2519
2543 2521
2543 2526
2543 2533
2543 2537
2543 2542
2543 2544
2543 2546
2543 2551
2543 2555
2543 2559
2543 2560
2543 2561
2543 2564
2543 2567
2543 2572
2543 2573
2543 2575
2543 2578
2543 2579
2543 2582
2543 2586
2543 2588
2543 2590
2543 2592
2543 2593
2543 2594
2543 2597
2543 2598
2543 2599
2543 2600
2543 2601
2543 2602
2543 2604
2543 2605
2543 2606
2543 2607
2543 2608
2543 2609
2543 2611
2543 2615
2543 2619
2543 2623
2543 2624
2543 2625
2543 2629
2543 2630
2543 2631
2543 2638
2543 2642
2543 2643
2543 2646
2543 2649
2543 2654
2544 1577
2544 1912
2544 1916
2544 2042
2544 2048
2544 2117
2544 2128
2544 2135
2544 2143
2544 2145
2544 2203
2544 2268
2544 2278
2544 2282
2544 2292
2544 2294
2544 2302
2544 2325
2544 2328
2544 2384
2544 2399
2544 2436
2544 2463
2544 2502
2544 2509
2544 2512
2544 2516
2544 2533
2544 2543
2544 2629
2545 1912
2545 2056
2545 2147
2545 2262
2545 2300
2545 2350
2545 2391
2545 2454
2545 2515
2546 1912
2546 1917
2546 1918
2546 1943
2546 1946
2546 1962
2546 1971
2546 1979
2546 1983
2546 1984
2546 1985
2546 1993
2546 1997
2546 2020
2546 2030
2546 2033
2546 2037
2546 2040
2546 2043
2546 2045
2546 2058
2546 2059
2546 2064
2546 2069
2546 2073
2546 2074
2546 2077
2546 2078
2546 2084
2546 2086
2546 2088
2546 2090
2546 2093
2546 2095
2546 2103
2546 2104
2546 2108
2546 2112
2546 2118
2546 2122
2546 2123
2546 2131
2546 2139
2546 2140
2546 2142
2546 2150
2546 2154
2546 2165
2546 2172
2546 2179
2546 2184
2546 2188
2546 2190
2546 2200
2546 2201
2546 2206
2546 2212
2546 2213
2546 2218
2546 2220
2546 2233
2546 2237
2546 2240
2546 2244
2546 2253
2546 2266
2546 2275
2546 2276
2546 2290
2546 2299
2546 2306
2546 2323
2546 2326
2546 2329
2546 2331
2546 2334
2546 2339
2546 2340
2546 2347
2546 2352
2546 2354
2546 2356
2546 2359
2546 2363
2546 2369
2546 2370
2546 2374
2546 2376
2546 2381
2546 2383
2546 2386
2546 2408
2546 2409
2546 2414
2546 2418
2546 2428
2546 2429
2546 2430
2546 2433
2546 2446
2546 2460
2546 2464
2546 2467
2546 2477
2546 2484
2546 2492
2546 2495
2546 2500
2546 2504
2546 2507
2546 2520
2546 2536
2546 2539
2546 2542
2546 2543
2546 2551
2546 2552
2546 2553
2546 2554
2546 2560
2546 2563
2546 2564
2546 2574
2546 2575
2546 2579
2546 2586
2546 2590
2546 2591
2546 2600
2546 2601
2546 2602
2546 2607
2546 2611
2546 2613
2546 2615
2546 2619
2546 2623
2546 2624
2546 2625
2546 2630
2546 2631
2546 2638
2546 2646
2546 2654
2547 136
2547 1465
2547 1577
2547 1718
2547 1912
2547 1920
2547 1926
2547 1941
2547 1947
2547 1955
2547 2007
2547 2026
2547 2053
2547 2071
2547 2081
2547 2087
2547 2102
2547 2111
2547 2131
2547 2149
2547 2153
2547 2161
2547 2174
2547 2180
2547 2199
2547 2203
2547 2215
2547 2224
2547 2232
2547 2243
2547 2254
2547 2264
2547 2267
2547 2268
2547 2282
2547 2285
2547 2294
2547 2302
2547 2327
2547 2336
2547 2338
2547 2347
2547 2372
2547 2394
2547 2398
2547 2458
2547 2463
2547 2473
2547 2509
2547 2510
2547 2537
2547 2555
2547 2597
2547 2617
2548 1912
2548 2113
2548 2217
2548 2313
2548 2375
2548 2439
2548 2450
2548 2558
2549 1912
2549 1917
2549 1918
2549 1925
2549 1929
2549 1938
2549 1943
2549 1946
2549 1962
2549 1966
2549 1971
2549 1979
2549 1983
2549 1984
2549 1985
2549 1986
2549 1993
2549 1997
2549 2020
2549 2030
2549 2033
2549 2037
2549 2043
2549 2045
2549 2059
2549 2060
2549 2063
2549 2064
2549 2069
2549 2073
2549 2077
2549 2078
2549 2083
2549 2088
2549 2090
2549 2093
2549 2095
2549 2098
2549 2103
2549 2104
2549 2108
2549 2109
2549 2112
2549 2115
2549 2118
2549 2121
2549 2122
2549 2123
2549 2124
2549 2131
2549 2139
2549 2140
2549 2142
2549 2150
2549 2154
2549 2172
2549 2184
2549 2188
2549 2190
2549 2200
2549 2201
2549 2206
2549 2212
2549 2213
2549 2216
2549 2218
2549 2220
2549 2229
2549 2233
2549 2237
2549 2240
2549 2244
2549 2253
2549 2257
2549 2258
2549 2266
2549 2271
2549 2275
2549 2276
2549 2290
2549 2299
2549 2300
2549 2306
2549 2307
2549 2308
2549 2309
2549 2323
2549 2324
2549 2326
2549 2331
2549 2339
2549 2340
2549 2348
2549 2352
2549 2354
2549 2356
2549 2359
2549 2363
2549 2369
2549 2370
2549 2374
2549 2376
2549 2381
2549 2386
2549 2392
2549 2395
2549 2404
2549 2408
2549 2409
2549 2410
2549 2414
2549 2423
2549 2428
2549 2430
2549 2433
2549 2446
2549 2464
2549 2467
2549 2468
2549 2469
2549 2477
2549 2482
2549 2484
2549 2485
2549 2492
2549 2499
2549 2500
2549 2504
2549 2507
2549 2520
2549 2526
2549 2532
2549 2539
2549 2542
2549 2550
2549 2551
2549 2553
2549 2556
2549 2560
2549 2561
2549 2564
2549 2573
2549 2574
2549 2578
2549 2579
2549 2586
2549 2590
2549 2591
2549 2593
2549 2601
2549 2602
2549 2604
2549 2607
2549 2611
2549 2615
2549 2619
2549 2624
2549 2625
2549 2630
2549 2654
2549 2655
