2550 1912
2550 1917
2550 1925
2550 1938
2550 1941
2550 1943
2550 1946
2550 1953
2550 1962
2550 1966
2550 1971
2550 1979
2550 1983
2550 1984
2550 1985
2550 1986
2550 1989
2550 1993
2550 1997
2550 2005
2550 2020
2550 2026
2550 2030
2550 2033
2550 2037
2550 2040
2550 2043
2550 2045
2550 2055
2550 2059
2550 2060
2550 2063
2550 2064
2550 2069
2550 2073
2550 2077
2550 2078
2550 2083
2550 2084
2550 2088
2550 2090
2550 2093
2550 2098
2550 2103
2550 2104
2550 2108
2550 2112
2550 2115
2550 2118
2550 2121
2550 2123
2550 2124
2550 2131
2550 2139
2550 2142
2550 2150
2550 2172
2550 2184
2550 2188
2550 2189
2550 2190
2550 2201
2550 2206
2550 2207
2550 2212
2550 2213
2550 2218
2550 2220
2550 2229
2550 2233
2550 2240
2550 2244
2550 2253
2550 2266
2550 2271
2550 2275
2550 2276
2550 2278
2550 2290
2550 2300
2550 2306
2550 2308
2550 2309
2550 2323
2550 2324
2550 2331
2550 2334
2550 2339
2550 2340
2550 2347
2550 2348
2550 2352
2550 2353
2550 2354
2550 2356
2550 2363
2550 2369
2550 2370
2550 2374
2550 2376
2550 2381
2550 2386
2550 2395
2550 2404
2550 2408
2550 2409
2550 2410
2550 2414
2550 2418
2550 2423
2550 2428
2550 2433
2550 2446
2550 2460
2550 2462
2550 2464
2550 2468
2550 2469
2550 2478
2550 2482
2550 2492
2550 2495
2550 2499
2550 2504
2550 2506
2550 2507
2550 2520
2550 2521
2550 2526
2550 2539
2550 2542
2550 2549
2550 2551
2550 2552
2550 2553
2550 2556
2550 2559
2550 2560
2550 2561
2550 2564
2550 2573
2550 2574
2550 2575
2550 2578
2550 2586
2550 2590
2550 2593
2550 2600
2550 2601
2550 2602
2550 2604
2550 2607
2550 2611
2550 2615
2550 2619
2550 2622
2550 2623
2550 2624
2550 2625
2550 2630
2550 2654
2550 2655
2551 1912
2551 1917
2551 1918
2551 1925
2551 1929
2551 1938
2551 1941
2551 1943
2551 1946
2551 1953
2551 1962
2551 1966
2551 1979
2551 1983
2551 1984
2551 1985
2551 1989
2551 1993
2551 1997
2551 2005
2551 2020
2551 2030
2551 2033
2551 2040
2551 2045
2551 2046
2551 2060
2551 2063
2551 2064
2551 2069
2551 2073
2551 2074
2551 2077
2551 2078
2551 2083
2551 2084
2551 2086
2551 2088
2551 2090
2551 2095
2551 2098
2551 2103
2551 2104
2551 2108
2551 2109
2551 2112
2551 2118
2551 2122
2551 2123
2551 2131
2551 2139
2551 2140
2551 2142
2551 2150
2551 2164
2551 2165
2551 2184
2551 2188
2551 2190
2551 2201
2551 2206
2551 2210
2551 2212
2551 2218
2551 2220
2551 2229
2551 2233
2551 2237
2551 2240
2551 2244
2551 2257
2551 2261
2551 2266
2551 2271
2551 2275
2551 2276
2551 2278
2551 2299
2551 2309
2551 2323
2551 2324
2551 2326
2551 2329
2551 2334
2551 2339
2551 2340
2551 2347
2551 2348
2551 2353
2551 2354
2551 2356
2551 2370
2551 2374
2551 2376
2551 2381
2551 2384
2551 2386
2551 2392
2551 2395
2551 2407
2551 2408
2551 2409
2551 2410
2551 2418
2551 2428
2551 2433
2551 2446
2551 2460
2551 2462
2551 2464
2551 2468
2551 2469
2551 2477
2551 2478
2551 2482
2551 2484
2551 2485
2551 2495
2551 2504
2551 2506
2551 2507
2551 2521
2551 2526
2551 2539
2551 2542
2551 2543
2551 2546
2551 2549
2551 2550
2551 2552
2551 2553
2551 2554
2551 2559
2551 2560
2551 2563
2551 2564
2551 2573
2551 2575
2551 2578
2551 2586
2551 2590
2551 2593
2551 2597
2551 2600
2551 2601
2551 2602
2551 2604
2551 2606
2551 2607
2551 2611
2551 2615
2551 2619
2551 2623
2551 2630
2551 2631
2551 2638
2551 2646
2551 2654
2552 1912
2552 1918
2552 1925
2552 1929
2552 1938
2552 1942
2552 1943
2552 1946
2552 1966
2552 1971
2552 1979
2552 1983
2552 1984
2552 1993
2552 1997
2552 2030
2552 2033
2552 2046
2552 2058
2552 2059
2552 2064
2552 2073
2552 2078
2552 2084
2552 2088
2552 2090
2552 2093
2552 2095
2552 2103
2552 2109
2552 2112
2552 2115
2552 2118
2552 2123
2552 2124
2552 2131
2552 2140
2552 2142
2552 2150
2552 2165
2552 2172
2552 2184
2552 2188
2552 2190
2552 2200
2552 2201
2552 2206
2552 2218
2552 2233
2552 2240
2552 2244
2552 2253
2552 2266
2552 2275
2552 2276
2552 2309
2552 2323
2552 2324
2552 2326
2552 2331
2552 2339
2552 2340
2552 2363
2552 2369
2552 2376
2552 2381
2552 2386
2552 2391
2552 2404
2552 2408
2552 2409
2552 2410
2552 2414
2552 2423
2552 2428
2552 2430
2552 2433
2552 2460
2552 2464
2552 2467
2552 2468
2552 2484
2552 2492
2552 2495
2552 2500
2552 2507
2552 2526
2552 2532
2552 2542
2552 2546
2552 2550
2552 2551
2552 2561
2552 2563
2552 2564
2552 2574
2552 2586
2552 2590
2552 2591
2552 2593
2552 2600
2552 2601
2552 2602
2552 2604
2552 2607
2552 2611
2552 2615
2552 2619
2552 2624
2552 2630
2552 2654
2552 2655
2553 1912
2553 1917
2553 1918
2553 1925
2553 1929
2553 1938
2553 1943
2553 1962
2553 1963
2553 1966
2553 1979
2553 1983
2553 1984
2553 1985
2553 1986
2553 1989
2553 1993
2553 1997
2553 2020
2553 2030
2553 2033
2553 2037
2553 2040
2553 2043
2553 2045
2553 2046
2553 2056
2553 2059
2553 2060
2553 2063
2553 2064
2553 2069
2553 2073
2553 2074
2553 2077
2553 2078
2553 2083
2553 2084
2553 2086
2553 2088
2553 2090
2553 2093
2553 2095
2553 2098
2553 2103
2553 2104
2553 2108
2553 2112
2553 2115
2553 2118
2553 2121
2553 2122
2553 2123
2553 2124
2553 2131
2553 2139
2553 2140
2553 2142
2553 2150
2553 2154
2553 2165
2553 2172
2553 2179
2553 2184
2553 2188
2553 2190
2553 2200
2553 2201
2553 2206
2553 2213
2553 2216
2553 2218
2553 2220
2553 2229
2553 2233
2553 2240
2553 2244
2553 2253
2553 2257
2553 2261
2553 2266
2553 2271
2553 2275
2553 2276
2553 2278
2553 2287
2553 2290
2553 2299
2553 2307
2553 2308
2553 2309
2553 2323
2553 2324
2553 2326
2553 2331
2553 2339
2553 2340
2553 2348
2553 2352
2553 2354
2553 2356
2553 2359
2553 2363
2553 2369
2553 2370
2553 2374
2553 2376
2553 2386
2553 2391
2553 2392
2553 2395
2553 2404
2553 2407
2553 2408
2553 2409
2553 2410
2553 2414
2553 2418
2553 2423
2553 2426
2553 2428
2553 2430
2553 2433
2553 2446
2553 2460
2553 2464
2553 2468
2553 2469
2553 2477
2553 2484
2553 2485
2553 2492
2553 2495
2553 2499
2553 2500
2553 2504
2553 2506
2553 2507
2553 2520
2553 2526
2553 2532
2553 2536
2553 2542
2553 2546
2553 2549
2553 2550
2553 2551
2553 2556
2553 2559
2553 2561
2553 2564
2553 2573
2553 2575
2553 2578
2553 2579
2553 2586
2553 2590
2553 2593
2553 2600
2553 2601
2553 2602
2553 2604
2553 2607
2553 2611
2553 2615
2553 2619
2553 2624
2553 2625
2553 2630
2553 2631
2553 2638
2553 2646
2553 2655
2554 1912
2554 1917
2554 1918
2554 1925
2554 1938
2554 1946
2554 1962
2554 1971
2554 1979
2554 1993
2554 1997
2554 2005
2554 2026
2554 2030
2554 2033
2554 2043
2554 2059
2554 2073
2554 2078
2554 2084
2554 2088
2554 2093
2554 2095
2554 2112
2554 2123
2554 2131
2554 2140
2554 2142
2554 2150
2554 2172
2554 2188
2554 2190
2554 2200
2554 2201
2554 2206
2554 2212
2554 2213
2554 2218
2554 2220
2554 2233
2554 2240
2554 2244
2554 2257
2554 2266
2554 2271
2554 2275
2554 2276
2554 2299
2554 2308
2554 2309
2554 2323
2554 2331
2554 2339
2554 2340
2554 2347
2554 2352
2554 2353
2554 2354
2554 2356
2554 2359
2554 2369
2554 2374
2554 2381
2554 2404
2554 2410
2554 2428
2554 2464
2554 2467
2554 2484
2554 2492
2554 2495
2554 2500
2554 2504
2554 2507
2554 2539
2554 2546
2554 2551
2554 2560
2554 2564
2554 2574
2554 2578
2554 2586
2554 2590
2554 2593
2554 2600
2554 2602
2554 2607
2554 2611
2554 2615
2554 2624
2554 2630
2554 2654
2554 2655
2555 1465
2555 1577
2555 1718
2555 1912
2555 1916
2555 1920
2555 1926
2555 1932
2555 1940
2555 1941
2555 1945
2555 1947
2555 1948
2555 1954
2555 1955
2555 1959
2555 1970
2555 1994
2555 2002
2555 2007
2555 2010
2555 2026
2555 2028
2555 2032
2555 2038
2555 2039
2555 2042
2555 2047
2555 2052
2555 2053
2555 2054
2555 2068
2555 2071
2555 2072
2555 2081
2555 2087
2555 2099
2555 2102
2555 2111
2555 2117
2555 2125
2555 2127
2555 2128
2555 2132
2555 2133
2555 2134
2555 2135
2555 2137
2555 2138
2555 2143
2555 2144
2555 2148
2555 2149
2555 2153
2555 2161
2555 2176
2555 2180
2555 2183
2555 2187
2555 2189
2555 2191
2555 2194
2555 2196
2555 2199
2555 2223
2555 2224
2555 2239
2555 2241
2555 2246
2555 2247
2555 2250
2555 2267
2555 2268
2555 2273
2555 2279
2555 2282
2555 2283
2555 2285
2555 2289
2555 2292
2555 2293
2555 2302
2555 2304
2555 2315
2555 2325
2555 2327
2555 2328
2555 2332
2555 2333
2555 2336
2555 2338
2555 2344
2555 2345
2555 2347
2555 2351
2555 2368
2555 2372
2555 2377
2555 2384
2555 2398
2555 2399
2555 2420
2555 2458
2555 2461
2555 2465
2555 2468
2555 2471
2555 2472
2555 2475
2555 2491
2555 2508
2555 2509
2555 2510
2555 2511
2555 2516
2555 2529
2555 2533
2555 2543
2555 2547
2555 2567
2555 2582
2555 2589
2555 2592
2555 2594
2555 2597
2555 2598
2555 2599
2555 2608
2555 2609
2555 2617
2555 2629
2555 2642
2555 2643
2555 2649
2555 2653
2556 1912
2556 1917
2556 1929
2556 1938
2556 1941
2556 1942
2556 1943
2556 1962
2556 1971
2556 1979
2556 1985
2556 1986
2556 1993
2556 2005
2556 2020
2556 2030
2556 2033
2556 2040
2556 2045
2556 2059
2556 2060
2556 2064
2556 2069
2556 2073
2556 2078
2556 2083
2556 2084
2556 2088
2556 2090
2556 2093
2556 2098
2556 2103
2556 2104
2556 2108
2556 2109
2556 2121
2556 2122
2556 2123
2556 2124
2556 2131
2556 2140
2556 2142
2556 2150
2556 2154
2556 2172
2556 2179
2556 2184
2556 2188
2556 2190
2556 2206
2556 2210
2556 2213
2556 2218
2556 2220
2556 2229
2556 2233
2556 2237
2556 2240
2556 2244
2556 2253
2556 2257
2556 2261
2556 2266
2556 2271
2556 2278
2556 2290
2556 2300
2556 2306
2556 2307
2556 2308
2556 2309
2556 2324
2556 2326
2556 2331
2556 2334
2556 2339
2556 2340
2556 2347
2556 2348
2556 2352
2556 2369
2556 2370
2556 2374
2556 2376
2556 2381
2556 2386
2556 2391
2556 2392
2556 2395
2556 2407
2556 2408
2556 2410
2556 2414
2556 2433
2556 2460
2556 2464
2556 2467
2556 2469
2556 2478
2556 2492
2556 2504
2556 2507
2556 2520
2556 2521
2556 2526
2556 2532
2556 2542
2556 2549
2556 2550
2556 2553
2556 2559
2556 2561
2556 2573
2556 2574
2556 2575
2556 2578
2556 2579
2556 2586
2556 2593
2556 2601
2556 2602
2556 2604
2556 2607
2556 2611
2556 2615
2556 2619
2556 2624
2556 2625
2556 2630
2556 2631
2556 2655
2557 1912
2557 1923
2557 1964
2557 1965
2557 2031
2557 2047
2557 2117
2557 2133
2557 2155
2557 2176
2557 2199
2557 2226
2557 2270
2557 2289
2557 2295
2557 2310
2557 2318
2557 2322
2557 2325
2557 2328
2557 2416
2557 2419
2557 2425
2557 2525
2557 2531
2557 2540
2557 2603
2557 2610
2557 2637
2557 2641
2557 2642
2558 1912
2558 2051
2558 2100
2558 2113
2558 2119
2558 2217
2558 2227
2558 2249
2558 2263
2558 2313
2558 2375
2558 2422
2558 2431
2558 2439
2558 2441
2558 2450
2558 2528
2558 2548
2558 2614
2558 2618
2558 2621
2558 2632
2559 1912
2559 1917
2559 1918
2559 1925
2559 1929
2559 1938
2559 1941
2559 1943
2559 1946
2559 1953
2559 1962
2559 1966
2559 1971
2559 1979
2559 1983
2559 1984
2559 1985
2559 1986
2559 1993
2559 2005
2559 2020
2559 2030
2559 2033
2559 2037
2559 2040
2559 2043
2559 2045
2559 2046
2559 2055
2559 2059
2559 2060
2559 2064
2559 2069
2559 2073
2559 2078
2559 2083
2559 2084
2559 2086
2559 2088
2559 2090
2559 2093
2559 2095
2559 2103
2559 2104
2559 2108
2559 2109
2559 2112
2559 2115
2559 2118
2559 2121
2559 2123
2559 2124
2559 2131
2559 2139
2559 2140
2559 2142
2559 2150
2559 2154
2559 2164
2559 2165
2559 2172
2559 2184
2559 2188
2559 2190
2559 2200
2559 2201
2559 2206
2559 2210
2559 2212
2559 2213
2559 2216
2559 2218
2559 2220
2559 2229
2559 2233
2559 2237
2559 2240
2559 2244
2559 2253
2559 2257
2559 2258
2559 2266
2559 2271
2559 2275
2559 2276
2559 2278
2559 2290
2559 2299
2559 2306
2559 2307
2559 2308
2559 2309
2559 2323
2559 2324
2559 2326
2559 2329
2559 2331
2559 2334
2559 2339
2559 2340
2559 2347
2559 2348
2559 2356
2559 2359
2559 2363
2559 2369
2559 2370
2559 2376
2559 2381
2559 2386
2559 2395
2559 2407
2559 2409
2559 2410
2559 2414
2559 2423
2559 2428
2559 2433
2559 2446
2559 2460
2559 2464
2559 2467
2559 2468
2559 2477
2559 2482
2559 2492
2559 2495
2559 2499
2559 2500
2559 2504
2559 2507
2559 2532
2559 2542
2559 2543
2559 2550
2559 2551
2559 2553
2559 2556
2559 2560
2559 2561
2559 2563
2559 2564
2559 2574
2559 2575
2559 2578
2559 2579
2559 2586
2559 2590
2559 2593
2559 2600
2559 2601
2559 2602
2559 2604
2559 2607
2559 2611
2559 2615
2559 2619
2559 2623
2559 2624
2559 2625
2559 2630
2559 2638
2559 2646
2559 2654
2559 2655
2560 1912
2560 1917
2560 1918
2560 1925
2560 1929
2560 1938
2560 1941
2560 1943
2560 1946
2560 1953
2560 1962
2560 1963
2560 1966
2560 1971
2560 1979
2560 1982
2560 1983
2560 1984
2560 1985
2560 1986
2560 1993
2560 1997
2560 2005
2560 2007
2560 2020
2560 2021
2560 2030
2560 2033
2560 2037
2560 2040
2560 2043
2560 2045
2560 2046
2560 2055
2560 2059
2560 2060
2560 2063
2560 2064
2560 2065
2560 2069
2560 2073
2560 2074
2560 2077
2560 2078
2560 2083
2560 2084
2560 2086
2560 2088
2560 2090
2560 2093
2560 2095
2560 2098
2560 2103
2560 2104
2560 2108
2560 2109
2560 2112
2560 2115
2560 2118
2560 2121
2560 2122
2560 2123
2560 2124
2560 2131
2560 2139
2560 2140
2560 2142
2560 2150
2560 2164
2560 2165
2560 2172
2560 2184
2560 2188
2560 2190
2560 2200
2560 2201
2560 2206
2560 2208
2560 2210
2560 2212
2560 2213
2560 2216
2560 2218
2560 2220
2560 2229
2560 2233
2560 2237
2560 2240
2560 2244
2560 2253
2560 2258
2560 2261
2560 2266
2560 2271
2560 2275
2560 2276
2560 2278
2560 2290
2560 2292
2560 2299
2560 2306
2560 2307
2560 2308
2560 2309
2560 2311
2560 2323
2560 2324
2560 2326
2560 2329
2560 2331
2560 2334
2560 2339
2560 2340
2560 2345
2560 2347
2560 2348
2560 2354
2560 2356
2560 2359
2560 2363
2560 2369
2560 2370
2560 2374
2560 2376
2560 2381
2560 2386
2560 2392
2560 2395
2560 2404
2560 2408
2560 2409
2560 2410
2560 2414
2560 2418
2560 2423
2560 2428
2560 2430
2560 2433
2560 2446
2560 2460
2560 2464
2560 2467
2560 2468
2560 2469
2560 2477
2560 2478
2560 2482
2560 2484
2560 2485
2560 2489
2560 2492
2560 2499
2560 2500
2560 2501
2560 2504
2560 2506
2560 2507
2560 2512
2560 2520
2560 2521
2560 2526
2560 2530
2560 2532
2560 2539
2560 2542
2560 2543
2560 2546
2560 2549
2560 2550
2560 2551
2560 2554
2560 2559
2560 2561
2560 2563
2560 2564
2560 2567
2560 2573
2560 2574
2560 2578
2560 2579
2560 2586
2560 2590
2560 2593
2560 2600
2560 2601
2560 2602
2560 2604
2560 2606
2560 2607
2560 2611
2560 2613
2560 2615
2560 2619
2560 2623
2560 2624
2560 2625
2560 2630
2560 2638
2560 2646
2560 2654
2560 2655
2561 1912
2561 1917
2561 1918
2561 1925
2561 1929
2561 1938
2561 1941
2561 1943
2561 1946
2561 1962
2561 1966
2561 1971
2561 1983
2561 1984
2561 1985
2561 1993
2561 1997
2561 2020
2561 2030
2561 2033
2561 2037
2561 2040
2561 2043
2561 2045
2561 2059
2561 2064
2561 2069
2561 2073
2561 2077
2561 2078
2561 2083
2561 2084
2561 2088
2561 2090
2561 2093
2561 2098
2561 2103
2561 2104
2561 2108
2561 2109
2561 2112
2561 2115
2561 2118
2561 2121
2561 2123
2561 2124
2561 2131
2561 2137
2561 2139
2561 2140
2561 2142
2561 2150
2561 2164
2561 2172
2561 2184
2561 2201
2561 2206
2561 2210
2561 2212
2561 2213
2561 2216
2561 2218
2561 2220
2561 2229
2561 2233
2561 2237
2561 2240
2561 2244
2561 2253
2561 2266
2561 2271
2561 2275
2561 2276
2561 2278
2561 2290
2561 2300
2561 2306
2561 2307
2561 2309
2561 2323
2561 2324
2561 2326
2561 2331
2561 2334
2561 2339
2561 2340
2561 2347
2561 2348
2561 2352
2561 2353
2561 2354
2561 2356
2561 2363
2561 2369
2561 2374
2561 2376
2561 2381
2561 2386
2561 2395
2561 2408
2561 2409
2561 2410
2561 2414
2561 2428
2561 2429
2561 2430
2561 2446
2561 2449
2561 2462
2561 2464
2561 2467
2561 2468
2561 2469
2561 2476
2561 2477
2561 2478
2561 2482
2561 2492
2561 2499
2561 2500
2561 2504
2561 2506
2561 2507
2561 2520
2561 2526
2561 2542
2561 2543
2561 2549
2561 2550
2561 2552
2561 2553
2561 2556
2561 2559
2561 2560
2561 2564
2561 2573
2561 2576
2561 2579
2561 2586
2561 2590
2561 2591
2561 2593
2561 2601
2561 2602
2561 2604
2561 2607
2561 2611
2561 2615
2561 2619
2561 2624
2561 2625
2561 2630
2561 2638
2561 2654
2561 2655
2562 1912
2562 1936
2562 2049
2562 2107
2562 2181
2562 2238
2562 2313
2562 2322
2562 2342
2562 2357
2562 2397
2562 2448
2562 2618
2562 2656
2563 1912
2563 1917
2563 1918
2563 1925
2563 1938
2563 1941
2563 1946
2563 1962
2563 1966
2563 1971
2563 1979
2563 1983
2563 1984
2563 1985
2563 1993
2563 1997
2563 2021
2563 2030
2563 2043
2563 2045
2563 2046
2563 2059
2563 2073
2563 2078
2563 2088
2563 2093
2563 2095
2563 2103
2563 2104
2563 2112
2563 2118
2563 2123
2563 2131
2563 2150
2563 2164
2563 2165
2563 2172
2563 2179
2563 2184
2563 2200
2563 2201
2563 2206
2563 2212
2563 2213
2563 2218
2563 2220
2563 2229
2563 2233
2563 2240
2563 2253
2563 2257
2563 2266
2563 2275
2563 2276
2563 2299
2563 2307
2563 2309
2563 2323
2563 2324
2563 2326
2563 2329
2563 2339
2563 2340
2563 2347
2563 2353
2563 2369
2563 2374
2563 2376
2563 2381
2563 2386
2563 2404
2563 2409
2563 2410
2563 2414
2563 2428
2563 2429
2563 2430
2563 2433
2563 2464
2563 2468
2563 2485
2563 2489
2563 2495
2563 2500
2563 2504
2563 2507
2563 2521
2563 2542
2563 2546
2563 2551
2563 2552
2563 2559
2563 2560
2563 2564
2563 2574
2563 2586
2563 2590
2563 2600
2563 2601
2563 2602
2563 2604
2563 2607
2563 2611
2563 2615
2563 2619
2563 2623
2563 2624
2563 2630
2563 2638
2563 2654
2564 1912
2564 1917
2564 1918
2564 1925
2564 1929
2564 1938
2564 1941
2564 1942
2564 1943
2564 1946
2564 1953
2564 1962
2564 1963
2564 1966
2564 1971
2564 1979
2564 1983
2564 1984
2564 1985
2564 1986
2564 1993
2564 1997
2564 2005
2564 2020
2564 2021
2564 2030
2564 2033
2564 2037
2564 2040
2564 2043
2564 2045
2564 2056
2564 2058
2564 2059
2564 2060
2564 2063
2564 2064
2564 2069
2564 2073
2564 2074
2564 2077
2564 2078
2564 2083
2564 2086
2564 2088
2564 2090
2564 2093
2564 2095
2564 2103
2564 2104
2564 2108
2564 2109
2564 2112
2564 2118
2564 2121
2564 2122
2564 2123
2564 2124
2564 2131
2564 2136
2564 2139
2564 2142
2564 2150
2564 2154
2564 2172
2564 2184
2564 2188
2564 2190
2564 2201
2564 2206
2564 2210
2564 2212
2564 2213
2564 2216
2564 2218
2564 2220
2564 2229
2564 2233
2564 2237
2564 2240
2564 2244
2564 2253
2564 2257
2564 2258
2564 2261
2564 2266
2564 2271
2564 2275
2564 2276
2564 2278
2564 2290
2564 2299
2564 2300
2564 2306
2564 2307
2564 2308
2564 2309
2564 2323
2564 2324
2564 2326
2564 2331
2564 2334
2564 2339
2564 2340
2564 2348
2564 2352
2564 2354
2564 2356
2564 2359
2564 2363
2564 2369
2564 2370
2564 2374
2564 2376
2564 2381
2564 2383
2564 2392
2564 2395
2564 2404
2564 2407
2564 2408
2564 2409
2564 2410
2564 2414
2564 2418
2564 2423
2564 2428
2564 2430
2564 2433
2564 2446
2564 2460
2564 2464
2564 2467
2564 2468
2564 2469
2564 2477
2564 2478
2564 2482
2564 2484
2564 2485
2564 2489
2564 2492
2564 2495
2564 2500
2564 2504
2564 2507
2564 2520
2564 2521
2564 2526
2564 2542
2564 2543
2564 2546
2564 2549
2564 2550
2564 2551
2564 2552
2564 2553
2564 2554
2564 2559
2564 2560
2564 2561
2564 2563
2564 2573
2564 2575
2564 2578
2564 2579
2564 2586
2564 2590
2564 2591
2564 2593
2564 2600
2564 2601
2564 2602
2564 2604
2564 2607
2564 2611
2564 2613
2564 2615
2564 2619
2564 2623
2564 2624
2564 2625
2564 2630
2564 2631
2564 2638
2564 2646
2564 2654
2564 2655
2565 1912
2565 1996
2565 2017
2565 2581
2566 1912
2566 1926
2566 1964
2566 1977
2566 2036
2566 2038
2566 2047
2566 2085
2566 2145
2566 2186
2566 2211
2566 2226
2566 2232
2566 2235
2566 2265
2566 2296
2566 2322
2566 2345
2566 2366
2566 2367
2566 2379
2566 2406
2566 2473
2566 2523
2566 2610
2566 2612
2567 1465
2567 1577
2567 1912
2567 1920
2567 1926
2567 1932
2567 1941
2567 1945
2567 1948
2567 1959
2567 1994
2567 2002
2567 2007
2567 2010
2567 2026
2567 2028
2567 2032
2567 2039
2567 2040
2567 2042
2567 2047
2567 2053
2567 2054
2567 2065
2567 2068
2567 2071
2567 2081
2567 2087
2567 2102
2567 2111
2567 2117
2567 2127
2567 2128
2567 2133
2567 2134
2567 2135
2567 2138
2567 2143
2567 2148
2567 2151
2567 2153
2567 2176
2567 2180
2567 2183
2567 2187
2567 2189
2567 2191
2567 2194
2567 2196
2567 2199
2567 2210
2567 2215
2567 2223
2567 2233
2567 2241
2567 2246
2567 2247
2567 2250
2567 2267
2567 2268
2567 2273
2567 2279
2567 2282
2567 2283
2567 2285
2567 2289
2567 2292
2567 2293
2567 2302
2567 2315
2567 2319
2567 2327
2567 2328
2567 2332
2567 2333
2567 2336
2567 2338
2567 2347
2567 2351
2567 2372
2567 2377
2567 2384
2567 2398
2567 2420
2567 2436
2567 2445
2567 2461
2567 2463
2567 2465
2567 2471
2567 2472
2567 2496
2567 2498
2567 2508
2567 2510
2567 2511
2567 2516
2567 2522
2567 2530
2567 2533
2567 2537
2567 2543
2567 2555
2567 2560
2567 2582
2567 2589
2567 2592
2567 2597
2567 2598
2567 2609
2567 2616
2567 2617
2567 2629
2567 2642
2567 2643
2567 2653
2568 1912
2568 2054
2568 2072
2568 2096
2568 2101
2568 2221
2568 2222
2568 2274
2568 2438
2568 2501
2568 2603
2569 1912
2570 1912
2570 1956
2570 1960
2570 2049
2570 2070
2570 2082
2570 2089
2570 2105
2570 2107
2570 2119
2570 2126
2570 2129
2570 2228
2570 2301
2570 2397
2570 2412
2570 2474
2570 2488
2570 2535
2570 2577
2570 2587
2571 136
2571 1912
2571 1941
2571 1945
2571 1954
2571 1994
2571 1998
2571 2009
2571 2018
2571 2032
2571 2068
2571 2101
2571 2116
2571 2143
2571 2148
2571 2187
2571 2194
2571 2232
2571 2268
2571 2315
2571 2367
2571 2379
2571 2394
2571 2417
2571 2472
2571 2508
2571 2531
2571 2594
2571 2597
2571 2598
2572 1912
2572 1959
2572 2047
2572 2057
2572 2060
2572 2068
2572 2075
2572 2087
2572 2111
2572 2149
2572 2199
2572 2215
2572 2305
2572 2332
2572 2336
2572 2372
2572 2385
2572 2468
2572 2543
2573 1912
2573 1917
2573 1918
2573 1925
2573 1929
2573 1938
2573 1941
2573 1943
2573 1946
2573 1953
2573 1962
2573 1963
2573 1966
2573 1971
2573 1979
2573 1983
2573 1984
2573 1985
2573 1989
2573 1993
2573 2020
2573 2030
2573 2033
2573 2037
2573 2040
2573 2043
2573 2045
2573 2046
2573 2056
2573 2058
2573 2059
2573 2063
2573 2064
2573 2069
2573 2073
2573 2074
2573 2078
2573 2083
2573 2084
2573 2088
2573 2090
2573 2098
2573 2103
2573 2104
2573 2108
2573 2109
2573 2112
2573 2118
2573 2121
2573 2123
2573 2124
2573 2131
2573 2137
2573 2140
2573 2142
2573 2150
2573 2154
2573 2165
2573 2172
2573 2184
2573 2188
2573 2190
2573 2200
2573 2201
2573 2206
2573 2210
2573 2212
2573 2218
2573 2220
2573 2229
2573 2233
2573 2240
2573 2244
2573 2253
2573 2257
2573 2266
2573 2271
2573 2275
2573 2276
2573 2278
2573 2290
2573 2299
2573 2306
2573 2307
2573 2308
2573 2309
2573 2323
2573 2324
2573 2326
2573 2331
2573 2334
2573 2339
2573 2340
2573 2347
2573 2348
2573 2352
2573 2354
2573 2356
2573 2363
2573 2369
2573 2376
2573 2381
2573 2395
2573 2404
2573 2409
2573 2410
2573 2414
2573 2423
2573 2428
2573 2430
2573 2446
2573 2460
2573 2462
2573 2464
2573 2467
2573 2468
2573 2482
2573 2485
2573 2492
2573 2500
2573 2506
2573 2507
2573 2520
2573 2542
2573 2543
2573 2549
2573 2550
2573 2551
2573 2553
2573 2556
2573 2560
2573 2561
2573 2564
2573 2576
2573 2578
2573 2579
2573 2586
2573 2590
2573 2593
2573 2600
2573 2601
2573 2602
2573 2604
2573 2607
2573 2611
2573 2615
2573 2619
2573 2624
2573 2625
2573 2630
2573 2631
2573 2638
2574 1912
2574 1918
2574 1929
2574 1938
2574 1984
2574 1985
2574 1986
2574 1993
2574 1997
2574 2021
2574 2030
2574 2033
2574 2037
2574 2040
2574 2043
2574 2059
2574 2069
2574 2078
2574 2083
2574 2088
2574 2098
2574 2103
2574 2109
2574 2115
2574 2123
2574 2124
2574 2131
2574 2139
2574 2140
2574 2142
2574 2165
2574 2172
2574 2184
2574 2188
2574 2190
2574 2201
2574 2206
2574 2212
2574 2218
2574 2220
2574 2233
2574 2240
2574 2261
2574 2266
2574 2271
2574 2275
2574 2276
2574 2278
2574 2290
2574 2307
2574 2309
2574 2323
2574 2326
2574 2329
2574 2331
2574 2340
2574 2347
2574 2352
2574 2359
2574 2369
2574 2381
2574 2392
2574 2395
2574 2410
2574 2414
2574 2423
2574 2433
2574 2446
2574 2460
2574 2464
2574 2467
2574 2484
2574 2492
2574 2495
2574 2499
2574 2500
2574 2506
2574 2532
2574 2536
2574 2539
2574 2542
2574 2546
2574 2549
2574 2550
2574 2552
2574 2554
2574 2556
2574 2559
2574 2560
2574 2563
2574 2579
2574 2590
2574 2591
2574 2593
2574 2600
2574 2602
2574 2607
2574 2615
2574 2619
2574 2624
2574 2625
2574 2630
2574 2631
2575 1912
2575 1917
2575 1938
2575 1941
2575 1943
2575 1946
2575 1966
2575 1971
2575 1979
2575 1983
2575 1984
2575 1985
2575 1986
2575 1989
2575 1993
2575 1997
2575 2005
2575 2030
2575 2037
2575 2040
2575 2043
2575 2045
2575 2055
2575 2057
2575 2059
2575 2060
2575 2064
2575 2069
2575 2073
2575 2074
2575 2077
2575 2078
2575 2083
2575 2084
2575 2086
2575 2088
2575 2090
2575 2093
2575 2098
2575 2112
2575 2115
2575 2121
2575 2122
2575 2123
2575 2131
2575 2140
2575 2142
2575 2147
2575 2150
2575 2164
2575 2179
2575 2188
2575 2190
2575 2200
2575 2201
2575 2206
2575 2213
2575 2216
2575 2218
2575 2220
2575 2229
2575 2233
2575 2244
2575 2257
2575 2258
2575 2261
2575 2266
2575 2271
2575 2278
2575 2299
2575 2300
2575 2307
2575 2309
2575 2323
2575 2324
2575 2326
2575 2334
2575 2339
2575 2340
2575 2347
2575 2352
2575 2353
2575 2354
2575 2356
2575 2363
2575 2369
2575 2370
2575 2376
2575 2386
2575 2392
2575 2404
2575 2410
2575 2414
2575 2418
2575 2423
2575 2428
2575 2433
2575 2446
2575 2460
2575 2464
2575 2468
2575 2469
2575 2477
2575 2484
2575 2499
2575 2504
2575 2506
2575 2507
2575 2520
2575 2521
2575 2526
2575 2532
2575 2536
2575 2539
2575 2542
2575 2543
2575 2546
2575 2550
2575 2551
2575 2553
2575 2556
2575 2559
2575 2564
2575 2579
2575 2586
2575 2590
2575 2591
2575 2593
2575 2600
2575 2601
2575 2602
2575 2604
2575 2606
2575 2607
2575 2611
2575 2615
2575 2619
2575 2625
2575 2630
2575 2646
2575 2655
2576 1912
2576 1917
2576 1943
2576 1966
2576 1979
2576 1984
2576 2056
2576 2067
2576 2088
2576 2090
2576 2092
2576 2112
2576 2123
2576 2131
2576 2136
2576 2147
2576 2184
2576 2188
2576 2229
2576 2234
2576 2244
2576 2257
2576 2262
2576 2266
2576 2300
2576 2339
2576 2350
2576 2369
2576 2376
2576 2391
2576 2404
2576 2410
2576 2460
2576 2476
2576 2478
2576 2506
2576 2512
2576 2536
2576 2561
2576 2573
2576 2578
2576 2590
2576 2600
2576 2611
2576 2630
2577 1912
2577 1933
2577 1960
2577 2023
2577 2120
2577 2126
2577 2129
2577 2156
2577 2160
2577 2231
2577 2316
2577 2317
2577 2322
2577 2397
2577 2412
2577 2440
2577 2474
2577 2570
2577 2587
2577 2628
2578 1912
2578 1917
2578 1918
2578 1925
2578 1929
2578 1938
2578 1941
2578 1943
2578 1946
2578 1962
2578 1963
2578 1966
2578 1971
2578 1979
2578 1983
2578 1984
2578 1985
2578 1993
2578 2005
2578 2020
2578 2030
2578 2033
2578 2037
2578 2043
2578 2045
2578 2046
2578 2056
2578 2059
2578 2063
2578 2064
2578 2069
2578 2073
2578 2074
2578 2077
2578 2078
2578 2084
2578 2086
2578 2088
2578 2090
2578 2093
2578 2095
2578 2098
2578 2103
2578 2104
2578 2108
2578 2109
2578 2112
2578 2118
2578 2121
2578 2122
2578 2123
2578 2124
2578 2131
2578 2139
2578 2140
2578 2142
2578 2150
2578 2154
2578 2165
2578 2172
2578 2184
2578 2188
2578 2190
2578 2201
2578 2206
2578 2210
2578 2216
2578 2218
2578 2220
2578 2229
2578 2233
2578 2237
2578 2240
2578 2244
2578 2253
2578 2257
2578 2261
2578 2266
2578 2271
2578 2275
2578 2278
2578 2290
2578 2299
2578 2306
2578 2307
2578 2308
2578 2309
2578 2324
2578 2326
2578 2329
2578 2331
2578 2334
2578 2339
2578 2340
2578 2347
2578 2348
2578 2352
2578 2354
2578 2356
2578 2359
2578 2363
2578 2369
2578 2370
2578 2374
2578 2376
2578 2381
2578 2395
2578 2408
2578 2409
2578 2410
2578 2414
2578 2423
2578 2428
2578 2430
2578 2446
2578 2460
2578 2464
2578 2468
2578 2477
2578 2482
2578 2484
2578 2485
2578 2492
2578 2499
2578 2500
2578 2504
2578 2507
2578 2520
2578 2521
2578 2526
2578 2542
2578 2543
2578 2549
2578 2550
2578 2551
2578 2553
2578 2554
2578 2556
2578 2559
2578 2560
2578 2564
2578 2573
2578 2576
2578 2579
2578 2586
2578 2590
2578 2593
2578 2600
2578 2601
2578 2602
2578 2604
2578 2606
2578 2607
2578 2611
2578 2615
2578 2623
2578 2624
2578 2625
2578 2630
2578 2631
2578 2638
2578 2646
2578 2654
2578 2655
2579 1912
2579 1917
2579 1918
2579 1925
2579 1938
2579 1943
2579 1962
2579 1966
2579 1971
2579 1983
2579 1985
2579 1986
2579 1993
2579 2020
2579 2043
2579 2045
2579 2046
2579 2056
2579 2059
2579 2063
2579 2069
2579 2073
2579 2078
2579 2083
2579 2084
2579 2090
2579 2093
2579 2098
2579 2108
2579 2109
2579 2112
2579 2118
2579 2123
2579 2124
2579 2131
2579 2140
2579 2142
2579 2150
2579 2154
2579 2164
2579 2165
2579 2172
2579 2184
2579 2188
2579 2190
2579 2201
2579 2206
2579 2210
2579 2218
2579 2220
2579 2229
2579 2233
2579 2240
2579 2244
2579 2266
2579 2271
2579 2275
2579 2278
2579 2290
2579 2299
2579 2306
2579 2307
2579 2309
2579 2324
2579 2326
2579 2331
2579 2339
2579 2340
2579 2347
2579 2348
2579 2352
2579 2354
2579 2356
2579 2369
2579 2374
2579 2376
2579 2395
2579 2404
2579 2408
2579 2409
2579 2410
2579 2446
2579 2460
2579 2464
2579 2495
2579 2506
2579 2507
2579 2520
2579 2526
2579 2542
2579 2543
2579 2546
2579 2549
2579 2553
2579 2556
2579 2559
2579 2560
2579 2561
2579 2564
2579 2573
2579 2574
2579 2575
2579 2578
2579 2590
2579 2593
2579 2601
2579 2602
2579 2604
2579 2611
2579 2615
2579 2624
2579 2625
2579 2630
2579 2631
2579 2638
2579 2655
2580 1912
2580 2047
2580 2236
2580 2317
2580 2411
2580 2474
2581 1912
2581 1923
2581 1966
2581 1987
2581 1996
2581 2029
2581 2047
2581 2048
2581 2085
2581 2174
2581 2226
2581 2292
2581 2296
2581 2302
2581 2313
2581 2321
2581 2324
2581 2367
2581 2379
2581 2425
2581 2462
2581 2498
2581 2565
2581 2610
2582 1577
2582 1718
2582 1912
2582 1913
2582 1916
2582 1920
2582 1932
2582 1939
2582 1940
2582 1945
2582 1947
2582 1948
2582 1954
2582 2002
2582 2007
2582 2010
2582 2028
2582 2032
2582 2038
2582 2039
2582 2042
2582 2047
2582 2052
2582 2054
2582 2068
2582 2081
2582 2087
2582 2102
2582 2111
2582 2117
2582 2125
2582 2127
2582 2128
2582 2133
2582 2138
2582 2143
2582 2149
2582 2151
2582 2153
2582 2163
2582 2169
2582 2174
2582 2176
2582 2183
2582 2187
2582 2189
2582 2196
2582 2199
2582 2203
2582 2223
2582 2224
2582 2241
2582 2246
2582 2247
2582 2250
2582 2268
2582 2273
2582 2279
2582 2282
2582 2283
2582 2289
2582 2292
2582 2294
2582 2295
2582 2298
2582 2328
2582 2332
2582 2333
2582 2336
2582 2343
2582 2344
2582 2347
2582 2368
2582 2372
2582 2377
2582 2384
2582 2398
2582 2399
2582 2419
2582 2434
2582 2461
2582 2463
2582 2471
2582 2475
2582 2498
2582 2502
2582 2509
2582 2510
2582 2512
2582 2516
2582 2519
2582 2533
2582 2543
2582 2555
2582 2567
2582 2588
2582 2598
2582 2616
2582 2629
2582 2643
2582 2649
2583 136
2583 1912
2583 1914
2583 1919
2583 1927
2583 1935
2583 1951
2583 1958
2583 1972
2583 1973
2583 1976
2583 1980
2583 1991
2583 1995
2583 1998
2583 1999
2583 2001
2583 2009
2583 2024
2583 2025
2583 2027
2583 2061
2583 2116
2583 2157
2583 2159
2583 2171
2583 2268
2583 2284
2583 2337
2583 2346
2583 2364
2583 2365
2583 2378
2583 2435
2583 2459
2583 2494
2583 2620
2583 2627
2583 2636
2583 2639
2583 2640
2583 2645
2583 2647
2583 2648
2583 2657
2583 2659
2584 1912
2584 1942
2584 2019
2584 2056
2584 2067
2584 2092
2584 2189
2584 2234
2584 2387
2584 2391
2584 2393
2584 2443
2584 2476
2584 2478
2584 2611
2585 1912
2585 1914
2585 1919
2585 1921
2585 1927
2585 1935
2585 1951
2585 1954
2585 1957
2585 1958
2585 1968
2585 1972
2585 1980
2585 1995
2585 1998
2585 2001
2585 2006
2585 2011
2585 2022
2585 2024
2585 2061
2585 2097
2585 2159
2585 2192
2585 2202
2585 2284
2585 2297
2585 2346
2585 2364
2585 2447
2585 2538
2585 2620
2585 2626
2585 2640
2585 2645
2585 2647
2585 2648
2585 2657
2585 2658
2585 2659
2586 1912
2586 1917
2586 1918
2586 1925
2586 1929
2586 1938
2586 1941
2586 1943
2586 1946
2586 1953
2586 1962
2586 1963
2586 1966
2586 1971
2586 1979
2586 1983
2586 1984
2586 1985
2586 1986
2586 1993
2586 2005
2586 2020
2586 2030
2586 2033
2586 2037
2586 2040
2586 2043
2586 2045
2586 2046
2586 2058
2586 2059
2586 2063
2586 2064
2586 2069
2586 2073
2586 2074
2586 2077
2586 2078
2586 2083
2586 2084
2586 2088
2586 2090
2586 2093
2586 2095
2586 2098
2586 2103
2586 2104
2586 2108
2586 2109
2586 2112
2586 2115
2586 2118
2586 2121
2586 2122
2586 2123
2586 2124
2586 2131
2586 2139
2586 2140
2586 2142
2586 2150
2586 2154
2586 2164
2586 2165
2586 2172
2586 2184
2586 2188
2586 2190
2586 2201
2586 2206
2586 2212
2586 2216
2586 2218
2586 2220
2586 2229
2586 2233
2586 2237
2586 2240
2586 2244
2586 2253
2586 2257
2586 2261
2586 2266
2586 2271
2586 2275
2586 2276
2586 2278
2586 2290
2586 2299
2586 2306
2586 2307
2586 2308
2586 2309
2586 2323
2586 2324
2586 2326
2586 2329
2586 2331
2586 2334
2586 2339
2586 2340
2586 2347
2586 2348
2586 2352
2586 2353
2586 2354
2586 2356
2586 2359
2586 2363
2586 2369
2586 2370
2586 2374
2586 2376
2586 2381
2586 2386
2586 2395
2586 2404
2586 2408
2586 2409
2586 2410
2586 2414
2586 2418
2586 2423
2586 2428
2586 2429
2586 2430
2586 2433
2586 2446
2586 2460
2586 2462
2586 2464
2586 2467
2586 2468
2586 2469
2586 2478
2586 2482
2586 2484
2586 2485
2586 2489
2586 2492
2586 2495
2586 2500
2586 2504
2586 2507
2586 2520
2586 2521
2586 2526
2586 2532
2586 2539
2586 2542
2586 2543
2586 2546
2586 2549
2586 2550
2586 2551
2586 2552
2586 2553
2586 2554
2586 2556
2586 2559
2586 2560
2586 2561
2586 2563
2586 2564
2586 2573
2586 2575
2586 2578
2586 2590
2586 2591
2586 2593
2586 2600
2586 2601
2586 2602
2586 2604
2586 2607
2586 2611
2586 2615
2586 2619
2586 2623
2586 2624
2586 2625
2586 2630
2586 2631
2586 2638
2586 2646
2586 2654
2586 2655
2587 1912
2587 1915
2587 1922
2587 1933
2587 2107
2587 2120
2587 2126
2587 2129
2587 2156
2587 2160
2587 2181
2587 2317
2587 2357
2587 2405
2587 2412
2587 2424
2587 2455
2587 2570
2587 2577
2588 1577
2588 1718
2588 1912
2588 1916
2588 1940
2588 1945
2588 1947
2588 1954
2588 2002
2588 2007
2588 2010
2588 2026
2588 2028
2588 2031
2588 2032
2588 2038
2588 2039
2588 2047
2588 2052
2588 2054
2588 2068
2588 2071
2588 2081
2588 2087
2588 2102
2588 2111
2588 2117
2588 2125
2588 2127
2588 2133
2588 2134
2588 2143
2588 2149
2588 2151
2588 2153
2588 2169
2588 2174
2588 2176
2588 2180
2588 2187
2588 2189
2588 2194
2588 2196
2588 2198
2588 2199
2588 2203
2588 2224
2588 2239
2588 2241
2588 2246
2588 2247
2588 2250
2588 2264
2588 2268
2588 2273
2588 2282
2588 2283
2588 2285
2588 2289
2588 2292
2588 2294
2588 2325
2588 2328
2588 2330
2588 2336
2588 2343
2588 2344
2588 2350
2588 2377
2588 2384
2588 2419
2588 2436
2588 2461
2588 2463
2588 2465
2588 2471
2588 2475
2588 2491
2588 2498
2588 2509
2588 2510
2588 2512
2588 2514
2588 2543
2588 2582
2588 2598
2588 2616
2588 2629
2588 2642
2588 2649
2588 2653
2589 136
2589 1577
2589 1718
2589 1912
2589 1926
2589 1932
2589 1940
2589 1945
2589 1955
2589 1964
2589 2007
2589 2032
2589 2038
2589 2047
2589 2054
2589 2068
2589 2071
2589 2072
2589 2081
2589 2087
2589 2102
2589 2111
2589 2127
2589 2133
2589 2138
2589 2144
2589 2151
2589 2169
2589 2174
2589 2180
2589 2183
2589 2187
2589 2189
2589 2196
2589 2203
2589 2223
2589 2224
2589 2232
2589 2241
2589 2249
2589 2254
2589 2267
2589 2268
2589 2279
2589 2283
2589 2289
2589 2315
2589 2319
2589 2325
2589 2327
2589 2330
2589 2336
2589 2372
2589 2384
2589 2394
2589 2398
2589 2419
2589 2436
2589 2445
2589 2451
2589 2458
2589 2463
2589 2471
2589 2473
2589 2491
2589 2508
2589 2510
2589 2511
2589 2533
2589 2537
2589 2555
2589 2567
2589 2594
2589 2598
2589 2608
2589 2616
2589 2617
2589 2649
2589 2653
2590 1912
2590 1917
2590 1918
2590 1925
2590 1929
2590 1938
2590 1941
2590 1943
2590 1946
2590 1953
2590 1962
2590 1963
2590 1966
2590 1971
2590 1979
2590 1983
2590 1984
2590 1985
2590 1986
2590 1989
2590 1993
2590 1997
2590 2005
2590 2020
2590 2030
2590 2033
2590 2040
2590 2043
2590 2045
2590 2046
2590 2055
2590 2058
2590 2059
2590 2063
2590 2064
2590 2069
2590 2073
2590 2074
2590 2077
2590 2078
2590 2083
2590 2084
2590 2086
2590 2088
2590 2090
2590 2092
2590 2093
2590 2095
2590 2098
2590 2103
2590 2104
2590 2108
2590 2109
2590 2112
2590 2115
2590 2118
2590 2121
2590 2122
2590 2123
2590 2124
2590 2131
2590 2139
2590 2140
2590 2142
2590 2147
2590 2150
2590 2154
2590 2164
2590 2165
2590 2172
2590 2179
2590 2184
2590 2188
2590 2190
2590 2200
2590 2201
2590 2206
2590 2210
2590 2212
2590 2213
2590 2216
2590 2218
2590 2220
2590 2229
2590 2233
2590 2237
2590 2240
2590 2244
2590 2257
2590 2261
2590 2266
2590 2271
2590 2275
2590 2276
2590 2278
2590 2287
2590 2290
2590 2299
2590 2300
2590 2307
2590 2308
2590 2309
2590 2323
2590 2324
2590 2326
2590 2329
2590 2331
2590 2339
2590 2340
2590 2347
2590 2348
2590 2352
2590 2353
2590 2354
2590 2356
2590 2359
2590 2363
2590 2369
2590 2370
2590 2374
2590 2376
2590 2381
2590 2386
2590 2392
2590 2395
2590 2404
2590 2407
2590 2408
2590 2409
2590 2410
2590 2414
2590 2418
2590 2423
2590 2428
2590 2429
2590 2433
2590 2446
2590 2460
2590 2464
2590 2467
2590 2469
2590 2477
2590 2482
2590 2484
2590 2485
2590 2492
2590 2495
2590 2500
2590 2504
2590 2506
2590 2507
2590 2520
2590 2521
2590 2526
2590 2532
2590 2539
2590 2542
2590 2543
2590 2546
2590 2549
2590 2550
2590 2551
2590 2552
2590 2553
2590 2554
2590 2559
2590 2560
2590 2561
2590 2563
2590 2564
2590 2573
2590 2574
2590 2575
2590 2576
2590 2578
2590 2579
2590 2586
2590 2591
2590 2593
2590 2600
2590 2601
2590 2602
2590 2604
2590 2607
2590 2611
2590 2613
2590 2615
2590 2619
2590 2623
2590 2624
2590 2625
2590 2630
2590 2631
2590 2638
2590 2646
2590 2654
2590 2655
2591 1912
2591 1917
2591 1918
2591 1929
2591 1938
2591 1971
2591 1984
2591 1985
2591 1993
2591 2030
2591 2037
2591 2043
2591 2045
2591 2046
2591 2059
2591 2069
2591 2073
2591 2074
2591 2078
2591 2088
2591 2090
2591 2095
2591 2098
2591 2103
2591 2123
2591 2124
2591 2139
2591 2140
2591 2142
2591 2164
2591 2165
2591 2172
2591 2184
2591 2190
2591 2201
2591 2206
2591 2218
2591 2220
2591 2229
2591 2233
2591 2237
2591 2240
2591 2244
2591 2261
2591 2266
2591 2276
2591 2299
2591 2307
2591 2323
2591 2324
2591 2326
2591 2331
2591 2340
2591 2347
2591 2352
2591 2359
2591 2369
2591 2374
2591 2376
2591 2381
2591 2409
2591 2410
2591 2428
2591 2430
2591 2433
2591 2464
2591 2484
2591 2485
2591 2495
2591 2499
2591 2500
2591 2507
2591 2520
2591 2526
2591 2532
2591 2536
2591 2539
2591 2546
2591 2549
2591 2552
2591 2561
2591 2564
2591 2574
2591 2575
2591 2586
2591 2590
2591 2593
2591 2600
2591 2601
2591 2602
2591 2607
2591 2615
2591 2619
2591 2624
2591 2638
2591 2655
2592 1465
2592 1577
2592 1912
2592 1920
2592 1932
2592 1941
2592 1945
2592 1948
2592 1955
2592 1959
2592 1970
2592 1981
2592 1985
2592 1994
2592 2002
2592 2007
2592 2010
2592 2026
2592 2028
2592 2032
2592 2039
2592 2042
2592 2047
2592 2052
2592 2053
2592 2054
2592 2057
2592 2062
2592 2065
2592 2068
2592 2071
2592 2072
2592 2081
2592 2087
2592 2111
2592 2117
2592 2125
2592 2127
2592 2132
2592 2133
2592 2135
2592 2137
2592 2138
2592 2143
2592 2144
2592 2148
2592 2149
2592 2153
2592 2161
2592 2169
2592 2176
2592 2180
2592 2183
2592 2187
2592 2191
2592 2194
2592 2196
2592 2199
2592 2208
2592 2215
2592 2223
2592 2235
2592 2241
2592 2246
2592 2247
2592 2259
2592 2264
2592 2267
2592 2268
2592 2279
2592 2280
2592 2282
2592 2283
2592 2292
2592 2293
2592 2294
2592 2302
2592 2315
2592 2319
2592 2327
2592 2328
2592 2332
2592 2333
2592 2336
2592 2338
2592 2344
2592 2347
2592 2351
2592 2366
2592 2384
2592 2385
2592 2392
2592 2394
2592 2396
2592 2398
2592 2420
2592 2438
2592 2451
2592 2458
2592 2463
2592 2465
2592 2471
2592 2472
2592 2491
2592 2498
2592 2508
2592 2509
2592 2510
2592 2511
2592 2529
2592 2530
2592 2533
2592 2537
2592 2543
2592 2555
2592 2567
2592 2597
2592 2598
2592 2608
2592 2609
2592 2617
2592 2629
2592 2643
2592 2652
2592 2653
2593 1912
2593 1917
2593 1918
2593 1925
2593 1929
2593 1938
2593 1941
2593 1943
2593 1946
2593 1953
2593 1962
2593 1966
2593 1971
2593 1979
2593 1983
2593 1984
2593 1986
2593 1989
2593 1993
2593 1997
2593 2005
2593 2020
2593 2030
2593 2033
2593 2037
2593 2040
2593 2043
2593 2045
2593 2046
2593 2055
2593 2056
2593 2059
2593 2063
2593 2064
2593 2069
2593 2073
2593 2074
2593 2077
2593 2078
2593 2083
2593 2086
2593 2088
2593 2090
2593 2093
2593 2095
2593 2103
2593 2104
2593 2108
2593 2109
2593 2115
2593 2118
2593 2121
2593 2122
2593 2123
2593 2124
2593 2131
2593 2139
2593 2140
2593 2142
2593 2150
2593 2154
2593 2164
2593 2165
2593 2172
2593 2184
2593 2188
2593 2190
2593 2200
2593 2201
2593 2206
2593 2212
2593 2213
2593 2216
2593 2218
2593 2220
2593 2229
2593 2233
2593 2237
2593 2240
2593 2244
2593 2253
2593 2257
2593 2261
2593 2266
2593 2271
2593 2275
2593 2276
2593 2278
2593 2287
2593 2290
2593 2299
2593 2300
2593 2306
2593 2309
2593 2323
2593 2324
2593 2326
2593 2329
2593 2331
2593 2334
2593 2339
2593 2340
2593 2347
2593 2348
2593 2352
2593 2353
2593 2354
2593 2356
2593 2359
2593 2363
2593 2369
2593 2370
2593 2374
2593 2376
2593 2381
2593 2386
2593 2392
2593 2395
2593 2404
2593 2407
2593 2408
2593 2409
2593 2410
2593 2414
2593 2418
2593 2423
2593 2428
2593 2430
2593 2433
2593 2446
2593 2460
2593 2464
2593 2469
2593 2477
2593 2482
2593 2484
2593 2485
2593 2489
2593 2492
2593 2495
2593 2500
2593 2504
2593 2506
2593 2507
2593 2521
2593 2526
2593 2532
2593 2539
2593 2542
2593 2543
2593 2549
2593 2550
2593 2551
2593 2552
2593 2553
2593 2554
2593 2556
2593 2559
2593 2560
2593 2561
2593 2564
2593 2573
2593 2574
2593 2575
2593 2578
2593 2579
2593 2586
2593 2590
2593 2591
2593 2600
2593 2601
2593 2602
2593 2604
2593 2607
2593 2611
2593 2615
2593 2619
2593 2624
2593 2625
2593 2630
2593 2631
2593 2638
2593 2646
2593 2654
2593 2655
2594 1577
2594 1912
2594 1926
2594 1941
2594 1945
2594 1947
2594 1954
2594 1955
2594 1982
2594 1988
2594 2026
2594 2032
2594 2038
2594 2047
2594 2052
2594 2053
2594 2054
2594 2058
2594 2072
2594 2081
2594 2087
2594 2101
2594 2111
2594 2117
2594 2125
2594 2127
2594 2128
2594 2132
2594 2133
2594 2137
2594 2138
2594 2144
2594 2153
2594 2161
2594 2174
2594 2176
2594 2183
2594 2189
2594 2199
2594 2211
2594 2223
2594 2232
2594 2235
2594 2241
2594 2243
2594 2247
2594 2254
2594 2259
2594 2268
2594 2280
2594 2282
2594 2283
2594 2289
2594 2293
2594 2304
2594 2319
2594 2328
2594 2333
2594 2338
2594 2344
2594 2345
2594 2355
2594 2367
2594 2368
2594 2372
2594 2379
2594 2394
2594 2396
2594 2398
2594 2401
2594 2417
2594 2425
2594 2429
2594 2449
2594 2451
2594 2458
2594 2461
2594 2468
2594 2471
2594 2473
2594 2491
2594 2508
2594 2510
2594 2511
2594 2516
2594 2518
2594 2537
2594 2543
2594 2555
2594 2571
2594 2589
2594 2598
2594 2617
2594 2649
2595 1912
2595 2483
2595 2527
2596 1912
2597 1465
2597 1577
2597 1912
2597 1920
2597 1926
2597 1932
2597 1940
2597 1941
2597 1945
2597 1948
2597 1959
2597 1985
2597 1994
2597 2007
2597 2028
2597 2032
2597 2039
2597 2042
2597 2047
2597 2053
2597 2054
2597 2062
2597 2068
2597 2071
2597 2072
2597 2081
2597 2087
2597 2111
2597 2117
2597 2127
2597 2135
2597 2137
2597 2138
2597 2143
2597 2148
2597 2153
2597 2161
2597 2180
2597 2183
2597 2187
2597 2189
2597 2191
2597 2194
2597 2196
2597 2199
2597 2203
2597 2239
2597 2247
2597 2250
2597 2264
2597 2268
2597 2279
2597 2282
2597 2283
2597 2285
2597 2289
2597 2292
2597 2293
2597 2302
2597 2315
2597 2316
2597 2319
2597 2327
2597 2330
2597 2332
2597 2333
2597 2336
2597 2338
2597 2347
2597 2351
2597 2367
2597 2368
2597 2372
2597 2384
2597 2394
2597 2398
2597 2417
2597 2420
2597 2436
2597 2445
2597 2451
2597 2461
2597 2468
2597 2472
2597 2473
2597 2491
2597 2508
2597 2509
2597 2510
2597 2511
2597 2533
2597 2543
2597 2547
2597 2551
2597 2555
2597 2567
2597 2571
2597 2592
2597 2598
2597 2608
2597 2609
2597 2629
2597 2642
2597 2643
2597 2649
2598 136
2598 1465
2598 1577
2598 1718
2598 1912
2598 1916
2598 1920
2598 1926
2598 1932
2598 1939
2598 1940
2598 1941
2598 1945
2598 1947
2598 1948
2598 1954
2598 1955
2598 1959
2598 1970
2598 1994
2598 2002
2598 2007
2598 2010
2598 2026
2598 2028
2598 2032
2598 2038
2598 2039
2598 2042
2598 2047
2598 2052
2598 2053
2598 2054
2598 2062
2598 2068
2598 2071
2598 2072
2598 2081
2598 2087
2598 2101
2598 2102
2598 2111
2598 2117
2598 2125
2598 2127
2598 2128
2598 2132
2598 2133
2598 2134
2598 2135
2598 2138
2598 2143
2598 2144
2598 2148
2598 2149
2598 2151
2598 2153
2598 2161
2598 2169
2598 2174
2598 2176
2598 2180
2598 2183
2598 2187
2598 2189
2598 2191
2598 2194
2598 2196
2598 2198
2598 2199
2598 2203
2598 2223
2598 2224
2598 2226
2598 2232
2598 2235
2598 2241
2598 2243
2598 2246
2598 2247
2598 2250
2598 2254
2598 2259
2598 2268
2598 2273
2598 2279
2598 2280
2598 2282
2598 2283
2598 2289
2598 2292
2598 2294
2598 2302
2598 2304
2598 2315
2598 2319
2598 2327
2598 2328
2598 2330
2598 2332
2598 2333
2598 2336
2598 2338
2598 2343
2598 2344
2598 2345
2598 2347
2598 2351
2598 2367
2598 2368
2598 2372
2598 2377
2598 2379
2598 2384
2598 2394
2598 2398
2598 2399
2598 2417
2598 2419
2598 2420
2598 2436
2598 2445
2598 2451
2598 2458
2598 2461
2598 2463
2598 2465
2598 2471
2598 2472
2598 2473
2598 2475
2598 2491
2598 2498
2598 2501
2598 2508
2598 2509
2598 2510
2598 2511
2598 2512
2598 2516
2598 2518
2598 2519
2598 2533
2598 2537
2598 2543
2598 2555
2598 2567
2598 2571
2598 2582
2598 2588
2598 2589
2598 2592
2598 2594
2598 2597
2598 2608
2598 2609
2598 2616
2598 2617
2598 2629
2598 2635
2598 2642
2598 2643
2598 2649
2598 2653
2599 1912
2599 1959
2599 2032
2599 2071
2599 2144
2599 2148
2599 2153
2599 2241
2599 2465
2599 2472
2599 2543
2599 2555
2599 2629
2599 2653
