2600 1912
2600 1917
2600 1918
2600 1925
2600 1938
2600 1941
2600 1943
2600 1953
2600 1962
2600 1966
2600 1971
2600 1979
2600 1983
2600 1985
2600 1986
2600 1989
2600 1993
2600 2005
2600 2007
2600 2020
2600 2030
2600 2033
2600 2037
2600 2040
2600 2043
2600 2045
2600 2046
2600 2055
2600 2056
2600 2059
2600 2060
2600 2063
2600 2064
2600 2069
2600 2073
2600 2074
2600 2077
2600 2078
2600 2083
2600 2084
2600 2086
2600 2088
2600 2090
2600 2093
2600 2095
2600 2098
2600 2104
2600 2108
2600 2112
2600 2115
2600 2118
2600 2121
2600 2122
2600 2123
2600 2124
2600 2131
2600 2139
2600 2140
2600 2142
2600 2147
2600 2150
2600 2154
2600 2164
2600 2165
2600 2172
2600 2179
2600 2184
2600 2188
2600 2190
2600 2200
2600 2201
2600 2206
2600 2210
2600 2212
2600 2213
2600 2216
2600 2218
2600 2220
2600 2233
2600 2237
2600 2240
2600 2244
2600 2261
2600 2266
2600 2275
2600 2276
2600 2278
2600 2287
2600 2290
2600 2299
2600 2307
2600 2308
2600 2309
2600 2323
2600 2324
2600 2326
2600 2331
2600 2339
2600 2340
2600 2347
2600 2348
2600 2352
2600 2353
2600 2354
2600 2359
2600 2363
2600 2369
2600 2370
2600 2374
2600 2376
2600 2381
2600 2386
2600 2391
2600 2392
2600 2395
2600 2404
2600 2407
2600 2408
2600 2409
2600 2410
2600 2414
2600 2418
2600 2423
2600 2428
2600 2430
2600 2433
2600 2446
2600 2460
2600 2462
2600 2464
2600 2467
2600 2468
2600 2469
2600 2482
2600 2485
2600 2489
2600 2492
2600 2495
2600 2500
2600 2506
2600 2507
2600 2520
2600 2521
2600 2526
2600 2532
2600 2539
2600 2542
2600 2543
2600 2546
2600 2550
2600 2551
2600 2552
2600 2553
2600 2554
2600 2559
2600 2560
2600 2563
2600 2564
2600 2573
2600 2574
2600 2575
2600 2576
2600 2578
2600 2586
2600 2590
2600 2591
2600 2593
2600 2601
2600 2602
2600 2604
2600 2606
2600 2607
2600 2611
2600 2615
2600 2619
2600 2623
2600 2625
2600 2630
2600 2631
2600 2638
2600 2646
2600 2655
2601 1912
2601 1917
2601 1918
2601 1925
2601 1929
2601 1938
2601 1941
2601 1943
2601 1946
2601 1953
2601 1962
2601 1963
2601 1966
2601 1971
2601 1983
2601 1984
2601 1985
2601 1993
2601 1997
2601 2005
2601 2007
2601 2020
2601 2021
2601 2030
2601 2033
2601 2037
2601 2040
2601 2043
2601 2045
2601 2058
2601 2059
2601 2060
2601 2063
2601 2064
2601 2069
2601 2073
2601 2074
2601 2077
2601 2078
2601 2083
2601 2084
2601 2086
2601 2088
2601 2090
2601 2093
2601 2095
2601 2098
2601 2103
2601 2104
2601 2108
2601 2109
2601 2112
2601 2115
2601 2118
2601 2121
2601 2122
2601 2123
2601 2124
2601 2131
2601 2139
2601 2140
2601 2142
2601 2150
2601 2154
2601 2164
2601 2165
2601 2172
2601 2179
2601 2184
2601 2188
2601 2190
2601 2200
2601 2201
2601 2206
2601 2210
2601 2212
2601 2218
2601 2220
2601 2229
2601 2233
2601 2237
2601 2240
2601 2244
2601 2253
2601 2257
2601 2261
2601 2266
2601 2271
2601 2275
2601 2276
2601 2287
2601 2290
2601 2299
2601 2300
2601 2306
2601 2307
2601 2308
2601 2309
2601 2323
2601 2324
2601 2326
2601 2329
2601 2331
2601 2334
2601 2339
2601 2340
2601 2347
2601 2348
2601 2352
2601 2354
2601 2356
2601 2359
2601 2363
2601 2369
2601 2370
2601 2374
2601 2376
2601 2386
2601 2392
2601 2395
2601 2404
2601 2408
2601 2409
2601 2410
2601 2414
2601 2418
2601 2423
2601 2428
2601 2429
2601 2430
2601 2433
2601 2446
2601 2460
2601 2462
2601 2464
2601 2467
2601 2468
2601 2469
2601 2477
2601 2478
2601 2482
2601 2485
2601 2489
2601 2492
2601 2495
2601 2500
2601 2504
2601 2506
2601 2507
2601 2520
2601 2521
2601 2526
2601 2532
2601 2542
2601 2543
2601 2546
2601 2549
2601 2550
2601 2551
2601 2552
2601 2553
2601 2556
2601 2559
2601 2560
2601 2561
2601 2563
2601 2564
2601 2573
2601 2575
2601 2578
2601 2579
2601 2586
2601 2590
2601 2591
2601 2593
2601 2600
2601 2602
2601 2604
2601 2606
2601 2607
2601 2611
2601 2615
2601 2619
2601 2624
2601 2625
2601 2630
2601 2638
2601 2646
2601 2654
2601 2655
2602 1912
2602 1917
2602 1918
2602 1925
2602 1929
2602 1938
2602 1941
2602 1943
2602 1946
2602 1962
2602 1966
2602 1979
2602 1983
2602 1984
2602 1985
2602 1986
2602 1989
2602 1993
2602 1997
2602 2005
2602 2020
2602 2030
2602 2033
2602 2040
2602 2043
2602 2044
2602 2045
2602 2046
2602 2059
2602 2060
2602 2063
2602 2064
2602 2067
2602 2069
2602 2073
2602 2074
2602 2077
2602 2078
2602 2083
2602 2084
2602 2086
2602 2088
2602 2090
2602 2092
2602 2093
2602 2095
2602 2098
2602 2103
2602 2104
2602 2108
2602 2109
2602 2112
2602 2115
2602 2118
2602 2121
2602 2123
2602 2124
2602 2131
2602 2139
2602 2140
2602 2142
2602 2150
2602 2154
2602 2165
2602 2172
2602 2179
2602 2184
2602 2188
2602 2200
2602 2201
2602 2206
2602 2213
2602 2216
2602 2218
2602 2220
2602 2229
2602 2233
2602 2237
2602 2240
2602 2244
2602 2253
2602 2257
2602 2261
2602 2266
2602 2271
2602 2275
2602 2276
2602 2278
2602 2287
2602 2290
2602 2299
2602 2300
2602 2306
2602 2307
2602 2308
2602 2309
2602 2323
2602 2324
2602 2326
2602 2329
2602 2331
2602 2334
2602 2339
2602 2340
2602 2347
2602 2348
2602 2352
2602 2353
2602 2354
2602 2356
2602 2363
2602 2369
2602 2370
2602 2374
2602 2376
2602 2381
2602 2386
2602 2387
2602 2392
2602 2395
2602 2404
2602 2407
2602 2408
2602 2409
2602 2410
2602 2414
2602 2418
2602 2423
2602 2428
2602 2430
2602 2433
2602 2446
2602 2449
2602 2460
2602 2462
2602 2464
2602 2467
2602 2468
2602 2469
2602 2478
2602 2482
2602 2484
2602 2485
2602 2489
2602 2492
2602 2495
2602 2500
2602 2504
2602 2506
2602 2507
2602 2518
2602 2520
2602 2521
2602 2526
2602 2532
2602 2539
2602 2542
2602 2543
2602 2546
2602 2549
2602 2550
2602 2551
2602 2552
2602 2553
2602 2554
2602 2556
2602 2559
2602 2560
2602 2561
2602 2563
2602 2564
2602 2573
2602 2574
2602 2575
2602 2578
2602 2579
2602 2586
2602 2590
2602 2591
2602 2593
2602 2600
2602 2601
2602 2604
2602 2606
2602 2607
2602 2611
2602 2613
2602 2615
2602 2619
2602 2623
2602 2624
2602 2625
2602 2630
2602 2631
2602 2638
2602 2646
2602 2654
2602 2655
2603 1912
2603 1923
2603 1939
2603 1947
2603 1959
2603 1970
2603 1981
2603 2003
2603 2052
2603 2054
2603 2062
2603 2072
2603 2075
2603 2081
2603 2096
2603 2101
2603 2110
2603 2111
2603 2125
2603 2128
2603 2132
2603 2133
2603 2149
2603 2155
2603 2161
2603 2176
2603 2199
2603 2221
2603 2222
2603 2235
2603 2243
2603 2247
2603 2274
2603 2282
2603 2283
2603 2289
2603 2292
2603 2294
2603 2304
2603 2310
2603 2325
2603 2327
2603 2328
2603 2333
2603 2344
2603 2384
2603 2390
2603 2394
2603 2396
2603 2399
2603 2415
2603 2416
2603 2419
2603 2432
2603 2434
2603 2438
2603 2451
2603 2479
2603 2501
2603 2509
2603 2511
2603 2525
2603 2537
2603 2557
2603 2568
2603 2610
2603 2617
2603 2652
2604 1912
2604 1917
2604 1918
2604 1925
2604 1929
2604 1938
2604 1941
2604 1943
2604 1946
2604 1953
2604 1962
2604 1963
2604 1966
2604 1971
2604 1979
2604 1983
2604 1984
2604 1985
2604 1986
2604 1993
2604 1997
2604 2005
2604 2007
2604 2020
2604 2021
2604 2030
2604 2033
2604 2037
2604 2040
2604 2043
2604 2045
2604 2046
2604 2055
2604 2058
2604 2059
2604 2063
2604 2064
2604 2069
2604 2073
2604 2074
2604 2077
2604 2078
2604 2083
2604 2086
2604 2088
2604 2090
2604 2093
2604 2095
2604 2098
2604 2103
2604 2104
2604 2108
2604 2109
2604 2112
2604 2115
2604 2118
2604 2121
2604 2122
2604 2123
2604 2124
2604 2131
2604 2139
2604 2140
2604 2142
2604 2147
2604 2150
2604 2154
2604 2164
2604 2165
2604 2172
2604 2179
2604 2184
2604 2188
2604 2190
2604 2201
2604 2206
2604 2210
2604 2212
2604 2213
2604 2216
2604 2218
2604 2220
2604 2229
2604 2233
2604 2237
2604 2240
2604 2244
2604 2253
2604 2257
2604 2261
2604 2266
2604 2271
2604 2275
2604 2276
2604 2278
2604 2287
2604 2290
2604 2299
2604 2300
2604 2306
2604 2307
2604 2308
2604 2309
2604 2323
2604 2324
2604 2326
2604 2329
2604 2331
2604 2334
2604 2339
2604 2340
2604 2347
2604 2348
2604 2352
2604 2354
2604 2356
2604 2359
2604 2363
2604 2369
2604 2370
2604 2374
2604 2376
2604 2381
2604 2386
2604 2395
2604 2404
2604 2408
2604 2409
2604 2410
2604 2414
2604 2418
2604 2423
2604 2428
2604 2429
2604 2430
2604 2433
2604 2446
2604 2460
2604 2462
2604 2464
2604 2467
2604 2468
2604 2469
2604 2477
2604 2482
2604 2484
2604 2485
2604 2489
2604 2492
2604 2495
2604 2500
2604 2504
2604 2506
2604 2507
2604 2520
2604 2521
2604 2526
2604 2532
2604 2539
2604 2542
2604 2543
2604 2549
2604 2550
2604 2551
2604 2552
2604 2553
2604 2556
2604 2559
2604 2560
2604 2561
2604 2563
2604 2564
2604 2573
2604 2575
2604 2578
2604 2579
2604 2586
2604 2590
2604 2593
2604 2600
2604 2601
2604 2602
2604 2606
2604 2607
2604 2611
2604 2615
2604 2619
2604 2622
2604 2623
2604 2624
2604 2625
2604 2630
2604 2638
2604 2646
2604 2654
2604 2655
2605 1577
2605 1912
2605 1970
2605 2002
2605 2028
2605 2029
2605 2125
2605 2223
2605 2224
2605 2242
2605 2298
2605 2309
2605 2502
2605 2516
2605 2543
2605 2643
2605 2649
2606 1912
2606 1943
2606 1946
2606 1962
2606 1971
2606 1983
2606 1984
2606 1986
2606 1989
2606 2037
2606 2040
2606 2043
2606 2045
2606 2059
2606 2064
2606 2069
2606 2077
2606 2078
2606 2084
2606 2088
2606 2093
2606 2103
2606 2104
2606 2108
2606 2118
2606 2122
2606 2131
2606 2142
2606 2150
2606 2188
2606 2206
2606 2213
2606 2218
2606 2229
2606 2233
2606 2240
2606 2244
2606 2253
2606 2266
2606 2276
2606 2290
2606 2307
2606 2331
2606 2339
2606 2347
2606 2353
2606 2369
2606 2374
2606 2376
2606 2395
2606 2404
2606 2410
2606 2414
2606 2464
2606 2468
2606 2469
2606 2500
2606 2526
2606 2543
2606 2551
2606 2560
2606 2575
2606 2578
2606 2600
2606 2601
2606 2602
2606 2604
2606 2607
2606 2611
2606 2615
2606 2619
2606 2624
2606 2625
2606 2638
2606 2655
2607 1912
2607 1917
2607 1918
2607 1925
2607 1929
2607 1938
2607 1941
2607 1943
2607 1946
2607 1953
2607 1962
2607 1963
2607 1966
2607 1971
2607 1979
2607 1983
2607 1984
2607 1986
2607 1989
2607 1993
2607 1997
2607 2020
2607 2026
2607 2030
2607 2033
2607 2037
2607 2040
2607 2043
2607 2045
2607 2046
2607 2056
2607 2058
2607 2059
2607 2063
2607 2064
2607 2069
2607 2073
2607 2074
2607 2077
2607 2078
2607 2083
2607 2084
2607 2086
2607 2088
2607 2090
2607 2092
2607 2093
2607 2095
2607 2103
2607 2104
2607 2108
2607 2109
2607 2112
2607 2115
2607 2118
2607 2121
2607 2122
2607 2123
2607 2124
2607 2131
2607 2139
2607 2140
2607 2142
2607 2150
2607 2154
2607 2164
2607 2165
2607 2172
2607 2179
2607 2184
2607 2188
2607 2190
2607 2200
2607 2201
2607 2206
2607 2210
2607 2212
2607 2213
2607 2216
2607 2218
2607 2220
2607 2229
2607 2233
2607 2237
2607 2240
2607 2244
2607 2253
2607 2257
2607 2261
2607 2266
2607 2271
2607 2275
2607 2278
2607 2287
2607 2290
2607 2299
2607 2307
2607 2308
2607 2309
2607 2323
2607 2324
2607 2326
2607 2329
2607 2331
2607 2339
2607 2340
2607 2347
2607 2348
2607 2352
2607 2353
2607 2354
2607 2356
2607 2369
2607 2370
2607 2374
2607 2376
2607 2381
2607 2386
2607 2391
2607 2392
2607 2395
2607 2404
2607 2407
2607 2408
2607 2409
2607 2410
2607 2414
2607 2418
2607 2423
2607 2428
2607 2429
2607 2430
2607 2433
2607 2446
2607 2460
2607 2464
2607 2467
2607 2469
2607 2477
2607 2482
2607 2484
2607 2485
2607 2489
2607 2492
2607 2495
2607 2499
2607 2500
2607 2504
2607 2506
2607 2507
2607 2520
2607 2521
2607 2526
2607 2532
2607 2539
2607 2542
2607 2543
2607 2546
2607 2549
2607 2550
2607 2551
2607 2552
2607 2553
2607 2554
2607 2556
2607 2559
2607 2560
2607 2561
2607 2563
2607 2564
2607 2573
2607 2574
2607 2575
2607 2578
2607 2586
2607 2590
2607 2591
2607 2593
2607 2600
2607 2601
2607 2602
2607 2604
2607 2606
2607 2611
2607 2615
2607 2619
2607 2623
2607 2624
2607 2625
2607 2630
2607 2631
2607 2638
2607 2646
2607 2654
2607 2655
2608 1465
2608 1577
2608 1912
2608 1920
2608 1926
2608 1939
2608 1941
2608 1945
2608 1947
2608 1955
2608 1964
2608 1970
2608 2026
2608 2028
2608 2032
2608 2038
2608 2047
2608 2053
2608 2054
2608 2057
2608 2065
2608 2072
2608 2081
2608 2087
2608 2101
2608 2111
2608 2127
2608 2133
2608 2137
2608 2138
2608 2149
2608 2153
2608 2155
2608 2161
2608 2169
2608 2174
2608 2176
2608 2183
2608 2187
2608 2189
2608 2194
2608 2199
2608 2208
2608 2211
2608 2223
2608 2226
2608 2232
2608 2235
2608 2241
2608 2247
2608 2254
2608 2259
2608 2268
2608 2273
2608 2279
2608 2280
2608 2282
2608 2283
2608 2285
2608 2289
2608 2294
2608 2304
2608 2328
2608 2332
2608 2333
2608 2366
2608 2367
2608 2368
2608 2372
2608 2379
2608 2384
2608 2385
2608 2394
2608 2396
2608 2398
2608 2399
2608 2417
2608 2419
2608 2451
2608 2458
2608 2461
2608 2471
2608 2473
2608 2491
2608 2508
2608 2509
2608 2510
2608 2511
2608 2522
2608 2537
2608 2543
2608 2555
2608 2589
2608 2592
2608 2597
2608 2598
2608 2617
2608 2629
2608 2649
2609 1577
2609 1912
2609 1920
2609 1932
2609 1941
2609 1948
2609 1994
2609 2028
2609 2039
2609 2047
2609 2053
2609 2054
2609 2071
2609 2081
2609 2087
2609 2111
2609 2117
2609 2138
2609 2144
2609 2148
2609 2153
2609 2183
2609 2187
2609 2191
2609 2194
2609 2196
2609 2199
2609 2282
2609 2283
2609 2285
2609 2292
2609 2302
2609 2315
2609 2332
2609 2338
2609 2347
2609 2351
2609 2384
2609 2420
2609 2465
2609 2472
2609 2543
2609 2555
2609 2567
2609 2592
2609 2597
2609 2598
2609 2629
2609 2653
2610 1912
2610 1923
2610 1926
2610 1944
2610 1964
2610 2031
2610 2036
2610 2038
2610 2047
2610 2085
2610 2102
2610 2117
2610 2133
2610 2141
2610 2145
2610 2155
2610 2174
2610 2176
2610 2182
2610 2209
2610 2211
2610 2226
2610 2242
2610 2247
2610 2270
2610 2272
2610 2289
2610 2296
2610 2312
2610 2322
2610 2345
2610 2355
2610 2362
2610 2389
2610 2400
2610 2406
2610 2416
2610 2419
2610 2425
2610 2480
2610 2498
2610 2529
2610 2531
2610 2557
2610 2566
2610 2581
2610 2603
2610 2612
2610 2616
2610 2637
2610 2641
2611 1912
2611 1917
2611 1918
2611 1925
2611 1938
2611 1941
2611 1942
2611 1943
2611 1946
2611 1953
2611 1962
2611 1966
2611 1971
2611 1979
2611 1983
2611 1984
2611 1985
2611 1986
2611 1989
2611 1993
2611 2005
2611 2020
2611 2030
2611 2033
2611 2037
2611 2040
2611 2043
2611 2044
2611 2045
2611 2046
2611 2055
2611 2058
2611 2059
2611 2060
2611 2063
2611 2064
2611 2069
2611 2073
2611 2074
2611 2077
2611 2078
2611 2083
2611 2084
2611 2086
2611 2088
2611 2090
2611 2093
2611 2095
2611 2098
2611 2103
2611 2104
2611 2108
2611 2109
2611 2112
2611 2115
2611 2118
2611 2121
2611 2122
2611 2123
2611 2124
2611 2131
2611 2136
2611 2139
2611 2140
2611 2142
2611 2147
2611 2150
2611 2154
2611 2164
2611 2165
2611 2172
2611 2179
2611 2184
2611 2188
2611 2189
2611 2190
2611 2200
2611 2201
2611 2206
2611 2210
2611 2212
2611 2213
2611 2216
2611 2218
2611 2220
2611 2229
2611 2233
2611 2237
2611 2240
2611 2244
2611 2257
2611 2258
2611 2261
2611 2266
2611 2271
2611 2275
2611 2276
2611 2278
2611 2290
2611 2299
2611 2300
2611 2308
2611 2309
2611 2323
2611 2324
2611 2326
2611 2329
2611 2331
2611 2334
2611 2340
2611 2347
2611 2348
2611 2352
2611 2353
2611 2354
2611 2356
2611 2359
2611 2363
2611 2369
2611 2370
2611 2374
2611 2376
2611 2381
2611 2386
2611 2387
2611 2391
2611 2392
2611 2395
2611 2404
2611 2408
2611 2410
2611 2414
2611 2418
2611 2423
2611 2427
2611 2428
2611 2429
2611 2433
2611 2446
2611 2449
2611 2454
2611 2460
2611 2462
2611 2464
2611 2467
2611 2468
2611 2469
2611 2476
2611 2478
2611 2482
2611 2484
2611 2485
2611 2492
2611 2495
2611 2499
2611 2500
2611 2504
2611 2506
2611 2507
2611 2512
2611 2518
2611 2520
2611 2521
2611 2524
2611 2526
2611 2536
2611 2539
2611 2542
2611 2543
2611 2546
2611 2549
2611 2550
2611 2551
2611 2552
2611 2553
2611 2554
2611 2556
2611 2559
2611 2560
2611 2561
2611 2563
2611 2564
2611 2573
2611 2575
2611 2576
2611 2578
2611 2579
2611 2584
2611 2586
2611 2590
2611 2593
2611 2600
2611 2601
2611 2602
2611 2604
2611 2606
2611 2607
2611 2615
2611 2619
2611 2623
2611 2624
2611 2625
2611 2630
2611 2631
2611 2638
2611 2654
2611 2655
2612 1912
2612 1926
2612 1964
2612 2031
2612 2036
2612 2038
2612 2047
2612 2049
2612 2085
2612 2102
2612 2145
2612 2174
2612 2211
2612 2226
2612 2232
2612 2289
2612 2296
2612 2322
2612 2325
2612 2345
2612 2366
2612 2367
2612 2379
2612 2406
2612 2473
2612 2523
2612 2566
2612 2610
2613 1912
2613 1917
2613 1962
2613 1983
2613 2056
2613 2064
2613 2083
2613 2123
2613 2131
2613 2139
2613 2164
2613 2179
2613 2184
2613 2206
2613 2220
2613 2233
2613 2240
2613 2275
2613 2329
2613 2331
2613 2340
2613 2407
2613 2428
2613 2482
2613 2484
2613 2546
2613 2560
2613 2564
2613 2590
2613 2602
2613 2630
2614 1912
2614 2035
2614 2051
2614 2080
2614 2089
2614 2113
2614 2129
2614 2228
2614 2232
2614 2313
2614 2402
2614 2448
2614 2450
2614 2558
2614 2618
2614 2632
2614 2656
2615 1912
2615 1917
2615 1918
2615 1925
2615 1929
2615 1938
2615 1941
2615 1943
2615 1946
2615 1962
2615 1966
2615 1971
2615 1979
2615 1983
2615 1984
2615 1985
2615 1986
2615 1989
2615 1993
2615 1997
2615 2005
2615 2020
2615 2030
2615 2033
2615 2037
2615 2040
2615 2045
2615 2046
2615 2055
2615 2056
2615 2059
2615 2063
2615 2064
2615 2069
2615 2073
2615 2078
2615 2083
2615 2084
2615 2086
2615 2088
2615 2090
2615 2093
2615 2095
2615 2098
2615 2103
2615 2104
2615 2108
2615 2112
2615 2115
2615 2118
2615 2121
2615 2122
2615 2123
2615 2124
2615 2131
2615 2139
2615 2140
2615 2142
2615 2147
2615 2150
2615 2154
2615 2164
2615 2165
2615 2172
2615 2184
2615 2188
2615 2190
2615 2200
2615 2201
2615 2206
2615 2212
2615 2213
2615 2216
2615 2218
2615 2220
2615 2229
2615 2233
2615 2237
2615 2240
2615 2244
2615 2253
2615 2257
2615 2261
2615 2266
2615 2271
2615 2275
2615 2276
2615 2278
2615 2290
2615 2299
2615 2307
2615 2308
2615 2309
2615 2323
2615 2324
2615 2326
2615 2329
2615 2331
2615 2334
2615 2339
2615 2340
2615 2347
2615 2348
2615 2350
2615 2352
2615 2353
2615 2354
2615 2356
2615 2359
2615 2363
2615 2369
2615 2370
2615 2374
2615 2381
2615 2386
2615 2395
2615 2404
2615 2407
2615 2408
2615 2409
2615 2410
2615 2414
2615 2418
2615 2428
2615 2433
2615 2446
2615 2460
2615 2462
2615 2464
2615 2467
2615 2468
2615 2469
2615 2484
2615 2485
2615 2492
2615 2500
2615 2504
2615 2506
2615 2507
2615 2520
2615 2521
2615 2526
2615 2532
2615 2539
2615 2542
2615 2543
2615 2546
2615 2549
2615 2550
2615 2551
2615 2552
2615 2553
2615 2554
2615 2556
2615 2559
2615 2560
2615 2561
2615 2563
2615 2564
2615 2573
2615 2574
2615 2575
2615 2578
2615 2579
2615 2586
2615 2590
2615 2591
2615 2593
2615 2600
2615 2601
2615 2602
2615 2604
2615 2606
2615 2607
2615 2611
2615 2619
2615 2623
2615 2624
2615 2625
2615 2630
2615 2631
2615 2638
2615 2646
2615 2654
2615 2655
2616 1577
2616 1718
2616 1912
2616 1913
2616 1916
2616 1920
2616 1940
2616 1941
2616 1945
2616 1947
2616 1955
2616 1973
2616 2007
2616 2010
2616 2028
2616 2032
2616 2038
2616 2039
2616 2047
2616 2052
2616 2054
2616 2068
2616 2087
2616 2095
2616 2102
2616 2111
2616 2116
2616 2125
2616 2127
2616 2128
2616 2133
2616 2134
2616 2143
2616 2144
2616 2149
2616 2151
2616 2153
2616 2169
2616 2174
2616 2176
2616 2187
2616 2189
2616 2199
2616 2203
2616 2223
2616 2224
2616 2241
2616 2246
2616 2247
2616 2250
2616 2254
2616 2268
2616 2273
2616 2282
2616 2283
2616 2289
2616 2292
2616 2294
2616 2312
2616 2319
2616 2328
2616 2330
2616 2333
2616 2336
2616 2343
2616 2344
2616 2351
2616 2355
2616 2368
2616 2372
2616 2384
2616 2389
2616 2398
2616 2399
2616 2400
2616 2413
2616 2419
2616 2436
2616 2445
2616 2461
2616 2463
2616 2471
2616 2491
2616 2498
2616 2509
2616 2510
2616 2511
2616 2529
2616 2531
2616 2537
2616 2567
2616 2582
2616 2588
2616 2589
2616 2598
2616 2610
2616 2617
2616 2629
2616 2649
2616 2653
2617 136
2617 1577
2617 1718
2617 1912
2617 1920
2617 1926
2617 1939
2617 1941
2617 1945
2617 1947
2617 1948
2617 1955
2617 1981
2617 2007
2617 2026
2617 2032
2617 2038
2617 2053
2617 2054
2617 2062
2617 2068
2617 2072
2617 2075
2617 2081
2617 2087
2617 2101
2617 2102
2617 2111
2617 2127
2617 2132
2617 2133
2617 2138
2617 2144
2617 2149
2617 2153
2617 2161
2617 2169
2617 2174
2617 2180
2617 2183
2617 2187
2617 2189
2617 2196
2617 2199
2617 2222
2617 2223
2617 2224
2617 2235
2617 2241
2617 2243
2617 2246
2617 2250
2617 2254
2617 2267
2617 2268
2617 2279
2617 2280
2617 2282
2617 2283
2617 2285
2617 2289
2617 2292
2617 2294
2617 2304
2617 2319
2617 2327
2617 2328
2617 2330
2617 2333
2617 2336
2617 2338
2617 2344
2617 2345
2617 2367
2617 2377
2617 2379
2617 2384
2617 2390
2617 2394
2617 2396
2617 2398
2617 2399
2617 2415
2617 2419
2617 2420
2617 2434
2617 2436
2617 2438
2617 2445
2617 2451
2617 2458
2617 2461
2617 2463
2617 2471
2617 2479
2617 2491
2617 2501
2617 2509
2617 2510
2617 2511
2617 2537
2617 2547
2617 2555
2617 2567
2617 2589
2617 2592
2617 2594
2617 2598
2617 2603
2617 2608
2617 2616
2617 2649
2617 2652
2617 2653
2618 1912
2618 1960
2618 1964
2618 2035
2618 2089
2618 2119
2618 2130
2618 2217
2618 2228
2618 2251
2618 2283
2618 2313
2618 2317
2618 2342
2618 2361
2618 2371
2618 2403
2618 2440
2618 2448
2618 2558
2618 2562
2618 2614
2618 2628
2619 1912
2619 1917
2619 1918
2619 1925
2619 1929
2619 1938
2619 1941
2619 1943
2619 1946
2619 1962
2619 1966
2619 1971
2619 1979
2619 1983
2619 1984
2619 1985
2619 1986
2619 1989
2619 1993
2619 1997
2619 2030
2619 2033
2619 2037
2619 2040
2619 2043
2619 2045
2619 2046
2619 2055
2619 2056
2619 2059
2619 2060
2619 2064
2619 2069
2619 2073
2619 2074
2619 2077
2619 2078
2619 2083
2619 2084
2619 2088
2619 2090
2619 2093
2619 2095
2619 2103
2619 2108
2619 2109
2619 2112
2619 2115
2619 2118
2619 2121
2619 2122
2619 2124
2619 2131
2619 2139
2619 2140
2619 2142
2619 2150
2619 2165
2619 2172
2619 2184
2619 2188
2619 2200
2619 2201
2619 2206
2619 2210
2619 2213
2619 2218
2619 2220
2619 2229
2619 2233
2619 2240
2619 2244
2619 2253
2619 2257
2619 2261
2619 2266
2619 2271
2619 2275
2619 2278
2619 2290
2619 2299
2619 2300
2619 2307
2619 2309
2619 2323
2619 2324
2619 2326
2619 2329
2619 2331
2619 2334
2619 2340
2619 2347
2619 2348
2619 2352
2619 2354
2619 2356
2619 2359
2619 2363
2619 2369
2619 2374
2619 2376
2619 2381
2619 2387
2619 2392
2619 2395
2619 2408
2619 2410
2619 2423
2619 2433
2619 2446
2619 2460
2619 2464
2619 2468
2619 2469
2619 2477
2619 2478
2619 2482
2619 2484
2619 2492
2619 2495
2619 2504
2619 2506
2619 2507
2619 2520
2619 2521
2619 2526
2619 2536
2619 2539
2619 2542
2619 2543
2619 2546
2619 2549
2619 2550
2619 2551
2619 2552
2619 2553
2619 2556
2619 2559
2619 2560
2619 2561
2619 2563
2619 2564
2619 2573
2619 2574
2619 2575
2619 2586
2619 2590
2619 2591
2619 2593
2619 2600
2619 2601
2619 2602
2619 2604
2619 2606
2619 2607
2619 2611
2619 2615
2619 2624
2619 2625
2619 2630
2619 2631
2619 2638
2619 2654
2619 2655
2620 1912
2620 1914
2620 1919
2620 1921
2620 1927
2620 1928
2620 1931
2620 1935
2620 1951
2620 1954
2620 1957
2620 1958
2620 1968
2620 1972
2620 1973
2620 1976
2620 1980
2620 1991
2620 1995
2620 1998
2620 1999
2620 2001
2620 2004
2620 2006
2620 2022
2620 2024
2620 2025
2620 2061
2620 2097
2620 2143
2620 2159
2620 2171
2620 2192
2620 2202
2620 2225
2620 2284
2620 2297
2620 2346
2620 2364
2620 2365
2620 2447
2620 2459
2620 2538
2620 2583
2620 2585
2620 2626
2620 2627
2620 2633
2620 2640
2620 2645
2620 2647
2620 2648
2620 2657
2620 2658
2620 2660
2621 1912
2621 2263
2621 2313
2621 2439
2621 2528
2621 2558
2622 1912
2622 1924
2622 1988
2622 1992
2622 1993
2622 2076
2622 2170
2622 2207
2622 2320
2622 2349
2622 2401
2622 2426
2622 2443
2622 2444
2622 2486
2622 2490
2622 2513
2622 2515
2622 2550
2622 2604
2622 2650
2623 1912
2623 1917
2623 1918
2623 1938
2623 1941
2623 1946
2623 1953
2623 1971
2623 1983
2623 1984
2623 1985
2623 1993
2623 2005
2623 2007
2623 2020
2623 2030
2623 2033
2623 2037
2623 2040
2623 2043
2623 2045
2623 2058
2623 2059
2623 2063
2623 2064
2623 2071
2623 2073
2623 2077
2623 2078
2623 2086
2623 2090
2623 2093
2623 2103
2623 2104
2623 2118
2623 2121
2623 2123
2623 2124
2623 2131
2623 2139
2623 2140
2623 2142
2623 2150
2623 2154
2623 2165
2623 2172
2623 2184
2623 2188
2623 2190
2623 2200
2623 2206
2623 2210
2623 2212
2623 2218
2623 2220
2623 2229
2623 2233
2623 2237
2623 2240
2623 2244
2623 2257
2623 2266
2623 2271
2623 2275
2623 2290
2623 2306
2623 2308
2623 2324
2623 2326
2623 2329
2623 2331
2623 2334
2623 2339
2623 2340
2623 2347
2623 2348
2623 2354
2623 2356
2623 2369
2623 2374
2623 2381
2623 2391
2623 2395
2623 2408
2623 2409
2623 2410
2623 2414
2623 2428
2623 2429
2623 2430
2623 2446
2623 2449
2623 2460
2623 2464
2623 2469
2623 2478
2623 2482
2623 2485
2623 2489
2623 2492
2623 2495
2623 2499
2623 2500
2623 2504
2623 2507
2623 2521
2623 2526
2623 2539
2623 2542
2623 2543
2623 2546
2623 2550
2623 2551
2623 2559
2623 2560
2623 2563
2623 2564
2623 2578
2623 2586
2623 2590
2623 2600
2623 2602
2623 2604
2623 2607
2623 2611
2623 2615
2623 2624
2623 2625
2623 2638
2623 2646
2624 1912
2624 1917
2624 1918
2624 1925
2624 1929
2624 1938
2624 1943
2624 1946
2624 1953
2624 1962
2624 1966
2624 1971
2624 1979
2624 1983
2624 1984
2624 1985
2624 1993
2624 1997
2624 2005
2624 2020
2624 2030
2624 2033
2624 2037
2624 2043
2624 2045
2624 2046
2624 2056
2624 2058
2624 2059
2624 2060
2624 2063
2624 2064
2624 2069
2624 2073
2624 2074
2624 2077
2624 2078
2624 2083
2624 2084
2624 2088
2624 2090
2624 2093
2624 2095
2624 2098
2624 2103
2624 2104
2624 2108
2624 2109
2624 2112
2624 2115
2624 2118
2624 2121
2624 2122
2624 2123
2624 2124
2624 2131
2624 2139
2624 2140
2624 2142
2624 2150
2624 2154
2624 2164
2624 2165
2624 2172
2624 2184
2624 2188
2624 2190
2624 2200
2624 2201
2624 2206
2624 2210
2624 2212
2624 2213
2624 2214
2624 2216
2624 2218
2624 2220
2624 2229
2624 2233
2624 2237
2624 2240
2624 2244
2624 2253
2624 2257
2624 2261
2624 2266
2624 2271
2624 2275
2624 2276
2624 2278
2624 2290
2624 2291
2624 2299
2624 2306
2624 2307
2624 2308
2624 2309
2624 2323
2624 2324
2624 2326
2624 2329
2624 2331
2624 2339
2624 2340
2624 2347
2624 2348
2624 2352
2624 2353
2624 2354
2624 2356
2624 2359
2624 2363
2624 2369
2624 2374
2624 2376
2624 2381
2624 2386
2624 2395
2624 2404
2624 2408
2624 2409
2624 2410
2624 2414
2624 2418
2624 2423
2624 2428
2624 2429
2624 2430
2624 2433
2624 2460
2624 2464
2624 2468
2624 2469
2624 2477
2624 2478
2624 2482
2624 2484
2624 2485
2624 2489
2624 2492
2624 2495
2624 2500
2624 2504
2624 2506
2624 2507
2624 2520
2624 2521
2624 2526
2624 2532
2624 2539
2624 2542
2624 2543
2624 2546
2624 2549
2624 2550
2624 2552
2624 2553
2624 2554
2624 2556
2624 2559
2624 2560
2624 2561
2624 2563
2624 2564
2624 2573
2624 2574
2624 2578
2624 2579
2624 2586
2624 2590
2624 2591
2624 2593
2624 2601
2624 2602
2624 2604
2624 2606
2624 2607
2624 2611
2624 2615
2624 2619
2624 2623
2624 2625
2624 2630
2624 2631
2624 2638
2624 2646
2624 2654
2624 2655
2625 1912
2625 1917
2625 1918
2625 1925
2625 1929
2625 1938
2625 1941
2625 1943
2625 1946
2625 1953
2625 1962
2625 1966
2625 1971
2625 1979
2625 1983
2625 1985
2625 1986
2625 1989
2625 1993
2625 1997
2625 2005
2625 2020
2625 2030
2625 2033
2625 2037
2625 2043
2625 2045
2625 2046
2625 2056
2625 2059
2625 2060
2625 2063
2625 2064
2625 2069
2625 2073
2625 2074
2625 2077
2625 2078
2625 2084
2625 2086
2625 2088
2625 2090
2625 2093
2625 2095
2625 2098
2625 2103
2625 2104
2625 2108
2625 2109
2625 2112
2625 2115
2625 2118
2625 2121
2625 2122
2625 2123
2625 2124
2625 2131
2625 2136
2625 2139
2625 2140
2625 2142
2625 2150
2625 2154
2625 2164
2625 2165
2625 2172
2625 2179
2625 2184
2625 2188
2625 2190
2625 2200
2625 2201
2625 2206
2625 2212
2625 2216
2625 2218
2625 2220
2625 2229
2625 2233
2625 2240
2625 2244
2625 2253
2625 2261
2625 2266
2625 2271
2625 2275
2625 2276
2625 2278
2625 2287
2625 2290
2625 2299
2625 2307
2625 2308
2625 2309
2625 2311
2625 2323
2625 2324
2625 2326
2625 2329
2625 2331
2625 2334
2625 2340
2625 2347
2625 2348
2625 2352
2625 2353
2625 2354
2625 2356
2625 2359
2625 2363
2625 2369
2625 2370
2625 2374
2625 2376
2625 2381
2625 2386
2625 2391
2625 2395
2625 2404
2625 2407
2625 2408
2625 2409
2625 2410
2625 2414
2625 2418
2625 2423
2625 2428
2625 2430
2625 2433
2625 2446
2625 2460
2625 2464
2625 2467
2625 2468
2625 2477
2625 2482
2625 2484
2625 2485
2625 2489
2625 2492
2625 2495
2625 2500
2625 2504
2625 2506
2625 2507
2625 2520
2625 2521
2625 2526
2625 2532
2625 2539
2625 2542
2625 2543
2625 2546
2625 2549
2625 2550
2625 2553
2625 2556
2625 2559
2625 2560
2625 2561
2625 2564
2625 2573
2625 2574
2625 2575
2625 2578
2625 2579
2625 2586
2625 2590
2625 2593
2625 2600
2625 2601
2625 2602
2625 2604
2625 2606
2625 2607
2625 2611
2625 2615
2625 2619
2625 2623
2625 2624
2625 2630
2625 2631
2625 2638
2625 2646
2625 2654
2625 2655
2626 1912
2626 1914
2626 1919
2626 1931
2626 1950
2626 1951
2626 1957
2626 1958
2626 1973
2626 1980
2626 1991
2626 1998
2626 2004
2626 2006
2626 2014
2626 2025
2626 2027
2626 2061
2626 2097
2626 2159
2626 2192
2626 2202
2626 2346
2626 2389
2626 2494
2626 2538
2626 2585
2626 2620
2626 2633
2626 2636
2626 2648
2626 2657
2626 2659
2626 2660
2627 1912
2627 1914
2627 1919
2627 1921
2627 1927
2627 1931
2627 1935
2627 1954
2627 1957
2627 1972
2627 1973
2627 1991
2627 1995
2627 1998
2627 1999
2627 2001
2627 2004
2627 2006
2627 2011
2627 2025
2627 2061
2627 2143
2627 2159
2627 2171
2627 2202
2627 2225
2627 2284
2627 2297
2627 2364
2627 2365
2627 2583
2627 2620
2627 2633
2627 2639
2627 2640
2627 2645
2627 2647
2627 2648
2627 2657
2627 2658
2627 2660
2628 1912
2628 1960
2628 2023
2628 2035
2628 2049
2628 2089
2628 2107
2628 2117
2628 2120
2628 2126
2628 2129
2628 2228
2628 2231
2628 2236
2628 2313
2628 2317
2628 2342
2628 2361
2628 2371
2628 2397
2628 2412
2628 2440
2628 2448
2628 2474
2628 2488
2628 2577
2628 2618
2628 2644
2629 136
2629 1465
2629 1577
2629 1718
2629 1912
2629 1920
2629 1932
2629 1941
2629 1945
2629 1947
2629 1948
2629 1954
2629 1955
2629 1972
2629 1994
2629 2007
2629 2010
2629 2026
2629 2028
2629 2032
2629 2039
2629 2042
2629 2047
2629 2052
2629 2053
2629 2054
2629 2062
2629 2068
2629 2071
2629 2072
2629 2081
2629 2087
2629 2102
2629 2111
2629 2117
2629 2125
2629 2127
2629 2128
2629 2132
2629 2133
2629 2134
2629 2135
2629 2137
2629 2138
2629 2143
2629 2148
2629 2149
2629 2151
2629 2153
2629 2169
2629 2180
2629 2183
2629 2187
2629 2194
2629 2196
2629 2199
2629 2203
2629 2215
2629 2224
2629 2241
2629 2246
2629 2247
2629 2250
2629 2268
2629 2273
2629 2278
2629 2279
2629 2282
2629 2283
2629 2285
2629 2289
2629 2292
2629 2293
2629 2294
2629 2295
2629 2302
2629 2315
2629 2319
2629 2327
2629 2328
2629 2332
2629 2333
2629 2336
2629 2338
2629 2343
2629 2344
2629 2347
2629 2351
2629 2372
2629 2377
2629 2384
2629 2385
2629 2398
2629 2400
2629 2419
2629 2420
2629 2436
2629 2461
2629 2463
2629 2465
2629 2471
2629 2472
2629 2475
2629 2491
2629 2496
2629 2502
2629 2509
2629 2510
2629 2512
2629 2516
2629 2533
2629 2543
2629 2544
2629 2555
2629 2567
2629 2582
2629 2588
2629 2592
2629 2597
2629 2598
2629 2599
2629 2608
2629 2609
2629 2616
2629 2642
2629 2643
2629 2649
2630 1912
2630 1917
2630 1918
2630 1925
2630 1929
2630 1938
2630 1941
2630 1943
2630 1946
2630 1962
2630 1966
2630 1971
2630 1983
2630 1984
2630 1985
2630 1986
2630 1993
2630 1997
2630 2005
2630 2030
2630 2033
2630 2037
2630 2043
2630 2046
2630 2056
2630 2059
2630 2060
2630 2064
2630 2069
2630 2073
2630 2074
2630 2078
2630 2083
2630 2086
2630 2088
2630 2090
2630 2093
2630 2095
2630 2098
2630 2103
2630 2104
2630 2108
2630 2109
2630 2112
2630 2118
2630 2123
2630 2124
2630 2131
2630 2139
2630 2140
2630 2142
2630 2150
2630 2154
2630 2164
2630 2165
2630 2172
2630 2184
2630 2188
2630 2190
2630 2200
2630 2201
2630 2206
2630 2212
2630 2213
2630 2218
2630 2220
2630 2229
2630 2233
2630 2240
2630 2244
2630 2253
2630 2257
2630 2261
2630 2266
2630 2271
2630 2275
2630 2276
2630 2278
2630 2287
2630 2290
2630 2299
2630 2300
2630 2306
2630 2307
2630 2308
2630 2309
2630 2323
2630 2324
2630 2326
2630 2331
2630 2339
2630 2340
2630 2347
2630 2348
2630 2352
2630 2353
2630 2356
2630 2363
2630 2369
2630 2370
2630 2374
2630 2376
2630 2381
2630 2386
2630 2404
2630 2408
2630 2409
2630 2410
2630 2414
2630 2423
2630 2428
2630 2430
2630 2433
2630 2446
2630 2460
2630 2462
2630 2464
2630 2467
2630 2468
2630 2469
2630 2482
2630 2484
2630 2485
2630 2492
2630 2495
2630 2500
2630 2504
2630 2506
2630 2507
2630 2520
2630 2526
2630 2532
2630 2536
2630 2539
2630 2542
2630 2543
2630 2546
2630 2549
2630 2550
2630 2551
2630 2552
2630 2553
2630 2554
2630 2556
2630 2559
2630 2560
2630 2561
2630 2563
2630 2564
2630 2573
2630 2574
2630 2575
2630 2576
2630 2578
2630 2579
2630 2586
2630 2590
2630 2593
2630 2600
2630 2601
2630 2602
2630 2604
2630 2607
2630 2611
2630 2613
2630 2615
2630 2619
2630 2624
2630 2625
2630 2631
2630 2638
2630 2654
2630 2655
2631 1912
2631 1917
2631 1942
2631 1943
2631 1946
2631 1953
2631 1966
2631 1979
2631 1983
2631 1984
2631 1985
2631 1989
2631 1993
2631 2020
2631 2040
2631 2044
2631 2045
2631 2046
2631 2059
2631 2069
2631 2073
2631 2078
2631 2083
2631 2084
2631 2088
2631 2090
2631 2093
2631 2098
2631 2103
2631 2108
2631 2109
2631 2112
2631 2118
2631 2123
2631 2124
2631 2131
2631 2139
2631 2142
2631 2150
2631 2172
2631 2188
2631 2190
2631 2200
2631 2201
2631 2206
2631 2210
2631 2212
2631 2218
2631 2220
2631 2229
2631 2233
2631 2240
2631 2244
2631 2253
2631 2257
2631 2266
2631 2271
2631 2275
2631 2278
2631 2290
2631 2299
2631 2300
2631 2309
2631 2323
2631 2324
2631 2331
2631 2334
2631 2339
2631 2340
2631 2347
2631 2348
2631 2356
2631 2369
2631 2374
2631 2386
2631 2404
2631 2407
2631 2410
2631 2423
2631 2449
2631 2454
2631 2460
2631 2464
2631 2468
2631 2482
2631 2495
2631 2499
2631 2500
2631 2504
2631 2506
2631 2520
2631 2526
2631 2542
2631 2543
2631 2546
2631 2551
2631 2553
2631 2556
2631 2564
2631 2573
2631 2574
2631 2578
2631 2579
2631 2586
2631 2590
2631 2593
2631 2600
2631 2602
2631 2607
2631 2611
2631 2615
2631 2619
2631 2624
2631 2625
2631 2630
2631 2655
2632 1912
2632 2051
2632 2313
2632 2342
2632 2450
2632 2558
2632 2614
2633 1912
2633 1914
2633 1919
2633 1921
2633 1931
2633 1935
2633 1951
2633 1957
2633 1968
2633 1972
2633 1973
2633 1980
2633 1991
2633 1995
2633 1999
2633 2001
2633 2022
2633 2025
2633 2027
2633 2061
2633 2116
2633 2159
2633 2171
2633 2202
2633 2284
2633 2297
2633 2346
2633 2364
2633 2365
2633 2378
2633 2538
2633 2620
2633 2626
2633 2627
2633 2636
2633 2639
2633 2645
2633 2647
2633 2657
2633 2658
2633 2659
2634 1912
2634 1956
2634 2041
2634 2421
2634 2540
2635 136
2635 1912
2635 1945
2635 2032
2635 2148
2635 2187
2635 2223
2635 2224
2635 2232
2635 2259
2635 2268
2635 2280
2635 2345
2635 2367
2635 2379
2635 2436
2635 2443
2635 2491
2635 2533
2635 2598
2636 136
2636 1912
2636 1914
2636 1919
2636 1921
2636 1935
2636 1951
2636 1957
2636 1972
2636 1973
2636 1980
2636 1991
2636 1995
2636 1998
2636 2000
2636 2001
2636 2006
2636 2018
2636 2024
2636 2027
2636 2061
2636 2116
2636 2157
2636 2171
2636 2202
2636 2284
2636 2346
2636 2364
2636 2365
2636 2378
2636 2447
2636 2583
2636 2626
2636 2633
2636 2639
2636 2645
2636 2647
2636 2657
2637 1912
2637 1923
2637 1947
2637 1964
2637 2002
2637 2029
2637 2038
2637 2047
2637 2117
2637 2133
2637 2141
2637 2145
2637 2176
2637 2209
2637 2211
2637 2242
2637 2272
2637 2289
2637 2298
2637 2318
2637 2325
2637 2344
2637 2362
2637 2399
2637 2416
2637 2419
2637 2425
2637 2452
2637 2480
2637 2512
2637 2525
2637 2540
2637 2557
2637 2610
2637 2642
2638 1912
2638 1917
2638 1918
2638 1925
2638 1929
2638 1938
2638 1943
2638 1946
2638 1953
2638 1962
2638 1963
2638 1979
2638 1983
2638 1984
2638 1985
2638 1986
2638 1993
2638 2005
2638 2020
2638 2030
2638 2033
2638 2040
2638 2043
2638 2045
2638 2056
2638 2059
2638 2063
2638 2064
2638 2069
2638 2073
2638 2074
2638 2077
2638 2078
2638 2083
2638 2084
2638 2086
2638 2088
2638 2090
2638 2093
2638 2098
2638 2103
2638 2104
2638 2108
2638 2109
2638 2112
2638 2115
2638 2118
2638 2121
2638 2122
2638 2123
2638 2124
2638 2131
2638 2136
2638 2139
2638 2140
2638 2142
2638 2150
2638 2154
2638 2164
2638 2179
2638 2184
2638 2188
2638 2190
2638 2200
2638 2201
2638 2206
2638 2213
2638 2216
2638 2218
2638 2220
2638 2229
2638 2233
2638 2240
2638 2244
2638 2253
2638 2257
2638 2261
2638 2266
2638 2271
2638 2275
2638 2276
2638 2278
2638 2290
2638 2299
2638 2300
2638 2306
2638 2307
2638 2308
2638 2309
2638 2323
2638 2324
2638 2326
2638 2329
2638 2331
2638 2339
2638 2340
2638 2347
2638 2348
2638 2352
2638 2354
2638 2356
2638 2359
2638 2363
2638 2369
2638 2370
2638 2374
2638 2381
2638 2386
2638 2395
2638 2404
2638 2408
2638 2409
2638 2410
2638 2414
2638 2418
2638 2423
2638 2428
2638 2433
2638 2446
2638 2460
2638 2464
2638 2469
2638 2477
2638 2482
2638 2485
2638 2489
2638 2492
2638 2495
2638 2500
2638 2504
2638 2507
2638 2520
2638 2521
2638 2526
2638 2543
2638 2546
2638 2551
2638 2553
2638 2559
2638 2560
2638 2561
2638 2563
2638 2564
2638 2573
2638 2578
2638 2579
2638 2586
2638 2590
2638 2591
2638 2593
2638 2600
2638 2601
2638 2602
2638 2604
2638 2606
2638 2607
2638 2611
2638 2615
2638 2619
2638 2623
2638 2624
2638 2625
2638 2630
2638 2646
2638 2654
2638 2655
2639 1912
2639 1921
2639 1951
2639 1958
2639 1972
2639 1976
2639 1991
2639 1995
2639 1998
2639 2000
2639 2001
2639 2006
2639 2011
2639 2022
2639 2024
2639 2027
2639 2116
2639 2171
2639 2192
2639 2202
2639 2225
2639 2284
2639 2337
2639 2364
2639 2365
2639 2378
2639 2447
2639 2472
2639 2494
2639 2538
2639 2583
2639 2627
2639 2633
2639 2636
2639 2640
2639 2645
2639 2647
2640 136
2640 1912
2640 1919
2640 1921
2640 1927
2640 1928
2640 1935
2640 1951
2640 1954
2640 1957
2640 1958
2640 1968
2640 1972
2640 1973
2640 1980
2640 1995
2640 1998
2640 1999
2640 2001
2640 2004
2640 2009
2640 2018
2640 2022
2640 2024
2640 2027
2640 2050
2640 2061
2640 2097
2640 2116
2640 2157
2640 2159
2640 2171
2640 2192
2640 2202
2640 2225
2640 2268
2640 2297
2640 2337
2640 2346
2640 2364
2640 2365
2640 2378
2640 2417
2640 2447
2640 2459
2640 2538
2640 2583
2640 2585
2640 2620
2640 2627
2640 2639
2640 2645
2640 2648
2640 2657
2640 2658
2640 2660
2641 1912
2641 1923
2641 2047
2641 2117
2641 2155
2641 2209
2641 2221
2641 2246
2641 2247
2641 2270
2641 2355
2641 2416
2641 2419
2641 2425
2641 2493
2641 2525
2641 2557
2641 2610
2641 2642
2642 1465
2642 1577
2642 1718
2642 1912
2642 1916
2642 1923
2642 1926
2642 1939
2642 1941
2642 1944
2642 1945
2642 1947
2642 1964
2642 2002
2642 2003
2642 2007
2642 2010
2642 2028
2642 2029
2642 2031
2642 2032
2642 2038
2642 2039
2642 2042
2642 2047
2642 2052
2642 2054
2642 2066
2642 2071
2642 2081
2642 2087
2642 2102
2642 2111
2642 2116
2642 2125
2642 2128
2642 2132
2642 2133
2642 2134
2642 2135
2642 2138
2642 2141
2642 2144
2642 2145
2642 2149
2642 2151
2642 2153
2642 2155
2642 2169
2642 2175
2642 2176
2642 2180
2642 2182
2642 2187
2642 2191
2642 2194
2642 2196
2642 2198
2642 2199
2642 2209
2642 2211
2642 2223
2642 2226
2642 2232
2642 2233
2642 2239
2642 2242
2642 2246
2642 2247
2642 2250
2642 2267
2642 2268
2642 2270
2642 2272
2642 2282
2642 2283
2642 2289
2642 2292
2642 2295
2642 2296
2642 2302
2642 2304
2642 2315
2642 2318
2642 2322
2642 2325
2642 2328
2642 2332
2642 2333
2642 2336
2642 2344
2642 2351
2642 2362
2642 2366
2642 2368
2642 2384
2642 2398
2642 2416
2642 2419
2642 2420
2642 2425
2642 2461
2642 2463
2642 2471
2642 2472
2642 2475
2642 2480
2642 2509
2642 2510
2642 2516
2642 2518
2642 2525
2642 2533
2642 2540
2642 2543
2642 2555
2642 2557
2642 2567
2642 2588
2642 2597
2642 2598
2642 2629
2642 2637
2642 2641
2642 2643
2642 2649
2642 2653
2643 136
2643 1465
2643 1577
2643 1718
2643 1912
2643 1920
2643 1932
2643 1939
2643 1940
2643 1941
2643 1945
2643 1948
2643 1955
2643 2007
2643 2028
2643 2032
2643 2039
2643 2042
2643 2047
2643 2052
2643 2053
2643 2054
2643 2068
2643 2071
2643 2081
2643 2087
2643 2102
2643 2111
2643 2117
2643 2125
2643 2127
2643 2128
2643 2134
2643 2135
2643 2138
2643 2144
2643 2148
2643 2149
2643 2153
2643 2163
2643 2169
2643 2174
2643 2180
2643 2183
2643 2187
2643 2191
2643 2194
2643 2196
2643 2199
2643 2203
2643 2223
2643 2224
2643 2232
2643 2241
2643 2246
2643 2247
2643 2250
2643 2273
2643 2279
2643 2282
2643 2283
2643 2289
2643 2292
2643 2295
2643 2302
2643 2315
2643 2319
2643 2327
2643 2328
2643 2332
2643 2333
2643 2336
2643 2338
2643 2347
2643 2351
2643 2372
2643 2384
2643 2420
2643 2438
2643 2461
2643 2463
2643 2465
2643 2471
2643 2491
2643 2502
2643 2510
2643 2516
2643 2519
2643 2533
2643 2543
2643 2555
2643 2567
2643 2582
2643 2592
2643 2597
2643 2598
2643 2605
2643 2629
2643 2642
2643 2649
2644 1912
2644 1936
2644 1990
2644 2047
2644 2049
2644 2070
2644 2082
2644 2107
2644 2119
2644 2129
2644 2181
2644 2228
2644 2236
2644 2248
2644 2251
2644 2313
2644 2317
2644 2342
2644 2361
2644 2397
2644 2424
2644 2440
2644 2448
2644 2474
2644 2488
2644 2497
2644 2628
2645 1912
2645 1914
2645 1919
2645 1951
2645 1958
2645 1972
2645 1980
2645 1991
2645 1995
2645 1998
2645 1999
2645 2000
2645 2001
2645 2004
2645 2006
2645 2011
2645 2016
2645 2018
2645 2024
2645 2027
2645 2050
2645 2061
2645 2097
2645 2116
2645 2157
2645 2171
2645 2192
2645 2225
2645 2268
2645 2284
2645 2337
2645 2346
2645 2364
2645 2365
2645 2378
2645 2435
2645 2447
2645 2459
2645 2494
2645 2538
2645 2583
2645 2585
2645 2620
2645 2627
2645 2633
2645 2636
2645 2639
2645 2640
2645 2647
2645 2648
2645 2657
2645 2658
2645 2659
2645 2660
2646 1912
2646 1917
2646 1929
2646 1938
2646 1943
2646 1953
2646 1962
2646 1963
2646 1971
2646 1983
2646 1984
2646 1985
2646 1993
2646 1997
2646 2007
2646 2030
2646 2033
2646 2037
2646 2040
2646 2043
2646 2045
2646 2058
2646 2059
2646 2063
2646 2064
2646 2067
2646 2073
2646 2074
2646 2078
2646 2086
2646 2088
2646 2090
2646 2093
2646 2095
2646 2103
2646 2104
2646 2112
2646 2118
2646 2122
2646 2123
2646 2124
2646 2128
2646 2136
2646 2139
2646 2142
2646 2150
2646 2154
2646 2172
2646 2184
2646 2188
2646 2190
2646 2200
2646 2206
2646 2216
2646 2218
2646 2220
2646 2229
2646 2233
2646 2237
2646 2240
2646 2244
2646 2257
2646 2258
2646 2266
2646 2276
2646 2278
2646 2290
2646 2300
2646 2306
2646 2308
2646 2309
2646 2311
2646 2324
2646 2326
2646 2334
2646 2339
2646 2340
2646 2347
2646 2348
2646 2354
2646 2356
2646 2359
2646 2363
2646 2369
2646 2370
2646 2376
2646 2381
2646 2383
2646 2392
2646 2407
2646 2408
2646 2409
2646 2410
2646 2418
2646 2428
2646 2429
2646 2430
2646 2446
2646 2462
2646 2464
2646 2468
2646 2477
2646 2478
2646 2482
2646 2485
2646 2489
2646 2492
2646 2500
2646 2504
2646 2507
2646 2521
2646 2542
2646 2543
2646 2546
2646 2551
2646 2553
2646 2559
2646 2560
2646 2564
2646 2575
2646 2578
2646 2586
2646 2590
2646 2593
2646 2600
2646 2601
2646 2602
2646 2604
2646 2607
2646 2615
2646 2623
2646 2624
2646 2625
2646 2638
2646 2654
2647 136
2647 1912
2647 1914
2647 1919
2647 1921
2647 1927
2647 1935
2647 1951
2647 1958
2647 1972
2647 1973
2647 1980
2647 1991
2647 1995
2647 1998
2647 1999
2647 2000
2647 2001
2647 2004
2647 2009
2647 2018
2647 2024
2647 2050
2647 2061
2647 2097
2647 2171
2647 2202
2647 2284
2647 2297
2647 2337
2647 2364
2647 2365
2647 2378
2647 2435
2647 2447
2647 2494
2647 2538
2647 2583
2647 2585
2647 2620
2647 2627
2647 2633
2647 2636
2647 2639
2647 2645
2647 2648
2647 2657
2647 2659
2648 1912
2648 1914
2648 1919
2648 1921
2648 1927
2648 1950
2648 1951
2648 1957
2648 1972
2648 1973
2648 1980
2648 1991
2648 1995
2648 1998
2648 2001
2648 2004
2648 2006
2648 2009
2648 2011
2648 2014
2648 2018
2648 2024
2648 2025
2648 2061
2648 2097
2648 2116
2648 2143
2648 2157
2648 2159
2648 2171
2648 2192
2648 2225
2648 2284
2648 2364
2648 2378
2648 2447
2648 2494
2648 2583
2648 2585
2648 2620
2648 2626
2648 2627
2648 2640
2648 2645
2648 2647
2648 2657
2648 2659
2648 2660
2649 136
2649 1465
2649 1577
2649 1718
2649 1912
2649 1916
2649 1920
2649 1926
2649 1932
2649 1940
2649 1941
2649 1945
2649 1948
2649 1954
2649 1955
2649 2007
2649 2010
2649 2028
2649 2032
2649 2038
2649 2042
2649 2047
2649 2052
2649 2054
2649 2068
2649 2071
2649 2072
2649 2081
2649 2087
2649 2102
2649 2111
2649 2125
2649 2127
2649 2133
2649 2138
2649 2143
2649 2144
2649 2148
2649 2149
2649 2151
2649 2161
2649 2163
2649 2169
2649 2174
2649 2176
2649 2180
2649 2183
2649 2187
2649 2189
2649 2191
2649 2199
2649 2203
2649 2223
2649 2224
2649 2232
2649 2241
2649 2250
2649 2254
2649 2259
2649 2268
2649 2273
2649 2279
2649 2282
2649 2283
2649 2289
2649 2292
2649 2294
2649 2295
2649 2319
2649 2327
2649 2328
2649 2330
2649 2332
2649 2336
2649 2338
2649 2343
2649 2351
2649 2368
2649 2377
2649 2384
2649 2394
2649 2398
2649 2399
2649 2417
2649 2419
2649 2436
2649 2445
2649 2451
2649 2458
2649 2461
2649 2463
2649 2471
2649 2473
2649 2475
2649 2491
2649 2498
2649 2501
2649 2502
2649 2508
2649 2509
2649 2510
2649 2511
2649 2512
2649 2516
2649 2519
2649 2533
2649 2537
2649 2543
2649 2555
2649 2582
2649 2588
2649 2589
2649 2594
2649 2597
2649 2598
2649 2605
2649 2608
2649 2616
2649 2617
2649 2629
2649 2642
2649 2643
