2650 1912
2650 1988
2650 1992
2650 2076
2650 2170
2650 2207
2650 2255
2650 2320
2650 2349
2650 2401
2650 2426
2650 2444
2650 2466
2650 2486
2650 2490
2650 2513
2650 2515
2650 2622
2651 1912
2651 1964
2651 1974
2651 2222
2651 2318
2651 2453
2651 2505
2652 1912
2652 1939
2652 1947
2652 1959
2652 1970
2652 1981
2652 2003
2652 2053
2652 2054
2652 2062
2652 2072
2652 2075
2652 2081
2652 2101
2652 2110
2652 2111
2652 2132
2652 2161
2652 2199
2652 2221
2652 2222
2652 2235
2652 2243
2652 2274
2652 2280
2652 2282
2652 2294
2652 2327
2652 2328
2652 2333
2652 2344
2652 2377
2652 2384
2652 2390
2652 2394
2652 2396
2652 2415
2652 2434
2652 2438
2652 2451
2652 2458
2652 2479
2652 2501
2652 2509
2652 2511
2652 2537
2652 2592
2652 2603
2652 2617
2653 136
2653 1577
2653 1718
2653 1912
2653 1920
2653 1932
2653 1955
2653 2007
2653 2028
2653 2038
2653 2039
2653 2042
2653 2047
2653 2054
2653 2068
2653 2071
2653 2072
2653 2081
2653 2087
2653 2111
2653 2117
2653 2133
2653 2135
2653 2138
2653 2144
2653 2153
2653 2174
2653 2180
2653 2183
2653 2187
2653 2189
2653 2191
2653 2194
2653 2196
2653 2199
2653 2223
2653 2254
2653 2267
2653 2282
2653 2283
2653 2289
2653 2292
2653 2302
2653 2319
2653 2332
2653 2333
2653 2336
2653 2347
2653 2384
2653 2398
2653 2420
2653 2436
2653 2445
2653 2451
2653 2458
2653 2463
2653 2465
2653 2472
2653 2491
2653 2510
2653 2511
2653 2555
2653 2567
2653 2588
2653 2589
2653 2592
2653 2598
2653 2599
2653 2609
2653 2616
2653 2617
2653 2642
2654 1912
2654 1917
2654 1918
2654 1925
2654 1929
2654 1938
2654 1943
2654 1946
2654 1962
2654 1966
2654 1971
2654 1979
2654 1983
2654 1984
2654 1985
2654 1986
2654 1993
2654 1997
2654 2005
2654 2020
2654 2030
2654 2033
2654 2037
2654 2043
2654 2056
2654 2058
2654 2059
2654 2069
2654 2073
2654 2074
2654 2078
2654 2083
2654 2086
2654 2088
2654 2090
2654 2093
2654 2095
2654 2103
2654 2104
2654 2108
2654 2115
2654 2118
2654 2121
2654 2123
2654 2124
2654 2131
2654 2139
2654 2140
2654 2142
2654 2150
2654 2154
2654 2172
2654 2179
2654 2184
2654 2188
2654 2190
2654 2200
2654 2206
2654 2212
2654 2213
2654 2218
2654 2220
2654 2229
2654 2233
2654 2237
2654 2240
2654 2244
2654 2253
2654 2257
2654 2261
2654 2266
2654 2271
2654 2275
2654 2276
2654 2290
2654 2299
2654 2308
2654 2309
2654 2324
2654 2326
2654 2331
2654 2334
2654 2339
2654 2340
2654 2348
2654 2353
2654 2354
2654 2356
2654 2359
2654 2363
2654 2369
2654 2370
2654 2374
2654 2381
2654 2386
2654 2395
2654 2404
2654 2408
2654 2409
2654 2410
2654 2418
2654 2423
2654 2428
2654 2446
2654 2460
2654 2464
2654 2467
2654 2469
2654 2482
2654 2484
2654 2485
2654 2489
2654 2492
2654 2495
2654 2500
2654 2507
2654 2520
2654 2521
2654 2526
2654 2532
2654 2539
2654 2542
2654 2543
2654 2546
2654 2549
2654 2550
2654 2551
2654 2552
2654 2554
2654 2559
2654 2560
2654 2561
2654 2563
2654 2564
2654 2578
2654 2586
2654 2590
2654 2593
2654 2601
2654 2602
2654 2604
2654 2607
2654 2611
2654 2615
2654 2619
2654 2624
2654 2625
2654 2630
2654 2638
2654 2646
2654 2655
2655 1912
2655 1917
2655 1918
2655 1925
2655 1929
2655 1938
2655 1943
2655 1946
2655 1953
2655 1962
2655 1963
2655 1966
2655 1971
2655 1979
2655 1983
2655 1984
2655 1985
2655 1986
2655 1993
2655 1997
2655 2005
2655 2030
2655 2033
2655 2043
2655 2045
2655 2046
2655 2056
2655 2059
2655 2063
2655 2064
2655 2069
2655 2073
2655 2074
2655 2078
2655 2083
2655 2086
2655 2088
2655 2090
2655 2093
2655 2095
2655 2103
2655 2104
2655 2108
2655 2109
2655 2112
2655 2115
2655 2118
2655 2121
2655 2123
2655 2124
2655 2131
2655 2139
2655 2140
2655 2142
2655 2150
2655 2154
2655 2165
2655 2172
2655 2184
2655 2188
2655 2200
2655 2201
2655 2206
2655 2210
2655 2212
2655 2216
2655 2218
2655 2220
2655 2229
2655 2233
2655 2237
2655 2240
2655 2244
2655 2253
2655 2261
2655 2266
2655 2271
2655 2275
2655 2276
2655 2278
2655 2290
2655 2299
2655 2306
2655 2307
2655 2308
2655 2309
2655 2323
2655 2324
2655 2326
2655 2331
2655 2334
2655 2339
2655 2340
2655 2347
2655 2348
2655 2352
2655 2354
2655 2356
2655 2359
2655 2363
2655 2369
2655 2370
2655 2374
2655 2376
2655 2381
2655 2386
2655 2395
2655 2404
2655 2407
2655 2408
2655 2409
2655 2410
2655 2414
2655 2423
2655 2428
2655 2430
2655 2446
2655 2449
2655 2460
2655 2464
2655 2469
2655 2482
2655 2484
2655 2485
2655 2492
2655 2495
2655 2499
2655 2500
2655 2504
2655 2507
2655 2520
2655 2521
2655 2526
2655 2532
2655 2539
2655 2542
2655 2549
2655 2550
2655 2552
2655 2553
2655 2554
2655 2556
2655 2559
2655 2560
2655 2561
2655 2564
2655 2575
2655 2578
2655 2579
2655 2586
2655 2590
2655 2591
2655 2593
2655 2600
2655 2601
2655 2602
2655 2604
2655 2606
2655 2607
2655 2611
2655 2615
2655 2619
2655 2624
2655 2625
2655 2630
2655 2631
2655 2638
2655 2654
2656 1912
2656 1965
2656 2080
2656 2107
2656 2129
2656 2145
2656 2181
2656 2193
2656 2211
2656 2277
2656 2313
2656 2322
2656 2373
2656 2412
2656 2562
2656 2614
2657 1912
2657 1914
2657 1919
2657 1921
2657 1927
2657 1931
2657 1935
2657 1951
2657 1957
2657 1968
2657 1972
2657 1973
2657 1980
2657 1991
2657 1995
2657 1998
2657 2001
2657 2004
2657 2006
2657 2009
2657 2011
2657 2016
2657 2018
2657 2022
2657 2025
2657 2027
2657 2061
2657 2097
2657 2159
2657 2171
2657 2192
2657 2202
2657 2225
2657 2284
2657 2346
2657 2364
2657 2365
2657 2447
2657 2583
2657 2585
2657 2620
2657 2626
2657 2627
2657 2633
2657 2636
2657 2640
2657 2645
2657 2647
2657 2648
2657 2658
2657 2659
2657 2660
2658 1912
2658 1914
2658 1919
2658 1921
2658 1927
2658 1931
2658 1935
2658 1951
2658 1954
2658 1968
2658 1972
2658 2004
2658 2006
2658 2011
2658 2022
2658 2024
2658 2025
2658 2061
2658 2097
2658 2171
2658 2192
2658 2202
2658 2346
2658 2447
2658 2459
2658 2494
2658 2538
2658 2585
2658 2620
2658 2627
2658 2633
2658 2640
2658 2645
2658 2657
2658 2659
2658 2660
2659 1912
2659 1914
2659 1919
2659 1921
2659 1927
2659 1931
2659 1935
2659 1950
2659 1951
2659 1954
2659 1957
2659 1958
2659 1960
2659 1968
2659 1972
2659 1973
2659 1976
2659 1980
2659 2004
2659 2006
2659 2022
2659 2024
2659 2025
2659 2061
2659 2091
2659 2097
2659 2126
2659 2130
2659 2145
2659 2146
2659 2156
2659 2159
2659 2160
2659 2192
2659 2197
2659 2202
2659 2260
2659 2284
2659 2297
2659 2341
2659 2346
2659 2357
2659 2364
2659 2365
2659 2405
2659 2424
2659 2534
2659 2538
2659 2583
2659 2585
2659 2626
2659 2633
2659 2645
2659 2647
2659 2648
2659 2657
2659 2658
2659 2660
2660 136
2660 1912
2660 1914
2660 1919
2660 1927
2660 1935
2660 1951
2660 1972
2660 1973
2660 1991
2660 1995
2660 1998
2660 2001
2660 2004
2660 2006
2660 2009
2660 2011
2660 2022
2660 2024
2660 2061
2660 2097
2660 2116
2660 2171
2660 2225
2660 2268
2660 2284
2660 2364
2660 2447
2660 2494
2660 2620
2660 2626
2660 2627
2660 2640
2660 2645
2660 2648
2660 2657
2660 2658
2660 2659
2661 1684
2661 2674
2661 2687
2661 2708
2661 2716
2661 2719
2661 2742
2661 2765
2661 2770
2661 2778
2661 2780
2661 2785
2661 2790
2661 2793
2661 2828
2661 2833
2661 2849
2661 2853
2661 2863
2661 2869
2661 2875
2661 2876
2661 2894
2661 2901
2661 2904
2661 2914
2661 2937
2661 2939
2661 2950
2661 2970
2661 2973
2661 2989
2661 2991
2661 3007
2661 3021
2661 3035
2661 3038
2661 3049
2661 3060
2661 3070
2661 3076
2661 3082
2661 3101
2661 3102
2661 3115
2661 3116
2661 3120
2661 3132
2661 3140
2661 3146
2661 3150
2661 3152
2661 3154
2661 3169
2661 3172
2661 3179
2661 3182
2661 3185
2661 3188
2661 3198
2661 3201
2661 3206
2661 3224
2661 3239
2661 3247
2661 3252
2661 3261
2661 3265
2661 3272
2661 3274
2661 3276
2661 3277
2661 3280
2661 3291
2661 3296
2661 3297
2661 3302
2661 3316
2661 3320
2661 3321
2661 3330
2661 3332
2661 3335
2661 3344
2661 3347
2661 3350
2661 3351
2661 3353
2661 3355
2661 3360
2661 3381
2661 3391
2661 3396
2661 3397
2661 3406
2661 3411
2661 3416
2661 3419
2661 3434
2662 1684
2662 2716
2662 2724
2662 2728
2662 2737
2662 2753
2662 2783
2662 2804
2662 2830
2662 2951
2662 2984
2662 3002
2662 3019
2662 3027
2662 3051
2662 3107
2662 3118
2662 3152
2662 3154
2662 3162
2662 3168
2662 3177
2662 3191
2662 3192
2662 3198
2662 3206
2662 3207
2662 3233
2662 3274
2662 3291
2662 3316
2662 3346
2662 3353
2662 3366
2662 3397
2662 3412
2662 3415
2663 1684
2663 2710
2663 2726
2663 2731
2663 2738
2663 2786
2663 2789
2663 2851
2663 2873
2663 2888
2663 2890
2663 2899
2663 2978
2663 3084
2663 3090
2663 3104
2663 3114
2663 3130
2663 3137
2663 3139
2663 3229
2663 3231
2663 3300
2663 3426
2663 3428
2663 3430
2664 1684
2664 2669
2664 2673
2664 2676
2664 2694
2664 2698
2664 2717
2664 2738
2664 2745
2664 2746
2664 2749
2664 2750
2664 2754
2664 2755
2664 2757
2664 2773
2664 2777
2664 2782
2664 2786
2664 2800
2664 2806
2664 2815
2664 2835
2664 2839
2664 2862
2664 2864
2664 2866
2664 2872
2664 2877
2664 2890
2664 2897
2664 2905
2664 2906
2664 2908
2664 2909
2664 2910
2664 2912
2664 2915
2664 2916
2664 2919
2664 2920
2664 2925
2664 2929
2664 2931
2664 2940
2664 2960
2664 2966
2664 2967
2664 2969
2664 2974
2664 2986
2664 2988
2664 3004
2664 3022
2664 3029
2664 3033
2664 3040
2664 3054
2664 3064
2664 3078
2664 3090
2664 3096
2664 3098
2664 3104
2664 3108
2664 3142
2664 3149
2664 3174
2664 3184
2664 3195
2664 3226
2664 3232
2664 3250
2664 3284
2664 3304
2664 3324
2664 3339
2664 3348
2664 3362
2664 3363
2664 3384
2664 3387
2664 3426
2665 1684
2665 2675
2665 2711
2665 2716
2665 2730
2665 2753
2665 2781
2665 2791
2665 2843
2665 2844
2665 2914
2665 2921
2665 2942
2665 2951
2665 2955
2665 2984
2665 2989
2665 2999
2665 3017
2665 3020
2665 3027
2665 3035
2665 3082
2665 3107
2665 3136
2665 3140
2665 3151
2665 3198
2665 3214
2665 3224
2665 3240
2665 3248
2665 3249
2665 3253
2665 3259
2665 3263
2665 3274
2665 3299
2665 3326
2665 3327
2665 3328
2665 3330
2665 3337
2665 3342
2665 3345
2665 3386
2665 3395
2665 3397
2665 3406
2665 3411
2666 1684
2666 2669
2666 2676
2666 2689
2666 2698
2666 2717
2666 2749
2666 2750
2666 2755
2666 2773
2666 2782
2666 2786
2666 2815
2666 2827
2666 2839
2666 2851
2666 2866
2666 2872
2666 2877
2666 2897
2666 2905
2666 2906
2666 2909
2666 2912
2666 2913
2666 2915
2666 2916
2666 2917
2666 2956
2666 2966
2666 2985
2666 2988
2666 2993
2666 3004
2666 3014
2666 3022
2666 3026
2666 3033
2666 3040
2666 3047
2666 3064
2666 3078
2666 3084
2666 3090
2666 3096
2666 3098
2666 3108
2666 3142
2666 3149
2666 3174
2666 3226
2666 3232
2666 3250
2666 3284
2666 3339
2666 3348
2666 3363
2666 3364
2666 3384
2666 3387
2666 3426
2667 1684
2667 2690
2667 2711
2667 2762
2667 2784
2667 2841
2667 2856
2667 2868
2667 2921
2667 3050
2667 3087
2667 3099
2667 3211
2667 3214
2667 3242
2667 3277
2667 3313
2667 3329
2667 3349
2667 3353
2668 1684
2668 2702
2668 2727
2668 2751
2668 2772
2668 2795
2668 2832
2668 2946
2668 2958
2668 3038
2668 3043
2668 3048
2668 3093
2668 3110
2668 3117
2668 3134
2668 3138
2668 3140
2668 3154
2668 3177
2668 3178
2668 3204
2668 3215
2668 3256
2668 3276
2668 3279
2668 3291
2668 3305
2668 3307
2668 3321
2668 3341
2668 3357
2668 3374
2668 3380
2669 1684
2669 2664
2669 2666
2669 2676
2669 2679
2669 2680
2669 2683
2669 2689
2669 2694
2669 2698
2669 2705
2669 2738
2669 2745
2669 2750
2669 2754
2669 2755
2669 2757
2669 2761
2669 2777
2669 2782
2669 2786
2669 2800
2669 2827
2669 2839
2669 2850
2669 2864
2669 2866
2669 2867
2669 2872
2669 2874
2669 2877
2669 2880
2669 2896
2669 2897
2669 2905
2669 2906
2669 2908
2669 2909
2669 2910
2669 2911
2669 2912
2669 2913
2669 2916
2669 2919
2669 2920
2669 2925
2669 2927
2669 2940
2669 2943
2669 2944
2669 2956
2669 2960
2669 2966
2669 2969
2669 2974
2669 2985
2669 2986
2669 2994
2669 3000
2669 3004
2669 3022
2669 3026
2669 3033
2669 3040
2669 3047
2669 3054
2669 3056
2669 3064
2669 3065
2669 3078
2669 3084
2669 3085
2669 3096
2669 3098
2669 3104
2669 3108
2669 3129
2669 3142
2669 3149
2669 3174
2669 3184
2669 3226
2669 3228
2669 3232
2669 3237
2669 3274
2669 3284
2669 3301
2669 3324
2669 3339
2669 3348
2669 3362
2669 3363
2669 3384
2669 3387
2669 3390
2669 3426
2670 1684
2670 2699
2670 2703
2670 2767
2670 2834
2670 2879
2670 2889
2670 2959
2670 2972
2670 2982
2670 3008
2670 3283
2670 3309
2670 3311
2670 3314
2670 3318
2670 3325
2670 3382
2670 3423
2671 1684
2671 2721
2671 2824
2671 2962
2671 3077
2671 3091
2672 1684
2672 2684
2672 2701
2672 2708
2672 2719
2672 2778
2672 2781
2672 2796
2672 2797
2672 2823
2672 2875
2672 2881
2672 2894
2672 2937
2672 3011
2672 3076
2672 3079
2672 3113
2672 3145
2672 3179
2672 3182
2672 3185
2672 3255
2672 3258
2672 3261
2672 3262
2672 3274
2672 3280
2672 3298
2672 3319
2672 3320
2672 3332
2672 3350
2672 3351
2672 3386
2672 3396
2672 3411
2673 1684
2673 2664
2673 2694
2673 2706
2673 2754
2673 2761
2673 2763
2673 2777
2673 2806
2673 2839
2673 2864
2673 2877
2673 2890
2673 2909
2673 2912
2673 2919
2673 2943
2673 2944
2673 2948
2673 3004
2673 3023
2673 3052
2673 3184
2673 3193
2673 3324
2673 3363
2673 3414
2673 3426
2673 3436
2674 1684
2674 2661
2674 2742
2674 2765
2674 2770
2674 2772
2674 2778
2674 2781
2674 2793
2674 2796
2674 2828
2674 2833
2674 2849
2674 2853
2674 2863
2674 2869
2674 2939
2674 2970
2674 2991
2674 3016
2674 3017
2674 3021
2674 3035
2674 3049
2674 3051
2674 3070
2674 3082
2674 3097
2674 3101
2674 3102
2674 3113
2674 3115
2674 3116
2674 3120
2674 3132
2674 3140
2674 3145
2674 3146
2674 3150
2674 3152
2674 3169
2674 3179
2674 3185
2674 3192
2674 3201
2674 3204
2674 3206
2674 3239
2674 3247
2674 3252
2674 3265
2674 3267
2674 3277
2674 3280
2674 3288
2674 3291
2674 3296
2674 3297
2674 3316
2674 3330
2674 3344
2674 3347
2674 3350
2674 3351
2674 3381
2674 3391
2674 3397
2674 3416
2674 3419
2674 3434
2675 1684
2675 2665
2675 2686
2675 2702
2675 2730
2675 2781
2675 2833
2675 2843
2675 2871
2675 2904
2675 2914
2675 2932
2675 2955
2675 2999
2675 3087
2675 3107
2675 3132
2675 3136
2675 3150
2675 3154
2675 3171
2675 3187
2675 3189
2675 3196
2675 3198
2675 3219
2675 3253
2675 3256
2675 3259
2675 3264
2675 3327
2675 3330
2675 3337
2675 3341
2675 3369
2675 3395
2675 3404
2675 3411
2676 1684
2676 2664
2676 2666
2676 2669
2676 2683
2676 2689
2676 2694
2676 2698
2676 2705
2676 2717
2676 2745
2676 2754
2676 2755
2676 2757
2676 2777
2676 2782
2676 2800
2676 2815
2676 2827
2676 2839
2676 2864
2676 2866
2676 2867
2676 2872
2676 2873
2676 2877
2676 2896
2676 2897
2676 2905
2676 2906
2676 2909
2676 2911
2676 2912
2676 2913
2676 2916
2676 2917
2676 2919
2676 2920
2676 2925
2676 2927
2676 2943
2676 2944
2676 2946
2676 2960
2676 2966
2676 2969
2676 2985
2676 2986
2676 2994
2676 3010
2676 3022
2676 3033
2676 3036
2676 3040
2676 3047
2676 3056
2676 3064
2676 3065
2676 3078
2676 3080
2676 3085
2676 3096
2676 3098
2676 3108
2676 3142
2676 3149
2676 3174
2676 3184
2676 3193
2676 3195
2676 3226
2676 3232
2676 3250
2676 3284
2676 3301
2676 3304
2676 3339
2676 3348
2676 3363
2676 3364
2676 3387
2676 3390
2676 3426
2677 1171
2677 1642
2677 1684
2677 1758
2677 2688
2677 2764
2677 2923
2677 2971
2677 2999
2677 3020
2677 3103
2677 3185
2677 3302
2677 3375
2677 3420
2678 990
2678 1505
2678 1684
2678 1726
2678 2760
2678 3057
2678 3164
2678 3222
2678 3263
2679 1684
2679 2669
2679 2681
2679 2683
2679 2689
2679 2729
2679 2738
2679 2741
2679 2750
2679 2754
2679 2755
2679 2756
2679 2757
2679 2763
2679 2773
2679 2777
2679 2786
2679 2800
2679 2810
2679 2835
2679 2839
2679 2862
2679 2864
2679 2873
2679 2880
2679 2887
2679 2890
2679 2896
2679 2905
2679 2906
2679 2907
2679 2910
2679 2911
2679 2915
2679 2916
2679 2920
2679 2924
2679 2927
2679 2928
2679 2929
2679 2931
2679 2940
2679 2944
2679 2946
2679 2953
2679 2956
2679 2960
2679 2966
2679 2969
2679 2977
2679 2985
2679 2986
2679 2987
2679 2988
2679 2993
2679 2994
2679 3000
2679 3004
2679 3014
2679 3025
2679 3026
2679 3029
2679 3046
2679 3054
2679 3056
2679 3073
2679 3078
2679 3084
2679 3090
2679 3104
2679 3108
2679 3119
2679 3135
2679 3142
2679 3158
2679 3174
2679 3184
2679 3195
2679 3220
2679 3238
2679 3243
2679 3257
2679 3293
2679 3324
2679 3339
2679 3362
2679 3363
2679 3364
2679 3384
2679 3417
2679 3426
2679 3433
2679 3435
2680 1684
2680 2669
2680 2689
2680 2694
2680 2705
2680 2706
2680 2743
2680 2749
2680 2750
2680 2755
2680 2757
2680 2763
2680 2800
2680 2815
2680 2835
2680 2839
2680 2877
2680 2891
2680 2905
2680 2911
2680 2916
2680 2917
2680 2925
2680 2927
2680 2943
2680 2944
2680 2960
2680 2966
2680 2974
2680 2986
2680 3022
2680 3029
2680 3033
2680 3054
2680 3056
2680 3064
2680 3078
2680 3085
2680 3096
2680 3129
2680 3149
2680 3174
2680 3193
2680 3195
2680 3228
2680 3232
2680 3284
2680 3304
2680 3339
2680 3348
2680 3363
2680 3387
2680 3426
2681 1684
2681 2679
2681 2683
2681 2689
2681 2738
2681 2741
2681 2743
2681 2754
2681 2756
2681 2757
2681 2763
2681 2773
2681 2782
2681 2786
2681 2800
2681 2835
2681 2839
2681 2862
2681 2864
2681 2916
2681 2924
2681 2925
2681 2929
2681 2931
2681 2944
2681 2945
2681 2956
2681 2969
2681 2994
2681 3014
2681 3029
2681 3054
2681 3056
2681 3085
2681 3090
2681 3129
2681 3184
2681 3228
2681 3257
2681 3293
2681 3301
2681 3324
2681 3363
2681 3387
2681 3433
2682 1684
2682 2692
2682 2724
2682 2737
2682 2775
2682 2900
2682 3001
2682 3018
2682 3019
2682 3068
2682 3100
2682 3168
2682 3233
2682 3295
2682 3334
2682 3366
2683 1684
2683 2669
2683 2676
2683 2679
2683 2681
2683 2689
2683 2729
2683 2731
2683 2738
2683 2741
2683 2743
2683 2754
2683 2756
2683 2761
2683 2773
2683 2786
2683 2794
2683 2807
2683 2809
2683 2810
2683 2837
2683 2839
2683 2854
2683 2862
2683 2867
2683 2873
2683 2874
2683 2887
2683 2890
2683 2906
2683 2915
2683 2927
2683 2931
2683 2943
2683 2944
2683 2945
2683 2953
2683 2956
2683 2966
2683 2977
2683 2993
2683 2994
2683 3000
2683 3010
2683 3025
2683 3026
2683 3029
2683 3036
2683 3080
2683 3084
2683 3090
2683 3096
2683 3104
2683 3119
2683 3123
2683 3129
2683 3137
2683 3158
2683 3220
2683 3232
2683 3237
2683 3238
2683 3257
2683 3286
2683 3293
2683 3301
2683 3324
2683 3362
2683 3363
2683 3364
2683 3387
2683 3390
2683 3394
2683 3400
2683 3417
2683 3426
2683 3433
2683 3435
2684 1684
2684 2672
2684 2701
2684 2708
2684 2737
2684 2775
2684 2797
2684 2823
2684 2875
2684 2894
2684 2937
2684 2976
2684 3011
2684 3051
2684 3060
2684 3076
2684 3079
2684 3152
2684 3172
2684 3179
2684 3182
2684 3258
2684 3262
2684 3320
2684 3332
2684 3350
2684 3396
2684 3434
2685 1684
2685 2724
2685 2865
2685 2957
2685 3011
2685 3061
2685 3081
2685 3136
2685 3263
2685 3279
2685 3345
2685 3405
2686 1684
2686 2675
2686 2702
2686 2871
2686 2932
2686 2950
2686 3002
2686 3034
2686 3075
2686 3107
2686 3111
2686 3115
2686 3136
2686 3189
2686 3196
2686 3198
2686 3217
2686 3219
2686 3256
2686 3259
2686 3264
2686 3337
2686 3395
2686 3404
2687 1684
2687 2661
2687 2716
2687 2742
2687 2748
2687 2780
2687 2785
2687 2846
2687 2914
2687 3013
2687 3038
2687 3046
2687 3089
2687 3194
2687 3209
2687 3212
2687 3320
2687 3321
2687 3345
2687 3360
2687 3397
2688 1684
2688 2677
2688 2693
2688 2725
2688 2764
2688 2903
2688 3086
2688 3146
2688 3205
2688 3302
2688 3328
2689 1684
2689 2666
2689 2669
2689 2676
2689 2679
2689 2680
2689 2681
2689 2683
2689 2694
2689 2705
2689 2706
2689 2717
2689 2729
2689 2743
2689 2750
2689 2754
2689 2757
2689 2763
2689 2777
2689 2782
2689 2800
2689 2810
2689 2815
2689 2827
2689 2835
2689 2839
2689 2867
2689 2896
2689 2907
2689 2910
2689 2916
2689 2917
2689 2920
2689 2925
2689 2927
2689 2943
2689 2944
2689 2945
2689 2966
2689 2969
2689 2974
2689 2986
2689 3000
2689 3022
2689 3056
2689 3064
2689 3065
2689 3073
2689 3078
2689 3085
2689 3096
2689 3108
2689 3117
2689 3135
2689 3142
2689 3158
2689 3220
2689 3232
2689 3284
2689 3301
2689 3324
2689 3348
2689 3363
2689 3387
2689 3417
2689 3426
2689 3433
2690 1684
2690 2667
2690 2723
2690 2730
2690 2735
2690 2759
2690 2762
2690 2784
2690 2787
2690 2803
2690 2836
2690 2844
2690 2856
2690 2871
2690 2881
2690 2882
2690 2921
2690 2996
2690 3018
2690 3020
2690 3099
2690 3100
2690 3196
2690 3242
2690 3275
2690 3342
2690 3349
2690 3353
2690 3365
2690 3383
2690 3395
2691 1684
2691 2792
2691 3037
2692 1684
2692 2682
2692 2951
2692 3162
2692 3233
2693 1534
2693 1642
2693 1684
2693 2688
2693 2764
2693 2802
2693 2822
2693 2903
2693 2949
2693 2999
2693 3069
2693 3156
2693 3278
2693 3302
2693 3310
2693 3319
2693 3361
2693 3397
2694 1684
2694 2664
2694 2669
2694 2673
2694 2676
2694 2680
2694 2689
2694 2706
2694 2717
2694 2738
2694 2749
2694 2750
2694 2754
2694 2755
2694 2757
2694 2763
2694 2773
2694 2777
2694 2782
2694 2786
2694 2787
2694 2800
2694 2806
2694 2815
2694 2827
2694 2835
2694 2839
2694 2862
2694 2863
2694 2864
2694 2872
2694 2877
2694 2880
2694 2896
2694 2897
2694 2905
2694 2908
2694 2910
2694 2912
2694 2913
2694 2915
2694 2916
2694 2919
2694 2920
2694 2925
2694 2927
2694 2928
2694 2940
2694 2943
2694 2944
2694 2946
2694 2948
2694 2956
2694 2960
2694 2966
2694 2974
2694 2986
2694 2988
2694 3000
2694 3004
2694 3022
2694 3023
2694 3033
2694 3056
2694 3064
2694 3065
2694 3078
2694 3085
2694 3090
2694 3096
2694 3104
2694 3108
2694 3142
2694 3149
2694 3174
2694 3195
2694 3202
2694 3226
2694 3232
2694 3250
2694 3284
2694 3301
2694 3304
2694 3324
2694 3339
2694 3348
2694 3363
2694 3364
2694 3384
2694 3387
2694 3388
2694 3417
2694 3426
2695 1684
2695 2706
2695 2806
2695 2839
2695 2867
2695 2920
2695 2943
2695 2967
2695 3023
2695 3213
2695 3303
2696 1684
2696 2697
2696 2735
2696 2751
2696 2784
2696 2820
2696 2870
2696 2934
2696 3001
2696 3107
2696 3140
2696 3186
2696 3244
2696 3246
2696 3248
2696 3274
2696 3275
2696 3295
2696 3360
2697 1684
2697 2696
2697 2820
2697 2870
2697 2934
2697 2962
2697 2992
2697 3001
2697 3186
2697 3244
2697 3246
2697 3275
2697 3288
2697 3292
2697 3295
2697 3373
2698 1684
2698 2664
2698 2666
2698 2669
2698 2676
2698 2729
2698 2749
2698 2750
2698 2754
2698 2757
2698 2782
2698 2786
2698 2800
2698 2815
2698 2827
2698 2839
2698 2866
2698 2867
2698 2872
2698 2873
2698 2877
2698 2890
2698 2905
2698 2906
2698 2909
2698 2910
2698 2911
2698 2912
2698 2913
2698 2915
2698 2927
2698 2940
2698 2946
2698 2956
2698 2960
2698 2966
2698 2969
2698 2974
2698 2985
2698 2986
2698 2988
2698 3022
2698 3026
2698 3033
2698 3047
2698 3052
2698 3064
2698 3078
2698 3090
2698 3096
2698 3098
2698 3104
2698 3117
2698 3119
2698 3142
2698 3149
2698 3195
2698 3226
2698 3232
2698 3234
2698 3284
2698 3324
2698 3339
2698 3348
2698 3387
2698 3400
2698 3417
2698 3426
2698 3430
2699 1684
2699 2670
2699 2703
2699 2959
2699 2972
2699 2982
2699 3008
2699 3283
2699 3309
2699 3311
2699 3318
2699 3325
2699 3382
