2700 1684
2700 2709
2700 2784
2700 2791
2700 2811
2700 2812
2700 2818
2700 2848
2700 2957
2700 3067
2700 3248
2700 3253
2700 3328
2700 3373
2700 3431
2701 1684
2701 2672
2701 2684
2701 2708
2701 2719
2701 2797
2701 2823
2701 2875
2701 2894
2701 2937
2701 2976
2701 3011
2701 3076
2701 3079
2701 3179
2701 3182
2701 3258
2701 3261
2701 3262
2701 3280
2701 3287
2701 3298
2701 3320
2701 3332
2701 3350
2701 3396
2702 1684
2702 2668
2702 2675
2702 2686
2702 2739
2702 2748
2702 2859
2702 2871
2702 2954
2702 3027
2702 3034
2702 3107
2702 3136
2702 3189
2702 3198
2702 3211
2702 3219
2702 3236
2702 3275
2702 3323
2702 3330
2702 3337
2702 3341
2702 3395
2703 1684
2703 2670
2703 2699
2703 2834
2703 2879
2703 2889
2703 2959
2703 2972
2703 2982
2703 3008
2703 3283
2703 3309
2703 3311
2703 3314
2703 3318
2703 3325
2703 3382
2703 3423
2704 171
2704 1684
2705 1684
2705 2669
2705 2676
2705 2680
2705 2689
2705 2754
2705 2815
2705 2839
2705 2867
2705 2874
2705 2896
2705 2916
2705 2924
2705 2925
2705 2943
2705 2969
2705 3033
2705 3054
2705 3056
2705 3085
2705 3129
2705 3193
2705 3301
2705 3304
2705 3363
2705 3387
2705 3426
2706 1684
2706 2673
2706 2680
2706 2689
2706 2694
2706 2695
2706 2743
2706 2749
2706 2750
2706 2754
2706 2761
2706 2763
2706 2777
2706 2782
2706 2786
2706 2800
2706 2806
2706 2810
2706 2827
2706 2839
2706 2864
2706 2867
2706 2877
2706 2880
2706 2891
2706 2896
2706 2905
2706 2910
2706 2911
2706 2920
2706 2927
2706 2928
2706 2931
2706 2940
2706 2943
2706 2944
2706 2945
2706 2946
2706 2948
2706 2960
2706 2966
2706 2967
2706 2969
2706 2974
2706 2986
2706 3000
2706 3004
2706 3023
2706 3052
2706 3056
2706 3096
2706 3184
2706 3193
2706 3213
2706 3220
2706 3234
2706 3237
2706 3286
2706 3293
2706 3294
2706 3303
2706 3324
2706 3362
2706 3363
2706 3414
2706 3417
2706 3426
2707 1666
2707 1684
2707 2719
2707 2778
2707 2781
2707 2938
2707 2957
2707 2964
2707 3019
2707 3062
2707 3133
2707 3145
2707 3182
2707 3320
2707 3331
2708 1684
2708 2661
2708 2672
2708 2684
2708 2701
2708 2719
2708 2796
2708 2797
2708 2823
2708 2828
2708 2845
2708 2869
2708 2875
2708 2894
2708 2937
2708 2995
2708 3011
2708 3051
2708 3076
2708 3079
2708 3115
2708 3145
2708 3172
2708 3179
2708 3182
2708 3258
2708 3262
2708 3298
2708 3320
2708 3332
2708 3350
2708 3396
2708 3397
2708 3434
2709 1684
2709 2700
2709 2735
2709 2772
2709 2780
2709 2795
2709 2812
2709 3015
2709 3138
2709 3178
2709 3211
2709 3307
2710 1684
2710 2663
2710 2749
2710 2769
2710 2807
2710 2809
2710 2851
2710 2978
2710 3090
2710 3095
2710 3130
2710 3300
2710 3426
2711 1684
2711 2665
2711 2667
2711 2714
2711 2723
2711 2724
2711 2748
2711 2758
2711 2779
2711 2825
2711 2829
2711 2881
2711 2921
2711 2923
2711 2942
2711 2951
2711 2989
2711 3009
2711 3019
2711 3062
2711 3077
2711 3118
2711 3162
2711 3177
2711 3198
2711 3207
2711 3233
2711 3285
2711 3296
2711 3366
2711 3412
2712 1684
2712 2716
2712 2742
2712 2748
2712 2778
2712 2780
2712 2785
2712 2796
2712 2833
2712 2849
2712 2853
2712 2859
2712 2950
2712 2989
2712 2991
2712 3035
2712 3038
2712 3070
2712 3101
2712 3120
2712 3132
2712 3150
2712 3188
2712 3198
2712 3201
2712 3224
2712 3240
2712 3252
2712 3277
2712 3280
2712 3288
2712 3291
2712 3296
2712 3299
2712 3321
2712 3335
2712 3345
2712 3347
2712 3350
2712 3351
2712 3357
2712 3411
2712 3415
2712 3434
2713 1684
2713 2728
2713 2729
2713 2951
2713 2990
2713 3007
2713 3038
2713 3077
2713 3082
2713 3086
2713 3103
2713 3106
2713 3120
2713 3154
2713 3176
2713 3207
2713 3223
2713 3224
2713 3240
2713 3241
2713 3252
2713 3285
2713 3291
2713 3321
2713 3344
2713 3371
2713 3391
2713 3406
2713 3410
2713 3412
2713 3420
2714 1684
2714 2711
2714 2979
2715 1684
2715 2723
2715 2747
2715 2787
2715 2831
2715 2832
2715 2844
2715 2859
2715 2863
2715 2865
2715 2868
2715 2881
2715 2901
2715 2936
2715 3027
2715 3050
2715 3087
2715 3146
2715 3171
2715 3187
2715 3208
2715 3214
2715 3256
2715 3259
2715 3264
2715 3276
2715 3291
2715 3312
2715 3330
2715 3347
2715 3365
2715 3393
2716 1684
2716 2661
2716 2662
2716 2665
2716 2687
2716 2712
2716 2719
2716 2720
2716 2730
2716 2742
2716 2748
2716 2753
2716 2780
2716 2783
2716 2785
2716 2793
2716 2796
2716 2797
2716 2828
2716 2830
2716 2844
2716 2845
2716 2846
2716 2853
2716 2859
2716 2863
2716 2868
2716 2901
2716 2904
2716 2914
2716 2936
2716 2939
2716 2951
2716 2973
2716 2984
2716 2989
2716 2990
2716 2992
2716 3002
2716 3007
2716 3013
2716 3015
2716 3017
2716 3027
2716 3034
2716 3038
2716 3041
2716 3046
2716 3051
2716 3058
2716 3060
2716 3070
2716 3077
2716 3082
2716 3089
2716 3097
2716 3101
2716 3106
2716 3107
2716 3109
2716 3110
2716 3140
2716 3150
2716 3154
2716 3188
2716 3191
2716 3198
2716 3206
2716 3209
2716 3212
2716 3240
2716 3260
2716 3263
2716 3267
2716 3274
2716 3276
2716 3280
2716 3287
2716 3288
2716 3291
2716 3299
2716 3313
2716 3320
2716 3321
2716 3345
2716 3347
2716 3350
2716 3352
2716 3353
2716 3360
2716 3385
2716 3397
2716 3403
2716 3406
2716 3434
2717 1684
2717 2664
2717 2666
2717 2676
2717 2689
2717 2694
2717 2754
2717 2755
2717 2757
2717 2777
2717 2782
2717 2815
2717 2827
2717 2839
2717 2864
2717 2866
2717 2867
2717 2872
2717 2877
2717 2897
2717 2905
2717 2910
2717 2911
2717 2912
2717 2913
2717 2916
2717 2920
2717 2925
2717 2940
2717 2956
2717 2966
2717 2985
2717 2986
2717 3022
2717 3033
2717 3047
2717 3056
2717 3064
2717 3065
2717 3078
2717 3085
2717 3096
2717 3098
2717 3108
2717 3142
2717 3174
2717 3195
2717 3226
2717 3250
2717 3339
2717 3348
2717 3363
2717 3387
2717 3426
2718 1684
2718 2758
2718 2832
2718 2843
2718 2883
2718 2901
2718 2932
2718 2955
2718 3032
2718 3043
2718 3076
2718 3081
2718 3087
2718 3107
2718 3115
2718 3136
2718 3167
2718 3173
2718 3187
2718 3196
2718 3198
2718 3236
2718 3253
2718 3255
2718 3256
2718 3263
2718 3264
2718 3296
2718 3330
2718 3331
2718 3335
2718 3350
2718 3369
2718 3385
2718 3396
2718 3402
2718 3418
2719 1684
2719 2661
2719 2672
2719 2701
2719 2707
2719 2708
2719 2716
2719 2720
2719 2742
2719 2753
2719 2778
2719 2785
2719 2793
2719 2796
2719 2797
2719 2823
2719 2828
2719 2833
2719 2840
2719 2853
2719 2863
2719 2869
2719 2875
2719 2881
2719 2894
2719 2936
2719 2937
2719 2939
2719 2973
2719 2976
2719 2991
2719 2992
2719 3005
2719 3017
2719 3035
2719 3039
2719 3051
2719 3060
2719 3076
2719 3079
2719 3082
2719 3100
2719 3101
2719 3102
2719 3106
2719 3111
2719 3113
2719 3115
2719 3116
2719 3120
2719 3132
2719 3145
2719 3150
2719 3169
2719 3170
2719 3172
2719 3179
2719 3182
2719 3185
2719 3201
2719 3204
2719 3206
2719 3225
2719 3239
2719 3240
2719 3252
2719 3258
2719 3261
2719 3262
2719 3267
2719 3274
2719 3277
2719 3280
2719 3281
2719 3287
2719 3288
2719 3291
2719 3297
2719 3298
2719 3320
2719 3330
2719 3332
2719 3344
2719 3345
2719 3347
2719 3350
2719 3351
2719 3353
2719 3355
2719 3367
2719 3377
2719 3378
2719 3381
2719 3386
2719 3391
2719 3396
2719 3397
2719 3406
2719 3422
2719 3434
2720 1684
2720 2716
2720 2719
2720 2753
2720 2783
2720 2793
2720 2859
2720 2868
2720 2932
2720 2936
2720 2937
2720 2973
2720 2984
2720 2989
2720 3002
2720 3009
2720 3017
2720 3038
2720 3051
2720 3060
2720 3070
2720 3076
2720 3082
2720 3087
2720 3089
2720 3106
2720 3140
2720 3154
2720 3160
2720 3182
2720 3191
2720 3198
2720 3201
2720 3215
2720 3224
2720 3239
2720 3240
2720 3263
2720 3291
2720 3320
2720 3321
2720 3342
2720 3344
2720 3345
2720 3353
2720 3355
2720 3386
2720 3397
2720 3406
2721 1684
2721 2671
2721 2824
2721 2962
2721 3077
2721 3091
2722 1684
2722 2863
2722 3265
2723 1684
2723 2690
2723 2711
2723 2715
2723 2787
2723 2836
2723 2901
2723 3009
2723 3027
2723 3215
2723 3291
2723 3383
2724 1405
2724 1684
2724 2662
2724 2682
2724 2685
2724 2711
2724 2728
2724 2730
2724 2737
2724 2739
2724 2758
2724 2775
2724 2779
2724 2829
2724 2830
2724 2845
2724 2865
2724 2892
2724 2921
2724 2934
2724 2947
2724 2951
2724 2957
2724 3001
2724 3002
2724 3011
2724 3018
2724 3019
2724 3051
2724 3061
2724 3062
2724 3068
2724 3069
2724 3077
2724 3081
2724 3086
2724 3100
2724 3118
2724 3133
2724 3154
2724 3162
2724 3168
2724 3176
2724 3177
2724 3186
2724 3191
2724 3203
2724 3207
2724 3210
2724 3221
2724 3223
2724 3233
2724 3253
2724 3263
2724 3266
2724 3273
2724 3285
2724 3295
2724 3308
2724 3332
2724 3334
2724 3346
2724 3356
2724 3359
2724 3366
2724 3370
2724 3379
2724 3405
2724 3412
2724 3415
2725 1505
2725 1642
2725 1684
2725 2688
2725 2818
2725 2903
2725 2923
2725 3302
2726 1684
2726 2663
2726 2738
2726 2837
2726 2851
2726 2890
2726 2899
2726 2978
2726 3045
2726 3090
2726 3104
2726 3114
2726 3137
2726 3139
2726 3229
2726 3231
2726 3392
2727 1684
2727 2668
2727 2780
2727 2795
2727 2840
2727 3024
2727 3048
2727 3100
2727 3138
2727 3140
2727 3178
2727 3205
2727 3374
2728 1684
2728 2662
2728 2713
2728 2724
2728 2730
2728 2829
2728 2830
2728 2951
2728 2990
2728 3002
2728 3007
2728 3018
2728 3019
2728 3077
2728 3086
2728 3103
2728 3154
2728 3162
2728 3168
2728 3171
2728 3176
2728 3207
2728 3233
2728 3241
2728 3273
2728 3279
2728 3285
2728 3295
2728 3319
2728 3346
2728 3356
2728 3359
2728 3366
2728 3371
2728 3379
2728 3410
2728 3412
2728 3420
2729 1684
2729 2679
2729 2683
2729 2689
2729 2698
2729 2713
2729 2731
2729 2738
2729 2743
2729 2755
2729 2766
2729 2773
2729 2786
2729 2794
2729 2810
2729 2821
2729 2862
2729 2873
2729 2874
2729 2877
2729 2887
2729 2890
2729 2907
2729 2915
2729 2928
2729 2929
2729 2944
2729 2956
2729 2977
2729 2981
2729 2988
2729 2993
2729 2994
2729 3000
2729 3010
2729 3025
2729 3026
2729 3036
2729 3073
2729 3080
2729 3084
2729 3089
2729 3090
2729 3104
2729 3114
2729 3119
2729 3123
2729 3135
2729 3137
2729 3158
2729 3166
2729 3257
2729 3279
2729 3293
2729 3362
2729 3363
2729 3364
2729 3384
2729 3394
2729 3400
2729 3417
2729 3433
2729 3435
2730 1684
2730 2665
2730 2675
2730 2690
2730 2716
2730 2724
2730 2728
2730 2737
2730 2739
2730 2758
2730 2768
2730 2781
2730 2783
2730 2801
2730 2812
2730 2816
2730 2819
2730 2843
2730 2844
2730 2863
2730 2865
2730 2871
2730 2918
2730 2932
2730 2938
2730 2941
2730 2947
2730 2951
2730 2955
2730 2958
2730 2996
2730 2999
2730 3002
2730 3016
2730 3018
2730 3019
2730 3032
2730 3043
2730 3062
2730 3077
2730 3082
2730 3086
2730 3087
2730 3097
2730 3100
2730 3110
2730 3118
2730 3136
2730 3138
2730 3154
2730 3162
2730 3167
2730 3168
2730 3177
2730 3187
2730 3189
2730 3191
2730 3196
2730 3207
2730 3210
2730 3211
2730 3214
2730 3215
2730 3219
2730 3221
2730 3233
2730 3244
2730 3253
2730 3255
2730 3256
2730 3264
2730 3289
2730 3295
2730 3302
2730 3307
2730 3312
2730 3327
2730 3341
2730 3342
2730 3346
2730 3359
2730 3365
2730 3366
2730 3369
2730 3385
2730 3395
2730 3403
2730 3412
2730 3420
2731 1684
2731 2663
2731 2683
2731 2729
2731 2738
2731 2786
2731 2821
2731 2873
2731 2874
2731 2890
2731 2956
2731 2981
2731 2987
2731 2988
2731 2993
2731 3025
2731 3026
2731 3036
2731 3084
2731 3090
2731 3114
2731 3123
2731 3137
2731 3158
2731 3166
2731 3231
2731 3257
2731 3387
2731 3400
2732 1684
2732 2902
2732 2930
2732 3131
2732 3180
2732 3181
2732 3251
2732 3372
2733 1684
2733 2797
2733 2812
2733 2894
2733 2936
2733 2937
2733 2958
2733 3011
2733 3060
2733 3076
2733 3079
2733 3152
2733 3172
2733 3179
2733 3182
2733 3185
2733 3258
2733 3262
2733 3272
2733 3298
2733 3320
2733 3350
2733 3396
2733 3434
2734 1505
2734 1684
2734 2752
2734 2760
2734 2787
2734 2790
2734 2808
2734 2818
2734 2836
2734 2840
2734 2848
2734 2923
2734 3005
2734 3027
2734 3057
2734 3077
2734 3121
2734 3157
2734 3165
2734 3186
2734 3254
2734 3287
2734 3319
2734 3340
2734 3343
2734 3347
2735 1684
2735 2690
2735 2696
2735 2709
2735 2819
2735 2844
2735 2914
2735 2932
2735 2951
2735 2976
2735 2996
2735 3075
2735 3140
2735 3173
2735 3244
2735 3259
2735 3307
2735 3385
2735 3418
2736 1684
2736 2771
2736 2836
2736 3248
2736 3327
2737 1684
2737 2662
2737 2682
2737 2684
2737 2724
2737 2730
2737 2775
2737 2796
2737 2845
2737 2869
2737 2892
2737 2937
2737 2991
2737 3019
2737 3051
2737 3154
2737 3160
2737 3204
2737 3233
2737 3273
2737 3298
2738 1684
2738 2663
2738 2664
2738 2669
2738 2679
2738 2681
2738 2683
2738 2694
2738 2726
2738 2729
2738 2731
2738 2741
2738 2743
2738 2754
2738 2756
2738 2757
2738 2773
2738 2786
2738 2798
2738 2809
2738 2835
2738 2839
2738 2862
2738 2864
2738 2873
2738 2874
2738 2877
2738 2887
2738 2888
2738 2890
2738 2896
2738 2911
2738 2915
2738 2924
2738 2925
2738 2928
2738 2929
2738 2931
2738 2944
2738 2945
2738 2953
2738 2956
2738 2960
2738 2969
2738 2974
2738 2977
2738 2978
2738 2988
2738 2994
2738 3000
2738 3004
2738 3014
2738 3025
2738 3026
2738 3029
2738 3036
2738 3084
2738 3090
2738 3092
2738 3098
2738 3104
2738 3114
2738 3119
2738 3123
2738 3137
2738 3168
2738 3220
2738 3229
2738 3231
2738 3232
2738 3238
2738 3243
2738 3257
2738 3293
2738 3294
2738 3362
2738 3363
2738 3364
2738 3384
2738 3400
2738 3417
2738 3426
2738 3433
2739 1684
2739 2702
2739 2724
2739 2730
2739 2829
2739 2830
2739 2871
2739 2951
2739 2954
2739 3002
2739 3019
2739 3050
2739 3062
2739 3068
2739 3069
2739 3118
2739 3140
2739 3162
2739 3168
2739 3191
2739 3233
2739 3240
2739 3273
2739 3292
2739 3326
2739 3346
2739 3366
2739 3379
2739 3410
2739 3415
2739 3420
2740 171
2740 1684
2741 1684
2741 2679
2741 2681
2741 2683
2741 2738
2741 2743
2741 2754
2741 2766
2741 2777
2741 2786
2741 2806
2741 2839
2741 2862
2741 2867
2741 2873
2741 2874
2741 2890
2741 2896
2741 2910
2741 2915
2741 2916
2741 2924
2741 2927
2741 2928
2741 2929
2741 2931
2741 2945
2741 2953
2741 2956
2741 2969
2741 2977
2741 2986
2741 2988
2741 2993
2741 2994
2741 3000
2741 3026
2741 3054
2741 3056
2741 3078
2741 3084
2741 3085
2741 3098
2741 3174
2741 3184
2741 3193
2741 3220
2741 3228
2741 3234
2741 3238
2741 3243
2741 3257
2741 3293
2741 3315
2741 3399
2741 3417
2741 3433
2742 1684
2742 2661
2742 2674
2742 2687
2742 2712
2742 2716
2742 2719
2742 2748
2742 2753
2742 2765
2742 2770
2742 2778
2742 2780
2742 2781
2742 2785
2742 2793
2742 2796
2742 2828
2742 2846
2742 2849
2742 2863
2742 2869
2742 2875
2742 2894
2742 2901
2742 2904
2742 2937
2742 2939
2742 2970
2742 2973
2742 2989
2742 2991
2742 2992
2742 3007
2742 3013
2742 3017
2742 3021
2742 3027
2742 3035
2742 3038
2742 3041
2742 3046
2742 3049
2742 3051
2742 3058
2742 3060
2742 3070
2742 3076
2742 3079
2742 3082
2742 3089
2742 3101
2742 3102
2742 3106
2742 3115
2742 3116
2742 3120
2742 3132
2742 3140
2742 3146
2742 3148
2742 3150
2742 3152
2742 3160
2742 3169
2742 3172
2742 3179
2742 3182
2742 3185
2742 3188
2742 3194
2742 3198
2742 3199
2742 3201
2742 3206
2742 3209
2742 3212
2742 3224
2742 3239
2742 3240
2742 3247
2742 3252
2742 3258
2742 3260
2742 3265
2742 3267
2742 3277
2742 3280
2742 3288
2742 3291
2742 3297
2742 3298
2742 3299
2742 3316
2742 3319
2742 3320
2742 3321
2742 3330
2742 3332
2742 3335
2742 3344
2742 3345
2742 3347
2742 3350
2742 3351
2742 3352
2742 3355
2742 3360
2742 3378
2742 3391
2742 3396
2742 3397
2742 3406
2742 3411
2742 3416
2742 3419
2743 1684
2743 2680
2743 2681
2743 2683
2743 2689
2743 2706
2743 2729
2743 2738
2743 2741
2743 2754
2743 2756
2743 2777
2743 2782
2743 2794
2743 2810
2743 2839
2743 2867
2743 2874
2743 2880
2743 2887
2743 2896
2743 2907
2743 2924
2743 2931
2743 2943
2743 2945
2743 2974
2743 2986
2743 2988
2743 2994
2743 3000
2743 3023
2743 3029
2743 3036
2743 3054
2743 3056
2743 3073
2743 3085
2743 3114
2743 3119
2743 3135
2743 3158
2743 3220
2743 3243
2743 3293
2743 3301
2743 3363
2743 3400
2743 3417
2743 3433
2743 3435
2744 1684
2744 1726
2744 2762
2744 2772
2744 2825
2744 2843
2744 2865
2744 3156
2744 3255
2744 3256
2744 3365
2744 3369
2744 3385
2745 1684
2745 2664
2745 2669
2745 2676
2745 2786
2745 2789
2745 2839
2745 2864
2745 2866
2745 2872
2745 2906
2745 2909
2745 2929
2745 2960
2745 2966
2745 2994
2745 3004
2745 3010
2745 3022
2745 3033
2745 3078
2745 3080
2745 3139
2745 3143
2745 3153
2745 3174
2745 3237
2745 3284
2745 3324
2745 3387
2745 3392
2745 3394
2745 3430
2746 1684
2746 2664
2746 2754
2746 2839
2746 2864
2746 2866
2746 2910
2746 2920
2746 2925
2746 2931
2746 2986
2746 3054
2746 3056
2746 3304
2746 3363
2747 1684
2747 2715
2747 2787
2747 2831
2747 2832
2747 2863
2747 2865
2747 2901
2747 3050
2747 3173
2747 3302
2747 3312
2747 3365
2748 1684
2748 2687
2748 2702
2748 2711
2748 2712
2748 2716
2748 2742
2748 2751
2748 2753
2748 2765
2748 2772
2748 2780
2748 2785
2748 2793
2748 2818
2748 2846
2748 2853
2748 2869
2748 2901
2748 2936
2748 2946
2748 2950
2748 2973
2748 2976
2748 2989
2748 2991
2748 3013
2748 3038
2748 3041
2748 3046
2748 3049
2748 3051
2748 3058
2748 3060
2748 3070
2748 3076
2748 3082
2748 3089
2748 3101
2748 3106
2748 3107
2748 3116
2748 3117
2748 3124
2748 3140
2748 3154
2748 3160
2748 3175
2748 3188
2748 3194
2748 3198
2748 3215
2748 3224
2748 3240
2748 3247
2748 3252
2748 3274
2748 3291
2748 3299
2748 3302
2748 3313
2748 3320
2748 3321
2748 3335
2748 3342
2748 3344
2748 3345
2748 3350
2748 3355
2748 3360
2748 3378
2748 3386
2748 3397
2748 3406
2748 3411
2749 1684
2749 2664
2749 2666
2749 2680
2749 2694
2749 2698
2749 2706
2749 2710
2749 2750
2749 2754
2749 2777
2749 2786
2749 2810
2749 2839
2749 2864
2749 2873
2749 2896
2749 2905
2749 2908
2749 2909
2749 2911
2749 2919
2749 2920
2749 2927
2749 2940
2749 2943
2749 2944
2749 2956
2749 2960
2749 2969
2749 2974
2749 2986
2749 2994
2749 3022
2749 3026
2749 3047
2749 3056
2749 3073
2749 3078
2749 3085
2749 3096
2749 3108
2749 3129
2749 3142
2749 3149
2749 3220
2749 3257
2749 3339
2749 3348
2749 3363
2749 3364
2749 3417
2749 3426
