2750 1684
2750 2664
2750 2666
2750 2669
2750 2679
2750 2680
2750 2689
2750 2694
2750 2698
2750 2706
2750 2749
2750 2754
2750 2755
2750 2763
2750 2782
2750 2786
2750 2800
2750 2810
2750 2827
2750 2839
2750 2864
2750 2866
2750 2867
2750 2872
2750 2873
2750 2877
2750 2880
2750 2890
2750 2897
2750 2905
2750 2906
2750 2908
2750 2909
2750 2910
2750 2911
2750 2912
2750 2913
2750 2915
2750 2916
2750 2920
2750 2927
2750 2928
2750 2940
2750 2943
2750 2944
2750 2945
2750 2956
2750 2960
2750 2966
2750 2969
2750 2974
2750 2985
2750 2986
2750 2988
2750 3022
2750 3023
2750 3026
2750 3033
2750 3040
2750 3047
2750 3052
2750 3056
2750 3064
2750 3073
2750 3078
2750 3090
2750 3096
2750 3098
2750 3104
2750 3108
2750 3119
2750 3137
2750 3142
2750 3149
2750 3202
2750 3226
2750 3232
2750 3234
2750 3284
2750 3324
2750 3339
2750 3348
2750 3363
2750 3387
2750 3426
2751 1684
2751 2668
2751 2696
2751 2748
2751 2772
2751 2841
2751 2868
2751 2878
2751 2901
2751 2913
2751 2946
2751 3017
2751 3035
2751 3038
2751 3043
2751 3093
2751 3113
2751 3115
2751 3117
2751 3124
2751 3140
2751 3150
2751 3177
2751 3198
2751 3204
2751 3215
2751 3224
2751 3291
2751 3302
2751 3321
2751 3335
2751 3342
2751 3353
2751 3357
2751 3380
2752 1405
2752 1684
2752 2734
2752 2781
2752 2812
2752 2818
2752 2962
2753 1684
2753 2662
2753 2665
2753 2716
2753 2719
2753 2720
2753 2742
2753 2748
2753 2793
2753 2869
2753 2901
2753 2936
2753 2937
2753 2965
2753 2973
2753 2976
2753 2989
2753 2992
2753 3019
2753 3038
2753 3051
2753 3060
2753 3070
2753 3075
2753 3079
2753 3082
2753 3101
2753 3106
2753 3116
2753 3120
2753 3132
2753 3140
2753 3145
2753 3150
2753 3154
2753 3160
2753 3198
2753 3240
2753 3261
2753 3267
2753 3280
2753 3291
2753 3320
2753 3321
2753 3344
2753 3350
2753 3355
2753 3378
2753 3386
2753 3397
2753 3406
2753 3434
2754 1684
2754 2664
2754 2669
2754 2673
2754 2676
2754 2679
2754 2681
2754 2683
2754 2689
2754 2694
2754 2698
2754 2705
2754 2706
2754 2717
2754 2738
2754 2741
2754 2743
2754 2746
2754 2749
2754 2750
2754 2755
2754 2756
2754 2757
2754 2761
2754 2763
2754 2769
2754 2777
2754 2782
2754 2786
2754 2800
2754 2806
2754 2810
2754 2812
2754 2835
2754 2839
2754 2850
2754 2852
2754 2854
2754 2862
2754 2863
2754 2864
2754 2866
2754 2867
2754 2872
2754 2874
2754 2877
2754 2880
2754 2890
2754 2896
2754 2897
2754 2906
2754 2908
2754 2909
2754 2910
2754 2911
2754 2912
2754 2915
2754 2916
2754 2919
2754 2920
2754 2927
2754 2928
2754 2940
2754 2943
2754 2944
2754 2945
2754 2956
2754 2960
2754 2966
2754 2969
2754 2974
2754 2986
2754 2988
2754 3000
2754 3004
2754 3022
2754 3023
2754 3025
2754 3026
2754 3029
2754 3033
2754 3036
2754 3052
2754 3054
2754 3056
2754 3064
2754 3065
2754 3078
2754 3085
2754 3090
2754 3096
2754 3104
2754 3105
2754 3108
2754 3129
2754 3137
2754 3142
2754 3166
2754 3174
2754 3184
2754 3195
2754 3202
2754 3220
2754 3226
2754 3228
2754 3232
2754 3234
2754 3243
2754 3250
2754 3257
2754 3284
2754 3293
2754 3324
2754 3339
2754 3348
2754 3362
2754 3363
2754 3399
2754 3400
2754 3417
2754 3426
2754 3433
2755 1684
2755 2664
2755 2666
2755 2669
2755 2676
2755 2679
2755 2680
2755 2694
2755 2717
2755 2729
2755 2750
2755 2754
2755 2757
2755 2777
2755 2782
2755 2800
2755 2815
2755 2827
2755 2839
2755 2866
2755 2872
2755 2877
2755 2880
2755 2890
2755 2897
2755 2905
2755 2906
2755 2909
2755 2910
2755 2911
2755 2912
2755 2913
2755 2916
2755 2920
2755 2925
2755 2927
2755 2928
2755 2929
2755 2940
2755 2943
2755 2944
2755 2956
2755 2960
2755 2966
2755 2985
2755 2986
2755 2987
2755 2993
2755 2994
2755 3014
2755 3022
2755 3026
2755 3033
2755 3040
2755 3047
2755 3054
2755 3056
2755 3064
2755 3065
2755 3078
2755 3084
2755 3090
2755 3096
2755 3098
2755 3108
2755 3117
2755 3119
2755 3149
2755 3158
2755 3163
2755 3166
2755 3174
2755 3195
2755 3226
2755 3228
2755 3232
2755 3238
2755 3250
2755 3284
2755 3301
2755 3324
2755 3339
2755 3348
2755 3363
2755 3387
2755 3399
2755 3417
2755 3433
2755 3435
2756 1684
2756 2679
2756 2681
2756 2683
2756 2738
2756 2743
2756 2754
2756 2773
2756 2786
2756 2839
2756 2862
2756 2873
2756 2887
2756 2888
2756 2915
2756 2924
2756 2928
2756 2929
2756 2931
2756 2945
2756 2956
2756 2977
2756 2981
2756 2993
2756 2994
2756 3000
2756 3025
2756 3026
2756 3029
2756 3073
2756 3084
2756 3090
2756 3104
2756 3135
2756 3220
2756 3232
2756 3238
2756 3257
2756 3293
2756 3362
2756 3363
2756 3364
2756 3384
2756 3417
2756 3433
2757 1684
2757 2664
2757 2669
2757 2676
2757 2679
2757 2680
2757 2681
2757 2689
2757 2694
2757 2698
2757 2717
2757 2738
2757 2754
2757 2755
2757 2763
2757 2777
2757 2782
2757 2800
2757 2815
2757 2827
2757 2835
2757 2839
2757 2854
2757 2864
2757 2866
2757 2867
2757 2872
2757 2877
2757 2896
2757 2906
2757 2909
2757 2911
2757 2912
2757 2916
2757 2917
2757 2919
2757 2925
2757 2927
2757 2940
2757 2944
2757 2945
2757 2960
2757 2966
2757 2969
2757 2974
2757 2986
2757 3000
2757 3004
2757 3022
2757 3033
2757 3036
2757 3040
2757 3054
2757 3056
2757 3064
2757 3065
2757 3078
2757 3090
2757 3096
2757 3098
2757 3104
2757 3108
2757 3129
2757 3135
2757 3142
2757 3149
2757 3174
2757 3184
2757 3195
2757 3220
2757 3226
2757 3232
2757 3284
2757 3286
2757 3301
2757 3304
2757 3324
2757 3363
2757 3364
2757 3387
2757 3414
2757 3417
2757 3426
2758 1684
2758 2711
2758 2718
2758 2724
2758 2730
2758 2780
2758 2784
2758 2801
2758 2813
2758 2816
2758 2843
2758 2856
2758 2865
2758 2918
2758 2932
2758 2951
2758 2955
2758 2964
2758 3019
2758 3032
2758 3081
2758 3087
2758 3136
2758 3154
2758 3162
2758 3167
2758 3187
2758 3196
2758 3198
2758 3219
2758 3233
2758 3236
2758 3253
2758 3255
2758 3256
2758 3259
2758 3264
2758 3285
2758 3307
2758 3330
2758 3341
2758 3365
2758 3366
2758 3369
2758 3385
2758 3412
2759 1684
2759 2690
2759 2812
2759 2820
2759 2836
2759 2854
2759 2866
2759 2909
2759 2946
2759 2961
2759 3041
2759 3064
2759 3095
2759 3117
2759 3202
2759 3213
2759 3237
2759 3286
2759 3303
2759 3324
2759 3383
2759 3426
2760 990
2760 1505
2760 1684
2760 2678
2760 2734
2760 2790
2760 2813
2760 3057
2760 3222
2760 3263
2760 3432
2761 1684
2761 2669
2761 2673
2761 2683
2761 2706
2761 2754
2761 2763
2761 2839
2761 2944
2761 2948
2761 2966
2761 3023
2761 3052
2761 3054
2761 3184
2761 3193
2761 3234
2761 3237
2761 3286
2761 3294
2761 3303
2761 3315
2761 3324
2761 3362
2761 3387
2761 3390
2761 3414
2761 3426
2762 1684
2762 2667
2762 2690
2762 2744
2762 2787
2762 2841
2762 2904
2762 3027
2762 3140
2762 3214
2762 3221
2762 3248
2762 3255
2762 3275
2762 3277
2762 3279
2762 3327
2762 3329
2762 3353
2762 3380
2762 3385
2763 1684
2763 2673
2763 2679
2763 2680
2763 2681
2763 2689
2763 2694
2763 2706
2763 2750
2763 2754
2763 2757
2763 2761
2763 2777
2763 2800
2763 2806
2763 2810
2763 2835
2763 2839
2763 2854
2763 2862
2763 2864
2763 2867
2763 2880
2763 2890
2763 2891
2763 2912
2763 2913
2763 2915
2763 2919
2763 2920
2763 2927
2763 2931
2763 2943
2763 2944
2763 2945
2763 2948
2763 2956
2763 2960
2763 2967
2763 2974
2763 3000
2763 3023
2763 3026
2763 3042
2763 3052
2763 3056
2763 3184
2763 3193
2763 3213
2763 3220
2763 3228
2763 3232
2763 3234
2763 3237
2763 3286
2763 3294
2763 3303
2763 3315
2763 3324
2763 3363
2763 3414
2763 3417
2763 3426
2764 1505
2764 1534
2764 1642
2764 1656
2764 1684
2764 1758
2764 2677
2764 2688
2764 2693
2764 2822
2764 2903
2764 2923
2764 2941
2764 2979
2764 2999
2764 3011
2764 3020
2764 3201
2764 3222
2764 3263
2764 3278
2764 3302
2764 3319
2764 3340
2764 3361
2765 1684
2765 2661
2765 2674
2765 2742
2765 2748
2765 2770
2765 2780
2765 2793
2765 2828
2765 2849
2765 2853
2765 2863
2765 2939
2765 2970
2765 2973
2765 3007
2765 3021
2765 3035
2765 3049
2765 3070
2765 3082
2765 3094
2765 3101
2765 3102
2765 3116
2765 3120
2765 3132
2765 3146
2765 3169
2765 3201
2765 3206
2765 3239
2765 3247
2765 3252
2765 3265
2765 3267
2765 3277
2765 3297
2765 3316
2765 3330
2765 3344
2765 3351
2765 3391
2765 3397
2765 3416
2765 3419
2765 3434
2766 1684
2766 2729
2766 2741
2766 2786
2766 2794
2766 2810
2766 2821
2766 2907
2766 2924
2766 2929
2766 3025
2766 3119
2766 3413
2767 1684
2767 2670
2767 2889
2767 2959
2767 3314
2767 3318
2768 1684
2768 2730
2768 2813
2768 2865
2768 2918
2768 2921
2768 2951
2768 2973
2768 3002
2768 3017
2768 3020
2768 3034
2768 3072
2768 3077
2768 3097
2768 3118
2768 3151
2768 3242
2768 3263
2768 3274
2768 3276
2768 3287
2768 3299
2768 3302
2768 3313
2768 3353
2768 3403
2768 3409
2769 1684
2769 2710
2769 2754
2769 2789
2769 2807
2769 2943
2769 2978
2769 3010
2769 3090
2769 3130
2769 3139
2769 3300
2770 1684
2770 2661
2770 2674
2770 2742
2770 2765
2770 2778
2770 2849
2770 2853
2770 2863
2770 2904
2770 2939
2770 3021
2770 3035
2770 3049
2770 3070
2770 3101
2770 3102
2770 3116
2770 3132
2770 3146
2770 3150
2770 3152
2770 3169
2770 3185
2770 3188
2770 3201
2770 3239
2770 3247
2770 3252
2770 3265
2770 3277
2770 3280
2770 3291
2770 3297
2770 3330
2770 3347
2770 3351
2770 3411
2770 3416
2770 3419
2770 3434
2771 1684
2771 2736
2771 2836
2771 2841
2771 2858
2771 2893
2771 2954
2771 3214
2771 3221
2771 3248
2771 3327
2771 3383
2771 3389
2771 3424
2772 1684
2772 2668
2772 2674
2772 2709
2772 2744
2772 2748
2772 2751
2772 2785
2772 2803
2772 2831
2772 2895
2772 2958
2772 2996
2772 3017
2772 3027
2772 3075
2772 3093
2772 3107
2772 3192
2772 3214
2772 3221
2772 3242
2772 3256
2772 3274
2772 3296
2772 3313
2772 3319
2772 3328
2772 3342
2772 3349
2772 3357
2772 3374
2772 3406
2772 3411
2773 1684
2773 2664
2773 2666
2773 2679
2773 2681
2773 2683
2773 2694
2773 2729
2773 2738
2773 2756
2773 2782
2773 2786
2773 2810
2773 2815
2773 2862
2773 2873
2773 2890
2773 2905
2773 2913
2773 2915
2773 2916
2773 2925
2773 2929
2773 2931
2773 2945
2773 2953
2773 2956
2773 2969
2773 2977
2773 2987
2773 2988
2773 2993
2773 2994
2773 3004
2773 3014
2773 3026
2773 3029
2773 3040
2773 3078
2773 3084
2773 3090
2773 3096
2773 3104
2773 3119
2773 3158
2773 3166
2773 3174
2773 3238
2773 3293
2773 3339
2773 3348
2773 3362
2773 3364
2773 3384
2773 3417
2773 3433
2773 3435
2774 1684
2774 2817
2774 3055
2774 3074
2774 3127
2774 3147
2775 1405
2775 1684
2775 2682
2775 2684
2775 2724
2775 2737
2775 2845
2775 2881
2775 2892
2775 2947
2775 2951
2775 2962
2775 2995
2775 3001
2775 3002
2775 3018
2775 3019
2775 3051
2775 3062
2775 3162
2775 3168
2775 3186
2775 3233
2775 3273
2775 3295
2775 3346
2775 3366
2776 1684
2776 2861
2776 3105
2776 3141
2776 3216
2776 3271
2777 1684
2777 2664
2777 2669
2777 2673
2777 2676
2777 2679
2777 2689
2777 2694
2777 2706
2777 2717
2777 2741
2777 2743
2777 2749
2777 2754
2777 2755
2777 2757
2777 2763
2777 2782
2777 2786
2777 2800
2777 2806
2777 2810
2777 2815
2777 2827
2777 2839
2777 2850
2777 2864
2777 2867
2777 2872
2777 2884
2777 2896
2777 2897
2777 2906
2777 2908
2777 2909
2777 2910
2777 2911
2777 2912
2777 2916
2777 2919
2777 2920
2777 2925
2777 2927
2777 2928
2777 2940
2777 2943
2777 2944
2777 2945
2777 2960
2777 2966
2777 2969
2777 2974
2777 2985
2777 2986
2777 2988
2777 3000
2777 3004
2777 3022
2777 3054
2777 3056
2777 3064
2777 3073
2777 3078
2777 3085
2777 3096
2777 3098
2777 3108
2777 3158
2777 3184
2777 3195
2777 3220
2777 3226
2777 3228
2777 3232
2777 3284
2777 3304
2777 3348
2777 3363
2777 3387
2777 3399
2777 3417
2777 3426
2777 3433
2778 1684
2778 2661
2778 2672
2778 2674
2778 2707
2778 2712
2778 2719
2778 2742
2778 2770
2778 2781
2778 2796
2778 2823
2778 2828
2778 2833
2778 2849
2778 2853
2778 2863
2778 2869
2778 2875
2778 2881
2778 2894
2778 2901
2778 2904
2778 2921
2778 2938
2778 2939
2778 2991
2778 2992
2778 3016
2778 3017
2778 3035
2778 3039
2778 3049
2778 3051
2778 3060
2778 3076
2778 3082
2778 3100
2778 3101
2778 3102
2778 3109
2778 3111
2778 3112
2778 3113
2778 3115
2778 3116
2778 3118
2778 3120
2778 3132
2778 3145
2778 3146
2778 3148
2778 3150
2778 3169
2778 3172
2778 3179
2778 3182
2778 3185
2778 3199
2778 3201
2778 3204
2778 3225
2778 3239
2778 3247
2778 3252
2778 3261
2778 3265
2778 3267
2778 3272
2778 3274
2778 3277
2778 3280
2778 3287
2778 3297
2778 3298
2778 3306
2778 3320
2778 3327
2778 3330
2778 3332
2778 3335
2778 3345
2778 3347
2778 3350
2778 3351
2778 3366
2778 3377
2778 3378
2778 3381
2778 3396
2778 3397
2778 3416
2778 3419
2778 3422
2778 3434
2779 1684
2779 2711
2779 2724
2779 2829
2779 2951
2779 3019
2779 3068
2779 3069
2779 3077
2779 3086
2779 3162
2779 3177
2779 3207
2779 3233
2779 3285
2779 3356
2779 3366
2779 3412
2779 3420
2780 1684
2780 2661
2780 2687
2780 2709
2780 2712
2780 2716
2780 2727
2780 2742
2780 2748
2780 2758
2780 2765
2780 2785
2780 2793
2780 2795
2780 2846
2780 2863
2780 2871
2780 2923
2780 2939
2780 2950
2780 2979
2780 3013
2780 3041
2780 3048
2780 3049
2780 3089
2780 3101
2780 3102
2780 3109
2780 3116
2780 3136
2780 3138
2780 3146
2780 3152
2780 3172
2780 3178
2780 3188
2780 3198
2780 3201
2780 3209
2780 3211
2780 3212
2780 3219
2780 3233
2780 3240
2780 3247
2780 3256
2780 3265
2780 3279
2780 3297
2780 3299
2780 3307
2780 3335
2780 3351
2780 3352
2780 3360
2780 3374
2780 3395
2780 3419
2781 1684
2781 2665
2781 2672
2781 2674
2781 2675
2781 2707
2781 2730
2781 2742
2781 2752
2781 2778
2781 2787
2781 2796
2781 2836
2781 2849
2781 2853
2781 2863
2781 2869
2781 2894
2781 2901
2781 2939
2781 2958
2781 2991
2781 3005
2781 3027
2781 3035
2781 3049
2781 3060
2781 3076
2781 3082
2781 3100
2781 3101
2781 3113
2781 3116
2781 3120
2781 3136
2781 3148
2781 3150
2781 3151
2781 3157
2781 3169
2781 3179
2781 3182
2781 3201
2781 3204
2781 3214
2781 3221
2781 3252
2781 3261
2781 3267
2781 3277
2781 3280
2781 3288
2781 3291
2781 3297
2781 3326
2781 3327
2781 3335
2781 3347
2781 3350
2781 3351
2781 3366
2781 3381
2781 3397
2781 3419
2781 3425
2781 3434
2782 1684
2782 2664
2782 2666
2782 2669
2782 2676
2782 2681
2782 2689
2782 2694
2782 2698
2782 2706
2782 2717
2782 2743
2782 2750
2782 2754
2782 2755
2782 2757
2782 2773
2782 2777
2782 2786
2782 2800
2782 2806
2782 2815
2782 2827
2782 2835
2782 2839
2782 2854
2782 2862
2782 2864
2782 2866
2782 2872
2782 2877
2782 2891
2782 2896
2782 2905
2782 2906
2782 2909
2782 2910
2782 2911
2782 2912
2782 2913
2782 2915
2782 2916
2782 2920
2782 2924
2782 2927
2782 2943
2782 2944
2782 2956
2782 2960
2782 2966
2782 2969
2782 2985
2782 2986
2782 2988
2782 3004
2782 3010
2782 3014
2782 3022
2782 3025
2782 3026
2782 3033
2782 3036
2782 3040
2782 3047
2782 3052
2782 3054
2782 3064
2782 3078
2782 3084
2782 3085
2782 3090
2782 3096
2782 3104
2782 3108
2782 3123
2782 3142
2782 3149
2782 3174
2782 3184
2782 3195
2782 3213
2782 3226
2782 3232
2782 3234
2782 3250
2782 3284
2782 3301
2782 3303
2782 3304
2782 3324
2782 3339
2782 3348
2782 3363
2782 3364
2782 3384
2782 3387
2782 3399
2782 3426
2783 1684
2783 2662
2783 2716
2783 2720
2783 2730
2783 2787
2783 2819
2783 2932
2783 2955
2783 2976
2783 2984
2783 3017
2783 3027
2783 3028
2783 3060
2783 3076
2783 3087
2783 3152
2783 3172
2783 3182
2783 3185
2783 3192
2783 3198
2783 3255
2783 3274
2783 3291
2783 3341
2783 3353
2783 3369
2783 3383
2783 3385
2783 3395
2783 3422
2784 1684
2784 2667
2784 2690
2784 2696
2784 2700
2784 2758
2784 2813
2784 2848
2784 2856
2784 2979
2784 3034
2784 3072
2784 3099
2784 3115
2784 3136
2784 3150
2784 3179
2784 3211
2784 3214
2784 3219
2784 3259
2784 3275
2784 3329
2784 3342
2784 3349
2784 3365
2784 3397
2784 3409
2785 1684
2785 2661
2785 2687
2785 2712
2785 2716
2785 2719
2785 2742
2785 2748
2785 2772
2785 2780
2785 2846
2785 2849
2785 2863
2785 2904
2785 3013
2785 3041
2785 3046
2785 3058
2785 3067
2785 3072
2785 3081
2785 3089
2785 3101
2785 3109
2785 3138
2785 3146
2785 3152
2785 3188
2785 3209
2785 3212
2785 3233
2785 3240
2785 3249
2785 3272
2785 3280
2785 3299
2785 3302
2785 3306
2785 3335
2785 3341
2785 3345
2785 3352
2785 3360
2785 3431
2786 1684
2786 2663
2786 2664
2786 2666
2786 2669
2786 2679
2786 2681
2786 2683
2786 2694
2786 2698
2786 2706
2786 2729
2786 2731
2786 2738
2786 2741
2786 2745
2786 2749
2786 2750
2786 2754
2786 2756
2786 2766
2786 2773
2786 2777
2786 2782
2786 2800
2786 2810
2786 2827
2786 2835
2786 2839
2786 2862
2786 2864
2786 2866
2786 2873
2786 2874
2786 2877
2786 2890
2786 2896
2786 2906
2786 2910
2786 2912
2786 2913
2786 2915
2786 2916
2786 2919
2786 2924
2786 2927
2786 2928
2786 2929
2786 2931
2786 2940
2786 2943
2786 2944
2786 2946
2786 2953
2786 2956
2786 2960
2786 2966
2786 2969
2786 2977
2786 2981
2786 2985
2786 2986
2786 2988
2786 2993
2786 2994
2786 3000
2786 3014
2786 3022
2786 3025
2786 3026
2786 3029
2786 3033
2786 3054
2786 3073
2786 3078
2786 3084
2786 3090
2786 3104
2786 3114
2786 3119
2786 3158
2786 3166
2786 3174
2786 3213
2786 3220
2786 3228
2786 3238
2786 3243
2786 3257
2786 3284
2786 3293
2786 3324
2786 3362
2786 3363
2786 3364
2786 3384
2786 3387
2786 3394
2786 3417
2786 3426
2786 3433
2786 3435
2787 1684
2787 2690
2787 2694
2787 2715
2787 2723
2787 2734
2787 2747
2787 2762
2787 2781
2787 2783
2787 2793
2787 2825
2787 2836
2787 2849
2787 2863
2787 2892
2787 2901
2787 2904
2787 2932
2787 2939
2787 3027
2787 3034
2787 3038
2787 3049
2787 3070
2787 3072
2787 3082
2787 3087
2787 3097
2787 3101
2787 3116
2787 3150
2787 3211
2787 3214
2787 3253
2787 3256
2787 3291
2787 3302
2787 3312
2787 3320
2787 3321
2787 3327
2787 3342
2787 3347
2787 3369
2787 3379
2787 3380
2787 3395
2787 3403
2788 1684
2788 3271
2789 1684
2789 2663
2789 2745
2789 2769
2789 2807
2789 2851
2789 2888
2789 2944
2789 2978
2789 3026
2789 3045
2789 3059
2789 3084
2789 3104
2789 3130
2789 3137
2789 3231
2789 3300
2789 3428
2790 1684
2790 2661
2790 2734
2790 2760
2790 2803
2790 2813
2790 2848
2790 3203
2790 3302
2791 1684
2791 2665
2791 2700
2791 2812
2791 2818
2791 2844
2791 2876
2791 2950
2791 2975
2791 3088
2791 3116
2791 3136
2792 1684
2792 2691
2792 3037
2793 1684
2793 2661
2793 2674
2793 2716
2793 2719
2793 2720
2793 2742
2793 2748
2793 2753
2793 2765
2793 2780
2793 2787
2793 2795
2793 2828
2793 2833
2793 2849
2793 2853
2793 2863
2793 2875
2793 2901
2793 2936
2793 2937
2793 2939
2793 2950
2793 2970
2793 2973
2793 2989
2793 2991
2793 2992
2793 3007
2793 3021
2793 3027
2793 3035
2793 3038
2793 3041
2793 3046
2793 3049
2793 3051
2793 3060
2793 3070
2793 3072
2793 3082
2793 3089
2793 3097
2793 3101
2793 3103
2793 3106
2793 3115
2793 3116
2793 3120
2793 3132
2793 3136
2793 3140
2793 3146
2793 3150
2793 3152
2793 3154
2793 3160
2793 3169
2793 3191
2793 3198
2793 3201
2793 3206
2793 3212
2793 3214
2793 3224
2793 3239
2793 3240
2793 3247
2793 3252
2793 3253
2793 3267
2793 3277
2793 3280
2793 3288
2793 3291
2793 3297
2793 3316
2793 3319
2793 3320
2793 3321
2793 3330
2793 3332
2793 3335
2793 3342
2793 3344
2793 3345
2793 3347
2793 3350
2793 3351
2793 3353
2793 3355
2793 3386
2793 3391
2793 3396
2793 3397
2793 3406
2793 3416
2793 3434
2794 1684
2794 2683
2794 2729
2794 2743
2794 2766
2794 2810
2794 2821
2794 2874
2794 2887
2794 2907
2794 2966
2794 2988
2794 3000
2794 3073
2794 3119
2794 3135
2794 3158
2794 3417
2794 3433
2795 1684
2795 2668
2795 2709
2795 2727
2795 2780
2795 2793
2795 2813
2795 2832
2795 2904
2795 3020
2795 3046
2795 3048
2795 3050
2795 3110
2795 3138
2795 3148
2795 3178
2795 3211
2795 3254
2795 3296
2795 3307
2795 3353
2795 3374
2795 3385
2796 1684
2796 2672
2796 2674
2796 2708
2796 2712
2796 2716
2796 2719
2796 2737
2796 2742
2796 2778
2796 2781
2796 2828
2796 2833
2796 2849
2796 2853
2796 2863
2796 2869
2796 2881
2796 2894
2796 2921
2796 2936
2796 2939
2796 2991
2796 3016
2796 3017
2796 3035
2796 3039
2796 3049
2796 3051
2796 3060
2796 3076
2796 3082
2796 3101
2796 3111
2796 3113
2796 3132
2796 3145
2796 3172
2796 3185
2796 3199
2796 3201
2796 3204
2796 3261
2796 3267
2796 3274
2796 3277
2796 3280
2796 3287
2796 3297
2796 3320
2796 3347
2796 3350
2796 3351
2796 3377
2796 3378
2796 3381
2796 3396
2796 3419
2796 3422
2796 3434
2797 1684
2797 2672
2797 2684
2797 2701
2797 2708
2797 2716
2797 2719
2797 2733
2797 2823
2797 2845
2797 2894
2797 2901
2797 2936
2797 2937
2797 2995
2797 3011
2797 3076
2797 3079
2797 3179
2797 3182
2797 3258
2797 3262
2797 3320
2797 3332
2797 3350
2797 3378
2797 3396
2798 1684
2798 2738
2798 3303
2799 1684
2799 2861
2799 3053
2799 3105
2799 3122
2799 3200
2799 3218
2799 3354
