2800 1684
2800 2664
2800 2669
2800 2676
2800 2679
2800 2680
2800 2681
2800 2689
2800 2694
2800 2698
2800 2706
2800 2750
2800 2754
2800 2755
2800 2757
2800 2763
2800 2777
2800 2782
2800 2786
2800 2806
2800 2810
2800 2815
2800 2827
2800 2839
2800 2854
2800 2862
2800 2864
2800 2867
2800 2872
2800 2877
2800 2880
2800 2890
2800 2897
2800 2906
2800 2910
2800 2912
2800 2913
2800 2916
2800 2919
2800 2925
2800 2927
2800 2928
2800 2940
2800 2943
2800 2944
2800 2945
2800 2956
2800 2960
2800 2966
2800 2969
2800 2974
2800 2986
2800 2988
2800 3000
2800 3004
2800 3023
2800 3026
2800 3033
2800 3040
2800 3044
2800 3056
2800 3073
2800 3078
2800 3085
2800 3090
2800 3096
2800 3098
2800 3119
2800 3135
2800 3174
2800 3213
2800 3220
2800 3232
2800 3250
2800 3284
2800 3324
2800 3348
2800 3363
2800 3400
2800 3417
2800 3426
2800 3433
2801 1684
2801 2730
2801 2758
2801 2865
2801 3032
2801 3167
2801 3221
2801 3255
2801 3256
2801 3365
2802 1684
2802 2693
2802 2863
2802 3035
2802 3106
2802 3150
2802 3154
2802 3267
2802 3397
2802 3419
2803 1684
2803 2690
2803 2772
2803 2790
2803 2813
2803 2848
2803 2881
2803 2882
2803 2996
2803 3048
2803 3100
2803 3124
2803 3138
2803 3140
2803 3178
2803 3196
2803 3211
2803 3214
2803 3256
2803 3280
2803 3380
2803 3418
2804 1684
2804 2662
2804 2836
2804 2984
2804 2992
2804 3316
2804 3327
2804 3377
2804 3416
2805 1684
2805 2806
2805 2922
2805 2983
2805 2997
2805 3012
2805 3028
2805 3121
2806 1684
2806 2664
2806 2673
2806 2694
2806 2695
2806 2706
2806 2741
2806 2754
2806 2763
2806 2777
2806 2782
2806 2800
2806 2805
2806 2839
2806 2854
2806 2867
2806 2877
2806 2880
2806 2890
2806 2891
2806 2909
2806 2910
2806 2912
2806 2919
2806 2920
2806 2925
2806 2927
2806 2943
2806 2944
2806 2948
2806 2967
2806 2986
2806 3000
2806 3004
2806 3014
2806 3023
2806 3114
2806 3142
2806 3184
2806 3213
2806 3234
2806 3237
2806 3286
2806 3294
2806 3309
2806 3324
2806 3363
2806 3414
2806 3417
2806 3430
2807 1684
2807 2683
2807 2710
2807 2769
2807 2789
2807 2837
2807 2887
2807 2888
2807 2978
2807 3010
2807 3025
2807 3080
2807 3084
2807 3123
2807 3129
2807 3130
2807 3231
2807 3257
2807 3300
2807 3394
2807 3400
2807 3428
2808 1684
2808 2734
2808 3121
2809 1684
2809 2683
2809 2710
2809 2738
2809 2837
2809 3010
2809 3026
2809 3030
2809 3036
2809 3080
2809 3090
2809 3104
2809 3231
2809 3269
2809 3317
2809 3333
2809 3362
2809 3388
2809 3394
2810 1684
2810 2679
2810 2683
2810 2689
2810 2706
2810 2729
2810 2743
2810 2749
2810 2750
2810 2754
2810 2763
2810 2766
2810 2773
2810 2777
2810 2786
2810 2794
2810 2800
2810 2821
2810 2839
2810 2867
2810 2873
2810 2874
2810 2880
2810 2887
2810 2907
2810 2910
2810 2920
2810 2927
2810 2928
2810 2940
2810 2943
2810 2944
2810 2945
2810 2960
2810 2974
2810 2986
2810 2988
2810 2994
2810 3000
2810 3023
2810 3025
2810 3056
2810 3073
2810 3084
2810 3090
2810 3117
2810 3123
2810 3135
2810 3158
2810 3163
2810 3213
2810 3220
2810 3236
2810 3293
2810 3362
2810 3363
2810 3417
2810 3433
2811 1684
2811 2700
2811 2904
2811 3162
2811 3272
2811 3280
2811 3331
2812 1684
2812 2700
2812 2709
2812 2730
2812 2733
2812 2752
2812 2754
2812 2759
2812 2791
2812 2818
2812 2843
2812 2869
2812 3041
2812 3087
2812 3140
2812 3187
2812 3249
2812 3256
2812 3273
2812 3287
2812 3291
2812 3365
2812 3393
2812 3403
2812 3421
2813 1419
2813 1684
2813 1758
2813 2758
2813 2760
2813 2768
2813 2784
2813 2790
2813 2795
2813 2803
2813 2818
2813 2826
2813 2848
2813 2883
2813 2951
2813 2971
2813 2979
2813 3002
2813 3020
2813 3136
2813 3171
2813 3177
2813 3178
2813 3214
2813 3365
2813 3393
2813 3409
2814 58
2814 1684
2815 1684
2815 2664
2815 2666
2815 2676
2815 2680
2815 2689
2815 2694
2815 2698
2815 2705
2815 2717
2815 2755
2815 2757
2815 2773
2815 2777
2815 2782
2815 2800
2815 2827
2815 2839
2815 2866
2815 2872
2815 2905
2815 2910
2815 2911
2815 2912
2815 2916
2815 2917
2815 2920
2815 2925
2815 2943
2815 2944
2815 2966
2815 2969
2815 2986
2815 2987
2815 3022
2815 3026
2815 3033
2815 3040
2815 3056
2815 3064
2815 3065
2815 3078
2815 3085
2815 3090
2815 3096
2815 3098
2815 3108
2815 3142
2815 3149
2815 3195
2815 3226
2815 3232
2815 3250
2815 3304
2815 3363
2815 3387
2815 3426
2816 1684
2816 2730
2816 2758
2816 2843
2816 2865
2816 3087
2816 3152
2816 3187
2816 3256
2816 3264
2816 3369
2817 1684
2817 2774
2817 3055
2817 3074
2817 3127
2818 1684
2818 2700
2818 2725
2818 2734
2818 2748
2818 2752
2818 2791
2818 2812
2818 2813
2818 2882
2818 2946
2818 3067
2818 3261
2818 3276
2818 3350
2818 3353
2819 1684
2819 2730
2819 2735
2819 2783
2819 2904
2819 2996
2819 3017
2819 3035
2819 3140
2819 3148
2819 3192
2819 3221
2819 3272
2819 3280
2819 3289
2819 3306
2819 3307
2819 3313
2819 3328
2819 3341
2819 3342
2819 3346
2819 3385
2819 3421
2820 1684
2820 2696
2820 2697
2820 2759
2820 2870
2820 2934
2820 2962
2820 3001
2820 3190
2820 3233
2820 3244
2820 3246
2820 3275
2820 3292
2820 3295
2821 1684
2821 2729
2821 2731
2821 2766
2821 2794
2821 2810
2821 2966
2821 3114
2821 3119
2821 3135
2821 3158
2821 3166
2821 3413
2822 990
2822 1534
2822 1642
2822 1684
2822 2693
2822 2764
2822 2831
2822 2941
2822 2999
2822 3164
2822 3222
2822 3263
2822 3278
2822 3361
2823 1684
2823 2672
2823 2684
2823 2701
2823 2708
2823 2719
2823 2778
2823 2797
2823 2828
2823 2845
2823 2875
2823 2894
2823 2937
2823 2992
2823 3011
2823 3051
2823 3060
2823 3076
2823 3079
2823 3082
2823 3118
2823 3145
2823 3170
2823 3172
2823 3179
2823 3182
2823 3258
2823 3261
2823 3262
2823 3267
2823 3287
2823 3320
2823 3332
2823 3350
2823 3378
2823 3396
2823 3403
2823 3434
2824 1684
2824 2671
2824 2721
2824 2962
2824 3077
2824 3091
2825 1684
2825 1758
2825 2711
2825 2744
2825 2787
2825 2844
2825 2868
2825 2921
2825 2942
2825 2951
2825 2989
2825 3027
2825 3075
2825 3156
2825 3177
2825 3198
2825 3256
2825 3365
2825 3385
2825 3431
2826 1171
2826 1505
2826 1656
2826 1684
2826 2813
2826 2979
2826 3165
2826 3211
2826 3340
2826 3361
2827 1684
2827 2666
2827 2669
2827 2676
2827 2689
2827 2694
2827 2698
2827 2706
2827 2717
2827 2750
2827 2755
2827 2757
2827 2777
2827 2782
2827 2786
2827 2800
2827 2815
2827 2839
2827 2852
2827 2866
2827 2867
2827 2872
2827 2877
2827 2890
2827 2897
2827 2905
2827 2906
2827 2910
2827 2911
2827 2913
2827 2915
2827 2916
2827 2917
2827 2919
2827 2920
2827 2925
2827 2929
2827 2943
2827 2944
2827 2956
2827 2966
2827 2969
2827 2985
2827 2986
2827 2987
2827 2993
2827 2994
2827 3022
2827 3026
2827 3033
2827 3040
2827 3054
2827 3064
2827 3065
2827 3078
2827 3090
2827 3096
2827 3098
2827 3108
2827 3149
2827 3163
2827 3166
2827 3174
2827 3195
2827 3226
2827 3232
2827 3284
2827 3301
2827 3348
2827 3363
2827 3387
2827 3390
2827 3417
2827 3426
2827 3435
2828 1684
2828 2661
2828 2674
2828 2708
2828 2716
2828 2719
2828 2742
2828 2765
2828 2778
2828 2793
2828 2796
2828 2823
2828 2833
2828 2849
2828 2869
2828 2875
2828 2901
2828 2936
2828 2937
2828 2939
2828 2970
2828 2973
2828 2989
2828 2991
2828 2992
2828 3027
2828 3035
2828 3038
2828 3049
2828 3051
2828 3060
2828 3076
2828 3082
2828 3101
2828 3102
2828 3106
2828 3113
2828 3115
2828 3116
2828 3120
2828 3132
2828 3146
2828 3148
2828 3152
2828 3169
2828 3170
2828 3172
2828 3179
2828 3185
2828 3201
2828 3209
2828 3247
2828 3252
2828 3261
2828 3265
2828 3272
2828 3277
2828 3280
2828 3291
2828 3298
2828 3320
2828 3330
2828 3332
2828 3335
2828 3344
2828 3347
2828 3350
2828 3351
2828 3377
2828 3378
2828 3381
2828 3391
2828 3396
2828 3397
2828 3406
2828 3411
2828 3416
2828 3434
2829 1684
2829 2711
2829 2724
2829 2728
2829 2739
2829 2779
2829 2951
2829 3001
2829 3019
2829 3062
2829 3068
2829 3069
2829 3077
2829 3086
2829 3154
2829 3162
2829 3168
2829 3176
2829 3177
2829 3207
2829 3233
2829 3241
2829 3285
2829 3295
2829 3334
2829 3356
2829 3366
2829 3412
2830 1684
2830 2662
2830 2716
2830 2724
2830 2728
2830 2739
2830 2951
2830 2990
2830 2992
2830 3002
2830 3019
2830 3154
2830 3168
2830 3191
2830 3207
2830 3233
2830 3319
2830 3346
2830 3366
2830 3379
2830 3412
2830 3434
2831 1684
2831 2715
2831 2747
2831 2772
2831 2822
2831 2832
2831 2863
2831 2865
2831 2901
2831 2996
2831 3050
2831 3124
2831 3214
2831 3256
2831 3312
2831 3326
2831 3365
2831 3393
2832 1684
2832 2668
2832 2715
2832 2718
2832 2747
2832 2795
2832 2831
2832 2841
2832 2863
2832 2901
2832 2958
2832 3015
2832 3016
2832 3017
2832 3027
2832 3050
2832 3082
2832 3124
2832 3171
2832 3208
2832 3214
2832 3256
2832 3267
2832 3275
2832 3276
2832 3277
2832 3312
2832 3330
2832 3335
2832 3353
2833 1684
2833 2661
2833 2674
2833 2675
2833 2712
2833 2719
2833 2778
2833 2793
2833 2796
2833 2828
2833 2849
2833 2863
2833 2869
2833 2875
2833 2894
2833 2904
2833 2914
2833 2936
2833 2937
2833 2939
2833 2973
2833 2991
2833 2992
2833 3011
2833 3017
2833 3021
2833 3035
2833 3038
2833 3049
2833 3051
2833 3060
2833 3076
2833 3079
2833 3082
2833 3089
2833 3101
2833 3102
2833 3113
2833 3115
2833 3116
2833 3132
2833 3146
2833 3150
2833 3152
2833 3154
2833 3179
2833 3182
2833 3185
2833 3188
2833 3201
2833 3212
2833 3224
2833 3239
2833 3253
2833 3258
2833 3265
2833 3267
2833 3272
2833 3277
2833 3280
2833 3288
2833 3291
2833 3297
2833 3298
2833 3299
2833 3319
2833 3320
2833 3321
2833 3330
2833 3332
2833 3345
2833 3347
2833 3350
2833 3351
2833 3355
2833 3360
2833 3381
2833 3396
2833 3397
2833 3406
2833 3411
2833 3434
2834 1684
2834 2670
2834 2703
2834 2972
2834 3176
2834 3283
2834 3318
2834 3325
2834 3423
2835 1684
2835 2664
2835 2679
2835 2680
2835 2681
2835 2689
2835 2694
2835 2738
2835 2754
2835 2757
2835 2763
2835 2782
2835 2786
2835 2839
2835 2862
2835 2864
2835 2874
2835 2880
2835 2906
2835 2924
2835 2940
2835 2943
2835 2946
2835 2956
2835 2960
2835 2986
2835 2994
2835 3000
2835 3033
2835 3104
2835 3117
2835 3119
2835 3129
2835 3174
2835 3195
2835 3226
2835 3243
2835 3324
2835 3339
2835 3348
2835 3363
2835 3387
2835 3399
2835 3417
2836 1684
2836 2690
2836 2723
2836 2734
2836 2736
2836 2759
2836 2771
2836 2781
2836 2787
2836 2804
2836 2840
2836 2841
2836 2858
2836 2893
2836 2898
2836 2954
2836 3005
2836 3019
2836 3140
2836 3157
2836 3190
2836 3214
2836 3221
2836 3248
2836 3291
2836 3327
2836 3342
2836 3383
2836 3386
2836 3421
2836 3424
2837 1684
2837 2683
2837 2726
2837 2807
2837 2809
2837 3010
2837 3025
2837 3030
2837 3080
2837 3231
2837 3257
2837 3269
2837 3317
2837 3394
2838 58
2838 171
2838 1684
2838 3003
2839 1684
2839 2664
2839 2666
2839 2669
2839 2673
2839 2676
2839 2679
2839 2680
2839 2681
2839 2683
2839 2689
2839 2694
2839 2695
2839 2698
2839 2705
2839 2706
2839 2717
2839 2738
2839 2741
2839 2743
2839 2745
2839 2746
2839 2749
2839 2750
2839 2754
2839 2755
2839 2756
2839 2757
2839 2761
2839 2763
2839 2777
2839 2782
2839 2786
2839 2800
2839 2806
2839 2810
2839 2815
2839 2827
2839 2835
2839 2852
2839 2862
2839 2864
2839 2866
2839 2867
2839 2872
2839 2877
2839 2880
2839 2890
2839 2896
2839 2905
2839 2906
2839 2907
2839 2908
2839 2909
2839 2910
2839 2911
2839 2912
2839 2913
2839 2916
2839 2919
2839 2920
2839 2924
2839 2925
2839 2927
2839 2928
2839 2940
2839 2943
2839 2944
2839 2945
2839 2946
2839 2948
2839 2956
2839 2960
2839 2966
2839 2967
2839 2969
2839 2974
2839 2981
2839 2985
2839 2986
2839 3000
2839 3004
2839 3022
2839 3023
2839 3025
2839 3026
2839 3029
2839 3033
2839 3040
2839 3052
2839 3054
2839 3056
2839 3064
2839 3065
2839 3073
2839 3078
2839 3085
2839 3096
2839 3098
2839 3104
2839 3108
2839 3117
2839 3119
2839 3135
2839 3142
2839 3149
2839 3158
2839 3163
2839 3174
2839 3184
2839 3193
2839 3195
2839 3202
2839 3213
2839 3220
2839 3226
2839 3228
2839 3232
2839 3234
2839 3237
2839 3238
2839 3250
2839 3284
2839 3286
2839 3293
2839 3304
2839 3324
2839 3339
2839 3348
2839 3362
2839 3363
2839 3364
2839 3387
2839 3414
2839 3417
2839 3426
2839 3433
2840 1684
2840 2719
2840 2727
2840 2734
2840 2836
2840 2881
2840 2904
2840 2958
2840 2973
2840 2976
2840 2992
2840 3002
2840 3017
2840 3034
2840 3039
2840 3060
2840 3082
2840 3111
2840 3112
2840 3118
2840 3145
2840 3172
2840 3185
2840 3225
2840 3267
2840 3281
2840 3287
2840 3320
2840 3367
2840 3377
2840 3378
2840 3396
2840 3403
2841 1684
2841 2667
2841 2751
2841 2762
2841 2771
2841 2832
2841 2836
2841 2858
2841 2898
2841 2946
2841 2954
2841 3016
2841 3081
2841 3089
2841 3097
2841 3117
2841 3171
2841 3190
2841 3208
2841 3214
2841 3221
2841 3248
2841 3255
2841 3259
2841 3327
2841 3335
2841 3383
2841 3389
2841 3422
2841 3424
2841 3431
2842 1684
2843 1684
2843 2665
2843 2675
2843 2718
2843 2730
2843 2744
2843 2758
2843 2812
2843 2816
2843 2865
2843 2918
2843 2932
2843 2955
2843 3032
2843 3087
2843 3136
2843 3154
2843 3156
2843 3187
2843 3196
2843 3198
2843 3236
2843 3255
2843 3256
2843 3264
2843 3365
2843 3369
2843 3385
2843 3402
2844 1684
2844 2665
2844 2690
2844 2715
2844 2716
2844 2730
2844 2735
2844 2791
2844 2825
2844 2871
2844 2878
2844 2881
2844 2894
2844 2904
2844 2951
2844 3017
2844 3027
2844 3034
2844 3072
2844 3075
2844 3087
2844 3101
2844 3140
2844 3144
2844 3211
2844 3274
2844 3365
2844 3385
2844 3395
2845 1684
2845 2708
2845 2716
2845 2724
2845 2737
2845 2775
2845 2797
2845 2823
2845 2892
2845 2937
2845 2951
2845 3002
2845 3019
2845 3051
2845 3060
2845 3076
2845 3118
2845 3172
2845 3186
2845 3261
2845 3263
2845 3287
2845 3295
2845 3298
2845 3396
2845 3403
2846 1684
2846 2687
2846 2716
2846 2742
2846 2748
2846 2780
2846 2785
2846 2914
2846 3013
2846 3038
2846 3041
2846 3046
2846 3058
2846 3089
2846 3109
2846 3175
2846 3188
2846 3209
2846 3212
2846 3260
2846 3299
2846 3320
2846 3321
2846 3345
2846 3352
2846 3360
2846 3397
2847 1684
2847 2856
2847 2859
2847 2965
2847 3011
2847 3144
2847 3162
2847 3173
2847 3255
2847 3263
2847 3307
2847 3341
2848 1684
2848 2700
2848 2734
2848 2784
2848 2790
2848 2803
2848 2813
2848 2876
2848 2881
2848 2901
2848 2996
2848 3049
2848 3133
2848 3148
2848 3178
2848 3203
2848 3214
2848 3280
2848 3302
2848 3306
2848 3405
2849 1684
2849 2661
2849 2674
2849 2712
2849 2742
2849 2765
2849 2770
2849 2778
2849 2781
2849 2785
2849 2787
2849 2793
2849 2796
2849 2828
2849 2833
2849 2853
2849 2863
2849 2869
2849 2875
2849 2894
2849 2901
2849 2904
2849 2939
2849 2970
2849 2973
2849 2991
2849 3021
2849 3027
2849 3035
2849 3038
2849 3046
2849 3049
2849 3070
2849 3076
2849 3082
2849 3089
2849 3101
2849 3102
2849 3106
2849 3115
2849 3116
2849 3132
2849 3146
2849 3150
2849 3152
2849 3169
2849 3179
2849 3185
2849 3201
2849 3206
2849 3212
2849 3239
2849 3240
2849 3247
2849 3252
2849 3265
2849 3267
2849 3277
2849 3280
2849 3288
2849 3291
2849 3297
2849 3299
2849 3316
2849 3319
2849 3321
2849 3330
2849 3332
2849 3335
2849 3344
2849 3345
2849 3347
2849 3350
2849 3351
2849 3381
2849 3396
2849 3397
2849 3406
2849 3416
2849 3419
2849 3434
