2850 1684
2850 2669
2850 2754
2850 2777
2850 2864
2850 2867
2850 2872
2850 2877
2850 2880
2850 2896
2850 2897
2850 2905
2850 2906
2850 2910
2850 2911
2850 2915
2850 2916
2850 2920
2850 2924
2850 2925
2850 2927
2850 2943
2850 2966
2850 2969
2850 2986
2850 3054
2850 3193
2850 3195
2850 3228
2850 3293
2850 3348
2850 3363
2850 3426
2851 1684
2851 2663
2851 2666
2851 2710
2851 2726
2851 2789
2851 2888
2851 2978
2851 3084
2851 3090
2851 3095
2851 3114
2851 3130
2851 3137
2851 3139
2851 3229
2851 3231
2851 3300
2851 3348
2851 3392
2851 3394
2851 3430
2852 1684
2852 2754
2852 2827
2852 2839
2852 2916
2852 2920
2852 2940
2852 2943
2852 3096
2852 3220
2852 3226
2853 1684
2853 2661
2853 2674
2853 2712
2853 2716
2853 2719
2853 2748
2853 2765
2853 2770
2853 2778
2853 2781
2853 2793
2853 2796
2853 2849
2853 2863
2853 2869
2853 2894
2853 2939
2853 2991
2853 2992
2853 3016
2853 3021
2853 3035
2853 3049
2853 3070
2853 3082
2853 3101
2853 3102
2853 3106
2853 3113
2853 3116
2853 3120
2853 3132
2853 3145
2853 3146
2853 3150
2853 3169
2853 3201
2853 3206
2853 3239
2853 3240
2853 3247
2853 3252
2853 3265
2853 3267
2853 3277
2853 3280
2853 3297
2853 3316
2853 3320
2853 3330
2853 3335
2853 3342
2853 3344
2853 3347
2853 3351
2853 3381
2853 3391
2853 3397
2853 3415
2853 3416
2853 3419
2854 1684
2854 2683
2854 2754
2854 2757
2854 2759
2854 2763
2854 2782
2854 2800
2854 2806
2854 2864
2854 2927
2854 2931
2854 2944
2854 2953
2854 2969
2854 3010
2854 3023
2854 3025
2854 3080
2854 3095
2854 3104
2854 3184
2854 3193
2854 3213
2854 3228
2854 3234
2854 3237
2854 3286
2854 3303
2854 3362
2854 3363
2854 3390
2854 3394
2854 3414
2854 3426
2854 3430
2855 1684
2855 2904
2855 3272
2855 3280
2856 1684
2856 2667
2856 2690
2856 2758
2856 2784
2856 2847
2856 2868
2856 2979
2856 2996
2856 3020
2856 3099
2856 3115
2856 3185
2856 3212
2856 3242
2856 3329
2856 3342
2856 3349
2857 1684
2857 3200
2858 1684
2858 2771
2858 2836
2858 2841
2858 2889
2858 2898
2858 2921
2858 2923
2858 3072
2858 3075
2858 3097
2858 3248
2858 3275
2858 3302
2858 3327
2858 3383
2858 3404
2859 1684
2859 2702
2859 2712
2859 2715
2859 2716
2859 2720
2859 2847
2859 2868
2859 2984
2859 3002
2859 3027
2859 3075
2859 3107
2859 3140
2859 3263
2859 3291
2859 3302
2859 3341
2859 3365
2859 3397
2860 1684
2860 3019
2860 3168
2861 1684
2861 2776
2861 2799
2861 3053
2861 3122
2861 3141
2861 3200
2861 3216
2861 3218
2861 3271
2861 3354
2862 1684
2862 2664
2862 2679
2862 2681
2862 2683
2862 2694
2862 2729
2862 2738
2862 2741
2862 2754
2862 2756
2862 2763
2862 2773
2862 2782
2862 2786
2862 2800
2862 2835
2862 2839
2862 2864
2862 2873
2862 2874
2862 2887
2862 2890
2862 2906
2862 2910
2862 2912
2862 2913
2862 2915
2862 2924
2862 2927
2862 2928
2862 2929
2862 2944
2862 2946
2862 2956
2862 2960
2862 2966
2862 2969
2862 2985
2862 2986
2862 2988
2862 2993
2862 2994
2862 3000
2862 3014
2862 3022
2862 3025
2862 3026
2862 3029
2862 3054
2862 3073
2862 3084
2862 3090
2862 3104
2862 3119
2862 3174
2862 3195
2862 3220
2862 3232
2862 3238
2862 3286
2862 3293
2862 3324
2862 3362
2862 3363
2862 3364
2862 3384
2862 3387
2862 3417
2862 3433
2862 3435
2863 1684
2863 2661
2863 2674
2863 2694
2863 2715
2863 2716
2863 2719
2863 2722
2863 2730
2863 2742
2863 2747
2863 2754
2863 2765
2863 2770
2863 2778
2863 2780
2863 2781
2863 2785
2863 2787
2863 2793
2863 2796
2863 2802
2863 2831
2863 2832
2863 2833
2863 2849
2863 2853
2863 2869
2863 2901
2863 2904
2863 2939
2863 2980
2863 2991
2863 2992
2863 3006
2863 3016
2863 3021
2863 3034
2863 3035
2863 3038
2863 3049
2863 3050
2863 3051
2863 3070
2863 3082
2863 3094
2863 3097
2863 3101
2863 3102
2863 3113
2863 3115
2863 3116
2863 3120
2863 3124
2863 3132
2863 3145
2863 3146
2863 3150
2863 3151
2863 3152
2863 3154
2863 3169
2863 3171
2863 3172
2863 3185
2863 3187
2863 3198
2863 3201
2863 3204
2863 3206
2863 3214
2863 3235
2863 3239
2863 3247
2863 3252
2863 3256
2863 3258
2863 3265
2863 3267
2863 3270
2863 3274
2863 3277
2863 3280
2863 3296
2863 3297
2863 3316
2863 3320
2863 3330
2863 3335
2863 3344
2863 3347
2863 3349
2863 3351
2863 3357
2863 3365
2863 3380
2863 3381
2863 3386
2863 3391
2863 3397
2863 3416
2863 3419
2863 3429
2863 3434
2864 1684
2864 2664
2864 2669
2864 2673
2864 2676
2864 2679
2864 2681
2864 2694
2864 2706
2864 2717
2864 2738
2864 2745
2864 2746
2864 2749
2864 2750
2864 2754
2864 2757
2864 2763
2864 2777
2864 2782
2864 2786
2864 2800
2864 2835
2864 2839
2864 2850
2864 2854
2864 2862
2864 2867
2864 2880
2864 2896
2864 2897
2864 2906
2864 2908
2864 2909
2864 2910
2864 2911
2864 2915
2864 2919
2864 2920
2864 2925
2864 2940
2864 2943
2864 2944
2864 2946
2864 2956
2864 2960
2864 2966
2864 2969
2864 2985
2864 2986
2864 3004
2864 3054
2864 3065
2864 3073
2864 3078
2864 3096
2864 3098
2864 3104
2864 3108
2864 3117
2864 3119
2864 3135
2864 3174
2864 3226
2864 3232
2864 3234
2864 3250
2864 3284
2864 3324
2864 3348
2864 3362
2864 3363
2864 3387
2864 3417
2864 3433
2865 1684
2865 2685
2865 2715
2865 2724
2865 2730
2865 2744
2865 2747
2865 2758
2865 2768
2865 2801
2865 2816
2865 2831
2865 2843
2865 2918
2865 2932
2865 2955
2865 2979
2865 3020
2865 3032
2865 3050
2865 3061
2865 3081
2865 3087
2865 3124
2865 3156
2865 3167
2865 3187
2865 3196
2865 3236
2865 3253
2865 3256
2865 3263
2865 3264
2865 3312
2865 3365
2865 3369
2865 3385
2865 3393
2865 3402
2866 1684
2866 2664
2866 2666
2866 2669
2866 2676
2866 2698
2866 2717
2866 2745
2866 2746
2866 2750
2866 2754
2866 2755
2866 2757
2866 2759
2866 2782
2866 2786
2866 2815
2866 2827
2866 2839
2866 2867
2866 2872
2866 2873
2866 2877
2866 2890
2866 2891
2866 2897
2866 2905
2866 2906
2866 2909
2866 2910
2866 2911
2866 2912
2866 2913
2866 2915
2866 2916
2866 2917
2866 2919
2866 2925
2866 2928
2866 2940
2866 2956
2866 2966
2866 2985
2866 2986
2866 2993
2866 2994
2866 3022
2866 3026
2866 3033
2866 3040
2866 3047
2866 3056
2866 3064
2866 3065
2866 3078
2866 3084
2866 3090
2866 3096
2866 3098
2866 3108
2866 3142
2866 3149
2866 3174
2866 3195
2866 3226
2866 3232
2866 3250
2866 3284
2866 3304
2866 3324
2866 3339
2866 3348
2866 3363
2866 3387
2866 3390
2866 3399
2866 3426
2866 3430
2867 1684
2867 2669
2867 2676
2867 2683
2867 2689
2867 2695
2867 2698
2867 2705
2867 2706
2867 2717
2867 2741
2867 2743
2867 2750
2867 2754
2867 2757
2867 2763
2867 2777
2867 2800
2867 2806
2867 2810
2867 2827
2867 2839
2867 2850
2867 2864
2867 2866
2867 2877
2867 2880
2867 2897
2867 2906
2867 2907
2867 2909
2867 2910
2867 2913
2867 2915
2867 2916
2867 2917
2867 2919
2867 2920
2867 2925
2867 2927
2867 2928
2867 2931
2867 2940
2867 2943
2867 2944
2867 2945
2867 2946
2867 2960
2867 2974
2867 2986
2867 3000
2867 3004
2867 3022
2867 3023
2867 3026
2867 3054
2867 3056
2867 3064
2867 3073
2867 3078
2867 3085
2867 3098
2867 3117
2867 3149
2867 3158
2867 3174
2867 3184
2867 3195
2867 3213
2867 3232
2867 3243
2867 3293
2867 3301
2867 3324
2867 3363
2867 3387
2867 3399
2867 3417
2867 3426
2867 3433
2868 1684
2868 2667
2868 2715
2868 2716
2868 2720
2868 2751
2868 2825
2868 2856
2868 2859
2868 2936
2868 3002
2868 3051
2868 3077
2868 3099
2868 3212
2868 3215
2868 3224
2868 3242
2868 3329
2868 3349
2868 3373
2869 1405
2869 1666
2869 1684
2869 2661
2869 2674
2869 2708
2869 2719
2869 2737
2869 2742
2869 2748
2869 2753
2869 2778
2869 2781
2869 2796
2869 2812
2869 2828
2869 2833
2869 2849
2869 2853
2869 2863
2869 2881
2869 2936
2869 2937
2869 2939
2869 2950
2869 2980
2869 2991
2869 2992
2869 3016
2869 3021
2869 3035
2869 3049
2869 3051
2869 3060
2869 3082
2869 3101
2869 3113
2869 3116
2869 3132
2869 3145
2869 3152
2869 3169
2869 3170
2869 3172
2869 3199
2869 3201
2869 3204
2869 3239
2869 3252
2869 3267
2869 3270
2869 3277
2869 3280
2869 3289
2869 3297
2869 3302
2869 3320
2869 3330
2869 3335
2869 3340
2869 3347
2869 3350
2869 3351
2869 3378
2869 3381
2869 3386
2869 3396
2869 3397
2869 3416
2869 3419
2870 1684
2870 2696
2870 2697
2870 2820
2870 2934
2870 2990
2870 3001
2870 3002
2870 3009
2870 3017
2870 3077
2870 3107
2870 3154
2870 3177
2870 3186
2870 3244
2870 3246
2870 3275
2870 3295
2870 3347
2870 3359
2870 3406
2871 1684
2871 2675
2871 2686
2871 2690
2871 2702
2871 2730
2871 2739
2871 2780
2871 2844
2871 2875
2871 2881
2871 2932
2871 2950
2871 2955
2871 3002
2871 3038
2871 3043
2871 3062
2871 3087
2871 3107
2871 3111
2871 3136
2871 3189
2871 3196
2871 3198
2871 3219
2871 3253
2871 3256
2871 3259
2871 3299
2871 3313
2871 3327
2871 3330
2871 3331
2871 3337
2871 3344
2871 3353
2871 3360
2871 3365
2871 3369
2871 3395
2871 3415
2872 1684
2872 2664
2872 2666
2872 2669
2872 2676
2872 2694
2872 2698
2872 2717
2872 2745
2872 2750
2872 2754
2872 2755
2872 2757
2872 2777
2872 2782
2872 2800
2872 2815
2872 2827
2872 2839
2872 2850
2872 2866
2872 2873
2872 2877
2872 2880
2872 2890
2872 2905
2872 2906
2872 2909
2872 2910
2872 2911
2872 2912
2872 2913
2872 2916
2872 2919
2872 2920
2872 2925
2872 2944
2872 2956
2872 2966
2872 2985
2872 2986
2872 2993
2872 3022
2872 3026
2872 3033
2872 3040
2872 3047
2872 3052
2872 3054
2872 3056
2872 3064
2872 3065
2872 3078
2872 3084
2872 3090
2872 3096
2872 3098
2872 3108
2872 3142
2872 3149
2872 3166
2872 3195
2872 3226
2872 3232
2872 3238
2872 3250
2872 3284
2872 3293
2872 3294
2872 3339
2872 3348
2872 3362
2872 3363
2872 3387
2872 3426
2872 3430
2873 1684
2873 2663
2873 2676
2873 2679
2873 2683
2873 2698
2873 2729
2873 2731
2873 2738
2873 2741
2873 2749
2873 2750
2873 2756
2873 2773
2873 2786
2873 2810
2873 2862
2873 2866
2873 2872
2873 2874
2873 2877
2873 2890
2873 2905
2873 2911
2873 2913
2873 2915
2873 2928
2873 2929
2873 2931
2873 2953
2873 2956
2873 2966
2873 2977
2873 2988
2873 2993
2873 2994
2873 3000
2873 3014
2873 3022
2873 3026
2873 3029
2873 3033
2873 3047
2873 3052
2873 3054
2873 3078
2873 3084
2873 3090
2873 3104
2873 3114
2873 3119
2873 3123
2873 3129
2873 3137
2873 3149
2873 3158
2873 3166
2873 3174
2873 3226
2873 3232
2873 3238
2873 3257
2873 3293
2873 3301
2873 3339
2873 3348
2873 3362
2873 3364
2873 3384
2873 3387
2873 3417
2873 3433
2873 3435
2874 1684
2874 2669
2874 2683
2874 2705
2874 2729
2874 2731
2874 2738
2874 2741
2874 2743
2874 2754
2874 2786
2874 2794
2874 2810
2874 2835
2874 2862
2874 2873
2874 2887
2874 2907
2874 2915
2874 2924
2874 2928
2874 2940
2874 2945
2874 2966
2874 2977
2874 2988
2874 2994
2874 3000
2874 3025
2874 3073
2874 3084
2874 3104
2874 3119
2874 3135
2874 3158
2874 3232
2874 3238
2874 3243
2874 3284
2874 3293
2874 3363
2874 3384
2874 3387
2874 3400
2874 3417
2874 3433
2874 3435
2875 1684
2875 2661
2875 2672
2875 2684
2875 2701
2875 2708
2875 2719
2875 2742
2875 2778
2875 2793
2875 2823
2875 2828
2875 2833
2875 2849
2875 2871
2875 2894
2875 2904
2875 2937
2875 2958
2875 2976
2875 3005
2875 3043
2875 3060
2875 3076
2875 3079
2875 3101
2875 3111
2875 3115
2875 3116
2875 3150
2875 3170
2875 3172
2875 3179
2875 3182
2875 3185
2875 3248
2875 3258
2875 3261
2875 3272
2875 3280
2875 3287
2875 3302
2875 3313
2875 3320
2875 3327
2875 3332
2875 3335
2875 3350
2875 3360
2875 3386
2875 3396
2875 3411
2876 1684
2876 2661
2876 2791
2876 2848
2876 2904
2876 3116
2876 3144
2876 3152
2876 3188
2876 3214
2876 3272
2876 3280
2876 3306
2876 3331
2877 1684
2877 2664
2877 2666
2877 2669
2877 2673
2877 2676
2877 2680
2877 2694
2877 2698
2877 2706
2877 2717
2877 2729
2877 2738
2877 2750
2877 2754
2877 2755
2877 2757
2877 2782
2877 2786
2877 2800
2877 2806
2877 2827
2877 2839
2877 2850
2877 2866
2877 2867
2877 2872
2877 2873
2877 2880
2877 2887
2877 2890
2877 2891
2877 2896
2877 2897
2877 2905
2877 2906
2877 2908
2877 2909
2877 2910
2877 2911
2877 2912
2877 2913
2877 2915
2877 2916
2877 2919
2877 2920
2877 2925
2877 2929
2877 2940
2877 2943
2877 2944
2877 2953
2877 2956
2877 2960
2877 2966
2877 2967
2877 2969
2877 2974
2877 2985
2877 2986
2877 2994
2877 3000
2877 3004
2877 3022
2877 3026
2877 3029
2877 3033
2877 3040
2877 3042
2877 3047
2877 3052
2877 3054
2877 3064
2877 3073
2877 3078
2877 3090
2877 3095
2877 3096
2877 3098
2877 3104
2877 3114
2877 3117
2877 3137
2877 3142
2877 3149
2877 3174
2877 3184
2877 3195
2877 3202
2877 3226
2877 3232
2877 3237
2877 3238
2877 3250
2877 3284
2877 3303
2877 3324
2877 3339
2877 3348
2877 3362
2877 3363
2877 3387
2877 3399
2877 3426
2878 1684
2878 2751
2878 2844
2878 2904
2878 3020
2878 3049
2878 3144
2878 3214
2878 3249
2878 3253
2878 3346
2879 1684
2879 2670
2879 2703
2879 2889
2879 2959
2879 2972
2879 2982
2879 3008
2879 3283
2879 3309
2879 3311
2879 3314
2879 3318
2879 3325
2879 3382
2879 3423
2880 1684
2880 2669
2880 2679
2880 2694
2880 2706
2880 2743
2880 2750
2880 2754
2880 2755
2880 2763
2880 2800
2880 2806
2880 2810
2880 2835
2880 2839
2880 2850
2880 2864
2880 2867
2880 2872
2880 2877
2880 2897
2880 2905
2880 2906
2880 2908
2880 2909
2880 2910
2880 2915
2880 2919
2880 2920
2880 2925
2880 2927
2880 2928
2880 2943
2880 2944
2880 2945
2880 2946
2880 2960
2880 2966
2880 2967
2880 2974
2880 2986
2880 3000
2880 3004
2880 3022
2880 3023
2880 3054
2880 3056
2880 3064
2880 3065
2880 3073
2880 3078
2880 3085
2880 3098
2880 3117
2880 3174
2880 3184
2880 3213
2880 3220
2880 3232
2880 3284
2880 3286
2880 3339
2880 3348
2880 3362
2880 3363
2880 3417
2881 1684
2881 2672
2881 2690
2881 2711
2881 2715
2881 2719
2881 2775
2881 2778
2881 2796
2881 2803
2881 2840
2881 2844
2881 2848
2881 2869
2881 2871
2881 2894
2881 3007
2881 3015
2881 3017
2881 3019
2881 3024
2881 3039
2881 3076
2881 3111
2881 3112
2881 3113
2881 3124
2881 3133
2881 3145
2881 3172
2881 3185
2881 3188
2881 3199
2881 3233
2881 3261
2881 3273
2881 3274
2881 3287
2881 3320
2881 3365
2881 3366
2881 3377
2881 3378
2881 3395
2881 3422
2882 1684
2882 2690
2882 2803
2882 2818
2882 2958
2882 2968
2882 3027
2882 3057
2882 3124
2882 3347
2883 990
2883 1505
2883 1534
2883 1656
2883 1666
2883 1684
2883 2718
2883 2813
2883 3043
2883 3101
2883 3150
2883 3223
2883 3258
2883 3278
2883 3385
2884 1684
2884 2777
2884 2909
2884 3044
2884 3227
2884 3390
2885 58
2885 171
2885 1684
2885 3290
2886 1684
2886 2949
2886 2999
2886 3066
2886 3083
2886 3126
2886 3128
2886 3310
2886 3322
2886 3336
2887 1684
2887 2679
2887 2683
2887 2729
2887 2738
2887 2743
2887 2756
2887 2794
2887 2807
2887 2810
2887 2862
2887 2874
2887 2877
2887 2897
2887 2906
2887 2907
2887 2915
2887 2944
2887 2956
2887 2988
2887 2994
2887 3000
2887 3004
2887 3025
2887 3029
2887 3036
2887 3052
2887 3073
2887 3084
2887 3090
2887 3114
2887 3119
2887 3135
2887 3158
2887 3220
2887 3293
2887 3362
2887 3363
2887 3399
2887 3400
2888 1684
2888 2663
2888 2738
2888 2756
2888 2789
2888 2807
2888 2851
2888 2978
2888 3010
2888 3090
2888 3114
2888 3130
2888 3137
2888 3231
2888 3300
2889 1684
2889 2670
2889 2703
2889 2767
2889 2858
2889 2879
2889 2959
2889 2972
2889 2982
2889 3008
2889 3155
2889 3275
2889 3309
2889 3311
2889 3314
2889 3318
2889 3325
2889 3382
2889 3423
2890 1684
2890 2663
2890 2664
2890 2673
2890 2679
2890 2683
2890 2698
2890 2726
2890 2729
2890 2731
2890 2738
2890 2741
2890 2750
2890 2754
2890 2755
2890 2763
2890 2773
2890 2786
2890 2800
2890 2806
2890 2827
2890 2839
2890 2862
2890 2866
2890 2872
2890 2873
2890 2877
2890 2905
2890 2906
2890 2909
2890 2910
2890 2912
2890 2913
2890 2915
2890 2919
2890 2920
2890 2927
2890 2928
2890 2929
2890 2931
2890 2953
2890 2956
2890 2977
2890 2985
2890 2988
2890 2993
2890 2994
2890 3000
2890 3004
2890 3014
2890 3025
2890 3026
2890 3029
2890 3033
2890 3042
2890 3047
2890 3052
2890 3073
2890 3078
2890 3084
2890 3090
2890 3104
2890 3114
2890 3119
2890 3123
2890 3137
2890 3142
2890 3149
2890 3158
2890 3166
2890 3226
2890 3229
2890 3232
2890 3243
2890 3293
2890 3294
2890 3324
2890 3339
2890 3348
2890 3362
2890 3364
2890 3384
2890 3387
2890 3394
2890 3417
2890 3426
2890 3433
2890 3435
2891 1684
2891 2680
2891 2706
2891 2763
2891 2782
2891 2806
2891 2866
2891 2877
2891 2905
2891 2909
2891 2913
2891 2966
2891 3026
2891 3052
2891 3073
2891 3142
2891 3184
2891 3193
2891 3234
2891 3237
2891 3303
2891 3324
2892 1405
2892 1684
2892 2724
2892 2737
2892 2775
2892 2787
2892 2845
2892 2934
2892 2951
2892 2995
2892 3001
2892 3002
2892 3019
2892 3077
2892 3086
2892 3154
2892 3162
2892 3168
2892 3178
2892 3204
2892 3207
2892 3233
2892 3285
2892 3288
2892 3295
2892 3298
2892 3412
2892 3415
2892 3420
2893 1684
2893 2771
2893 2836
2893 3159
2893 3327
2893 3374
2893 3389
2893 3432
2894 1684
2894 2661
2894 2672
2894 2684
2894 2701
2894 2708
2894 2719
2894 2733
2894 2742
2894 2778
2894 2781
2894 2796
2894 2797
2894 2823
2894 2833
2894 2844
2894 2849
2894 2853
2894 2875
2894 2881
2894 2937
2894 2958
2894 2973
2894 2991
2894 3005
2894 3011
2894 3017
2894 3035
2894 3049
2894 3060
2894 3076
2894 3079
2894 3111
2894 3112
2894 3115
2894 3116
2894 3124
2894 3145
2894 3172
2894 3173
2894 3179
2894 3182
2894 3185
2894 3198
2894 3225
2894 3253
2894 3258
2894 3261
2894 3262
2894 3274
2894 3280
2894 3306
2894 3320
2894 3327
2894 3331
2894 3332
2894 3350
2894 3381
2894 3396
2894 3403
2894 3411
2895 1684
2895 2772
2895 3017
2895 3027
2895 3217
2895 3274
2895 3302
2895 3331
2895 3358
2896 1684
2896 2669
2896 2676
2896 2679
2896 2689
2896 2694
2896 2705
2896 2706
2896 2738
2896 2741
2896 2743
2896 2749
2896 2754
2896 2757
2896 2777
2896 2782
2896 2786
2896 2839
2896 2850
2896 2864
2896 2877
2896 2916
2896 2919
2896 2925
2896 2928
2896 2931
2896 2943
2896 2944
2896 2969
2896 3022
2896 3054
2896 3056
2896 3073
2896 3078
2896 3085
2896 3117
2896 3129
2896 3193
2896 3228
2896 3284
2896 3286
2896 3293
2896 3301
2896 3304
2896 3324
2896 3348
2896 3363
2896 3426
2896 3435
2896 3436
2897 1684
2897 2664
2897 2666
2897 2669
2897 2676
2897 2694
2897 2717
2897 2750
2897 2754
2897 2755
2897 2777
2897 2800
2897 2827
2897 2850
2897 2864
2897 2866
2897 2867
2897 2877
2897 2880
2897 2887
2897 2906
2897 2909
2897 2910
2897 2912
2897 2916
2897 2919
2897 2920
2897 2924
2897 2925
2897 2928
2897 2943
2897 2944
2897 2946
2897 2960
2897 2966
2897 2985
2897 2986
2897 3000
2897 3004
2897 3033
2897 3054
2897 3056
2897 3064
2897 3073
2897 3098
2897 3119
2897 3174
2897 3195
2897 3226
2897 3228
2897 3232
2897 3303
2897 3363
2897 3399
2898 1684
2898 2836
2898 2841
2898 2858
2898 3214
2898 3248
2898 3327
2898 3424
2899 1684
2899 2663
2899 2726
2899 3139
2899 3229
2899 3392
