2900 1684
2900 2682
2900 3019
2900 3077
2900 3154
2900 3162
2900 3207
2900 3233
2900 3356
2900 3366
2900 3412
2901 1684
2901 2661
2901 2715
2901 2716
2901 2718
2901 2723
2901 2742
2901 2747
2901 2748
2901 2751
2901 2753
2901 2778
2901 2781
2901 2787
2901 2793
2901 2797
2901 2828
2901 2831
2901 2832
2901 2848
2901 2849
2901 2863
2901 2904
2901 2932
2901 2939
2901 2989
2901 2992
2901 2996
2901 3009
2901 3027
2901 3035
2901 3038
2901 3049
2901 3051
2901 3070
2901 3082
2901 3101
2901 3106
2901 3110
2901 3113
2901 3116
2901 3120
2901 3140
2901 3150
2901 3154
2901 3167
2901 3173
2901 3198
2901 3201
2901 3206
2901 3214
2901 3224
2901 3252
2901 3256
2901 3267
2901 3275
2901 3277
2901 3288
2901 3291
2901 3299
2901 3321
2901 3330
2901 3342
2901 3344
2901 3345
2901 3347
2901 3351
2901 3355
2901 3360
2901 3378
2901 3380
2901 3397
2901 3406
2901 3411
2901 3418
2901 3431
2901 3434
2902 1684
2902 2732
2902 2930
2902 3131
2902 3180
2902 3181
2902 3251
2903 1642
2903 1684
2903 2688
2903 2693
2903 2725
2903 2764
2903 2999
2903 3258
2904 1684
2904 2661
2904 2675
2904 2716
2904 2742
2904 2762
2904 2770
2904 2778
2904 2785
2904 2787
2904 2795
2904 2811
2904 2819
2904 2833
2904 2840
2904 2844
2904 2849
2904 2855
2904 2863
2904 2875
2904 2876
2904 2878
2904 2901
2904 2914
2904 2946
2904 3009
2904 3016
2904 3017
2904 3027
2904 3035
2904 3046
2904 3049
2904 3082
2904 3088
2904 3089
2904 3109
2904 3116
2904 3132
2904 3144
2904 3146
2904 3148
2904 3150
2904 3152
2904 3154
2904 3188
2904 3198
2904 3201
2904 3206
2904 3211
2904 3212
2904 3214
2904 3215
2904 3247
2904 3253
2904 3267
2904 3272
2904 3280
2904 3291
2904 3298
2904 3306
2904 3319
2904 3321
2904 3330
2904 3341
2904 3342
2904 3345
2904 3353
2904 3360
2904 3378
2904 3406
2904 3411
2904 3434
2905 1684
2905 2664
2905 2666
2905 2669
2905 2676
2905 2679
2905 2680
2905 2694
2905 2698
2905 2706
2905 2717
2905 2749
2905 2750
2905 2755
2905 2773
2905 2782
2905 2815
2905 2827
2905 2839
2905 2850
2905 2866
2905 2872
2905 2873
2905 2877
2905 2880
2905 2890
2905 2891
2905 2906
2905 2909
2905 2910
2905 2912
2905 2913
2905 2915
2905 2919
2905 2927
2905 2946
2905 2956
2905 2966
2905 2985
2905 2986
2905 2988
2905 2993
2905 2994
2905 3014
2905 3022
2905 3026
2905 3033
2905 3047
2905 3052
2905 3064
2905 3078
2905 3084
2905 3090
2905 3098
2905 3104
2905 3108
2905 3117
2905 3119
2905 3142
2905 3184
2905 3195
2905 3226
2905 3228
2905 3232
2905 3301
2905 3304
2905 3324
2905 3339
2905 3348
2905 3362
2905 3363
2905 3384
2905 3387
2905 3426
2906 1684
2906 2664
2906 2666
2906 2669
2906 2676
2906 2679
2906 2683
2906 2698
2906 2745
2906 2750
2906 2754
2906 2755
2906 2757
2906 2777
2906 2782
2906 2786
2906 2800
2906 2827
2906 2835
2906 2839
2906 2850
2906 2862
2906 2864
2906 2866
2906 2867
2906 2872
2906 2877
2906 2880
2906 2887
2906 2890
2906 2897
2906 2905
2906 2908
2906 2909
2906 2910
2906 2911
2906 2913
2906 2915
2906 2916
2906 2920
2906 2925
2906 2927
2906 2928
2906 2929
2906 2940
2906 2944
2906 2946
2906 2956
2906 2960
2906 2966
2906 2974
2906 2977
2906 2985
2906 2986
2906 2994
2906 3000
2906 3004
2906 3022
2906 3025
2906 3026
2906 3029
2906 3033
2906 3040
2906 3047
2906 3054
2906 3056
2906 3065
2906 3078
2906 3096
2906 3098
2906 3104
2906 3108
2906 3117
2906 3119
2906 3142
2906 3149
2906 3174
2906 3184
2906 3195
2906 3220
2906 3226
2906 3284
2906 3293
2906 3301
2906 3303
2906 3324
2906 3339
2906 3362
2906 3363
2906 3387
2906 3417
2906 3426
2907 1684
2907 2679
2907 2689
2907 2729
2907 2743
2907 2766
2907 2794
2907 2810
2907 2839
2907 2867
2907 2874
2907 2887
2907 2920
2907 2928
2907 2929
2907 2940
2907 2943
2907 2944
2907 2945
2907 2974
2907 2988
2907 3000
2907 3025
2907 3056
2907 3073
2907 3135
2907 3158
2907 3220
2907 3293
2907 3363
2907 3417
2907 3433
2908 1684
2908 2664
2908 2669
2908 2694
2908 2749
2908 2750
2908 2754
2908 2777
2908 2839
2908 2864
2908 2877
2908 2880
2908 2906
2908 2909
2908 2911
2908 2920
2908 2927
2908 2960
2908 2986
2908 3004
2908 3022
2908 3040
2908 3096
2908 3108
2908 3220
2908 3284
2908 3426
2909 1684
2909 2664
2909 2666
2909 2669
2909 2673
2909 2676
2909 2698
2909 2745
2909 2749
2909 2750
2909 2754
2909 2755
2909 2757
2909 2759
2909 2777
2909 2782
2909 2806
2909 2839
2909 2864
2909 2866
2909 2867
2909 2872
2909 2877
2909 2880
2909 2884
2909 2890
2909 2891
2909 2897
2909 2905
2909 2906
2909 2908
2909 2910
2909 2911
2909 2912
2909 2913
2909 2915
2909 2916
2909 2919
2909 2920
2909 2925
2909 2927
2909 2940
2909 2943
2909 2953
2909 2960
2909 2967
2909 2969
2909 2986
2909 3000
2909 3004
2909 3022
2909 3026
2909 3033
2909 3042
2909 3047
2909 3052
2909 3054
2909 3064
2909 3078
2909 3090
2909 3104
2909 3142
2909 3184
2909 3213
2909 3226
2909 3232
2909 3250
2909 3303
2909 3324
2909 3339
2909 3348
2909 3362
2909 3363
2909 3384
2909 3390
2909 3399
2909 3426
2910 1684
2910 2664
2910 2669
2910 2679
2910 2689
2910 2694
2910 2698
2910 2706
2910 2717
2910 2741
2910 2746
2910 2750
2910 2754
2910 2755
2910 2777
2910 2782
2910 2786
2910 2800
2910 2806
2910 2810
2910 2815
2910 2827
2910 2839
2910 2850
2910 2862
2910 2864
2910 2866
2910 2867
2910 2872
2910 2877
2910 2880
2910 2890
2910 2897
2910 2905
2910 2906
2910 2909
2910 2911
2910 2913
2910 2916
2910 2919
2910 2920
2910 2925
2910 2927
2910 2928
2910 2940
2910 2943
2910 2944
2910 2945
2910 2956
2910 2960
2910 2966
2910 2969
2910 2974
2910 2985
2910 2986
2910 2988
2910 3000
2910 3033
2910 3054
2910 3056
2910 3064
2910 3065
2910 3073
2910 3078
2910 3090
2910 3108
2910 3114
2910 3117
2910 3119
2910 3174
2910 3195
2910 3220
2910 3226
2910 3232
2910 3250
2910 3284
2910 3345
2910 3348
2910 3363
2910 3364
2910 3417
2910 3426
2910 3433
2911 1684
2911 2669
2911 2676
2911 2679
2911 2680
2911 2698
2911 2706
2911 2717
2911 2738
2911 2749
2911 2750
2911 2754
2911 2755
2911 2757
2911 2777
2911 2782
2911 2815
2911 2827
2911 2839
2911 2850
2911 2864
2911 2866
2911 2872
2911 2873
2911 2877
2911 2906
2911 2908
2911 2909
2911 2910
2911 2912
2911 2913
2911 2916
2911 2919
2911 2920
2911 2925
2911 2940
2911 2956
2911 2960
2911 2966
2911 2974
2911 2985
2911 2986
2911 3004
2911 3022
2911 3033
2911 3040
2911 3047
2911 3054
2911 3064
2911 3065
2911 3078
2911 3090
2911 3096
2911 3098
2911 3108
2911 3149
2911 3195
2911 3202
2911 3226
2911 3228
2911 3232
2911 3250
2911 3284
2911 3339
2911 3348
2911 3363
2911 3387
2911 3399
2911 3426
2912 1684
2912 2664
2912 2666
2912 2669
2912 2673
2912 2676
2912 2694
2912 2698
2912 2717
2912 2750
2912 2754
2912 2755
2912 2757
2912 2763
2912 2777
2912 2782
2912 2786
2912 2800
2912 2806
2912 2815
2912 2839
2912 2862
2912 2866
2912 2872
2912 2877
2912 2890
2912 2897
2912 2905
2912 2909
2912 2911
2912 2913
2912 2919
2912 2927
2912 2940
2912 2953
2912 2956
2912 2966
2912 2985
2912 2986
2912 3004
2912 3014
2912 3022
2912 3026
2912 3033
2912 3047
2912 3064
2912 3078
2912 3090
2912 3098
2912 3142
2912 3226
2912 3232
2912 3250
2912 3324
2912 3339
2912 3348
2912 3363
2912 3384
2912 3399
2912 3417
2912 3426
2913 1684
2913 2666
2913 2669
2913 2676
2913 2694
2913 2698
2913 2717
2913 2750
2913 2751
2913 2755
2913 2763
2913 2773
2913 2782
2913 2786
2913 2800
2913 2827
2913 2839
2913 2862
2913 2866
2913 2867
2913 2872
2913 2873
2913 2877
2913 2890
2913 2891
2913 2905
2913 2906
2913 2909
2913 2910
2913 2911
2913 2912
2913 2915
2913 2916
2913 2919
2913 2925
2913 2927
2913 2946
2913 2948
2913 2953
2913 2956
2913 2966
2913 2969
2913 2985
2913 2986
2913 2993
2913 3026
2913 3033
2913 3042
2913 3047
2913 3054
2913 3064
2913 3078
2913 3090
2913 3096
2913 3098
2913 3104
2913 3119
2913 3142
2913 3149
2913 3174
2913 3184
2913 3195
2913 3224
2913 3226
2913 3232
2913 3250
2913 3303
2913 3324
2913 3339
2913 3348
2913 3363
2913 3384
2913 3387
2913 3417
2913 3426
2914 1684
2914 2661
2914 2665
2914 2675
2914 2687
2914 2716
2914 2735
2914 2833
2914 2846
2914 2904
2914 2951
2914 3013
2914 3038
2914 3072
2914 3101
2914 3117
2914 3132
2914 3136
2914 3140
2914 3150
2914 3154
2914 3179
2914 3188
2914 3194
2914 3203
2914 3209
2914 3214
2914 3253
2914 3256
2914 3276
2914 3279
2914 3302
2914 3320
2914 3321
2914 3342
2914 3360
2914 3361
2914 3380
2914 3397
2914 3409
2914 3411
2915 1684
2915 2664
2915 2666
2915 2679
2915 2683
2915 2694
2915 2698
2915 2729
2915 2738
2915 2741
2915 2750
2915 2754
2915 2756
2915 2763
2915 2773
2915 2782
2915 2786
2915 2827
2915 2850
2915 2862
2915 2864
2915 2866
2915 2867
2915 2873
2915 2874
2915 2877
2915 2880
2915 2887
2915 2890
2915 2905
2915 2906
2915 2909
2915 2913
2915 2919
2915 2924
2915 2927
2915 2928
2915 2929
2915 2931
2915 2943
2915 2953
2915 2956
2915 2966
2915 2967
2915 2977
2915 2988
2915 2994
2915 3000
2915 3004
2915 3010
2915 3014
2915 3026
2915 3029
2915 3033
2915 3042
2915 3047
2915 3052
2915 3054
2915 3064
2915 3073
2915 3078
2915 3084
2915 3090
2915 3092
2915 3096
2915 3104
2915 3114
2915 3117
2915 3137
2915 3158
2915 3163
2915 3174
2915 3195
2915 3213
2915 3226
2915 3232
2915 3243
2915 3293
2915 3294
2915 3303
2915 3304
2915 3324
2915 3362
2915 3363
2915 3364
2915 3384
2915 3390
2915 3394
2915 3417
2915 3433
2915 3435
2916 1684
2916 2664
2916 2666
2916 2669
2916 2676
2916 2679
2916 2680
2916 2681
2916 2689
2916 2694
2916 2705
2916 2717
2916 2741
2916 2750
2916 2754
2916 2755
2916 2757
2916 2773
2916 2777
2916 2782
2916 2786
2916 2800
2916 2815
2916 2827
2916 2839
2916 2850
2916 2852
2916 2866
2916 2867
2916 2872
2916 2877
2916 2896
2916 2897
2916 2906
2916 2909
2916 2910
2916 2911
2916 2913
2916 2917
2916 2919
2916 2920
2916 2925
2916 2928
2916 2943
2916 2944
2916 2945
2916 2946
2916 2960
2916 2966
2916 2969
2916 2974
2916 2985
2916 2986
2916 2987
2916 3022
2916 3033
2916 3040
2916 3047
2916 3054
2916 3056
2916 3064
2916 3065
2916 3078
2916 3085
2916 3090
2916 3096
2916 3098
2916 3108
2916 3117
2916 3129
2916 3142
2916 3149
2916 3174
2916 3195
2916 3226
2916 3228
2916 3232
2916 3250
2916 3284
2916 3304
2916 3339
2916 3348
2916 3363
2916 3387
2916 3399
2916 3417
2916 3426
2917 1684
2917 2666
2917 2676
2917 2680
2917 2689
2917 2757
2917 2815
2917 2827
2917 2866
2917 2867
2917 2916
2917 2944
2917 3065
2917 3108
2917 3129
2917 3195
2917 3301
2917 3339
2918 1684
2918 2730
2918 2758
2918 2768
2918 2843
2918 2865
2918 2932
2918 2955
2918 3032
2918 3087
2918 3167
2918 3173
2918 3187
2918 3196
2918 3236
2918 3255
2918 3256
2918 3264
2918 3369
2918 3385
2919 1684
2919 2664
2919 2669
2919 2673
2919 2676
2919 2694
2919 2749
2919 2754
2919 2757
2919 2763
2919 2777
2919 2786
2919 2800
2919 2806
2919 2827
2919 2839
2919 2864
2919 2866
2919 2867
2919 2872
2919 2877
2919 2880
2919 2890
2919 2896
2919 2897
2919 2905
2919 2909
2919 2910
2919 2911
2919 2912
2919 2913
2919 2915
2919 2916
2919 2920
2919 2925
2919 2927
2919 2928
2919 2940
2919 2943
2919 2944
2919 2953
2919 2960
2919 2969
2919 2985
2919 2986
2919 2988
2919 2993
2919 2997
2919 3004
2919 3014
2919 3033
2919 3054
2919 3056
2919 3073
2919 3078
2919 3084
2919 3085
2919 3104
2919 3108
2919 3142
2919 3149
2919 3184
2919 3232
2919 3284
2919 3304
2919 3348
2919 3363
2919 3417
2919 3426
2919 3430
2920 1684
2920 2664
2920 2669
2920 2676
2920 2679
2920 2689
2920 2694
2920 2695
2920 2706
2920 2717
2920 2746
2920 2749
2920 2750
2920 2754
2920 2755
2920 2763
2920 2777
2920 2782
2920 2806
2920 2810
2920 2815
2920 2827
2920 2839
2920 2850
2920 2852
2920 2864
2920 2867
2920 2872
2920 2877
2920 2880
2920 2890
2920 2897
2920 2906
2920 2907
2920 2908
2920 2909
2920 2910
2920 2911
2920 2916
2920 2919
2920 2924
2920 2927
2920 2928
2920 2940
2920 2943
2920 2944
2920 2960
2920 2969
2920 2974
2920 2986
2920 3004
2920 3033
2920 3054
2920 3064
2920 3073
2920 3078
2920 3085
2920 3098
2920 3108
2920 3117
2920 3124
2920 3184
2920 3213
2920 3220
2920 3226
2920 3232
2920 3284
2920 3304
2920 3324
2920 3348
2920 3363
2920 3417
2920 3426
2920 3433
2921 1684
2921 2665
2921 2667
2921 2690
2921 2711
2921 2724
2921 2768
2921 2778
2921 2796
2921 2825
2921 2858
2921 2942
2921 2951
2921 2955
2921 2984
2921 2989
2921 3002
2921 3009
2921 3017
2921 3018
2921 3034
2921 3075
2921 3107
2921 3198
2921 3204
2921 3214
2921 3221
2921 3249
2921 3256
2921 3259
2921 3263
2921 3299
2921 3342
2921 3345
2921 3346
2921 3353
2921 3360
2921 3397
2921 3406
2921 3411
2922 1684
2922 2805
2922 3028
2923 1684
2923 2677
2923 2711
2923 2725
2923 2734
2923 2764
2923 2780
2923 2858
2923 3005
2923 3020
2923 3046
2923 3265
2923 3285
2923 3292
2923 3296
2923 3411
2924 1684
2924 2679
2924 2681
2924 2705
2924 2738
2924 2741
2924 2743
2924 2756
2924 2766
2924 2782
2924 2786
2924 2835
2924 2839
2924 2850
2924 2862
2924 2874
2924 2897
2924 2915
2924 2920
2924 2925
2924 2928
2924 2929
2924 2931
2924 2945
2924 2956
2924 2960
2924 2986
2924 2988
2924 3000
2924 3025
2924 3085
2924 3090
2924 3098
2924 3184
2924 3220
2924 3293
2924 3304
2924 3364
2924 3384
2924 3433
2925 1684
2925 2664
2925 2669
2925 2676
2925 2680
2925 2681
2925 2689
2925 2694
2925 2705
2925 2717
2925 2738
2925 2746
2925 2755
2925 2757
2925 2773
2925 2777
2925 2800
2925 2806
2925 2815
2925 2827
2925 2839
2925 2850
2925 2864
2925 2866
2925 2867
2925 2872
2925 2877
2925 2880
2925 2896
2925 2897
2925 2906
2925 2909
2925 2910
2925 2911
2925 2913
2925 2916
2925 2919
2925 2924
2925 2928
2925 2931
2925 2940
2925 2943
2925 2944
2925 2946
2925 2956
2925 2960
2925 2961
2925 2966
2925 2969
2925 2986
2925 3000
2925 3022
2925 3033
2925 3036
2925 3040
2925 3054
2925 3056
2925 3064
2925 3065
2925 3085
2925 3096
2925 3098
2925 3108
2925 3117
2925 3129
2925 3174
2925 3184
2925 3195
2925 3226
2925 3228
2925 3250
2925 3284
2925 3304
2925 3324
2925 3348
2925 3363
2925 3387
2925 3399
2925 3426
2926 1684
2926 3256
2926 3338
2926 3365
2926 3376
2926 3401
2926 3402
2926 3425
2926 3427
2926 3429
2927 1684
2927 2669
2927 2676
2927 2679
2927 2680
2927 2683
2927 2689
2927 2694
2927 2698
2927 2706
2927 2741
2927 2749
2927 2750
2927 2754
2927 2755
2927 2757
2927 2763
2927 2777
2927 2782
2927 2786
2927 2800
2927 2806
2927 2810
2927 2839
2927 2850
2927 2854
2927 2862
2927 2867
2927 2880
2927 2890
2927 2905
2927 2906
2927 2908
2927 2909
2927 2910
2927 2912
2927 2913
2927 2915
2927 2919
2927 2920
2927 2928
2927 2940
2927 2943
2927 2944
2927 2945
2927 2946
2927 2956
2927 2960
2927 2966
2927 2974
2927 2981
2927 2985
2927 2986
2927 2988
2927 3000
2927 3004
2927 3022
2927 3026
2927 3029
2927 3033
2927 3036
2927 3040
2927 3044
2927 3047
2927 3052
2927 3054
2927 3056
2927 3065
2927 3073
2927 3078
2927 3085
2927 3090
2927 3096
2927 3108
2927 3117
2927 3119
2927 3184
2927 3220
2927 3232
2927 3234
2927 3238
2927 3284
2927 3324
2927 3339
2927 3348
2927 3363
2927 3387
2927 3400
2927 3417
2927 3426
2927 3430
2927 3433
2928 1684
2928 2679
2928 2694
2928 2706
2928 2729
2928 2738
2928 2741
2928 2750
2928 2754
2928 2755
2928 2756
2928 2777
2928 2786
2928 2800
2928 2810
2928 2839
2928 2862
2928 2866
2928 2867
2928 2873
2928 2874
2928 2880
2928 2890
2928 2896
2928 2897
2928 2906
2928 2907
2928 2910
2928 2915
2928 2916
2928 2919
2928 2920
2928 2924
2928 2925
2928 2927
2928 2929
2928 2940
2928 2943
2928 2944
2928 2945
2928 2946
2928 2956
2928 2960
2928 2966
2928 2974
2928 2977
2928 2985
2928 2986
2928 2988
2928 2993
2928 3000
2928 3010
2928 3026
2928 3029
2928 3033
2928 3054
2928 3056
2928 3073
2928 3078
2928 3080
2928 3084
2928 3090
2928 3096
2928 3104
2928 3117
2928 3119
2928 3174
2928 3195
2928 3220
2928 3243
2928 3257
2928 3293
2928 3363
2928 3364
2928 3384
2928 3387
2928 3388
2928 3390
2928 3394
2928 3399
2928 3400
2928 3414
2928 3417
2928 3426
2928 3433
2928 3435
2929 1684
2929 2664
2929 2679
2929 2681
2929 2729
2929 2738
2929 2741
2929 2745
2929 2755
2929 2756
2929 2766
2929 2773
2929 2786
2929 2827
2929 2862
2929 2873
2929 2877
2929 2890
2929 2906
2929 2907
2929 2915
2929 2924
2929 2928
2929 2931
2929 2944
2929 2945
2929 2956
2929 2993
2929 2994
2929 3000
2929 3014
2929 3026
2929 3029
2929 3047
2929 3084
2929 3090
2929 3104
2929 3119
2929 3174
2929 3220
2929 3232
2929 3324
2929 3362
2929 3364
2929 3384
2929 3417
2929 3433
2929 3435
2930 1684
2930 2732
2930 2902
2930 3131
2930 3180
2930 3181
2930 3251
2930 3372
2931 1684
2931 2664
2931 2679
2931 2681
2931 2683
2931 2706
2931 2738
2931 2741
2931 2743
2931 2746
2931 2756
2931 2763
2931 2773
2931 2786
2931 2854
2931 2867
2931 2873
2931 2890
2931 2896
2931 2915
2931 2924
2931 2925
2931 2929
2931 2944
2931 2960
2931 2977
2931 2986
2931 2994
2931 3026
2931 3029
2931 3042
2931 3054
2931 3056
2931 3073
2931 3078
2931 3085
2931 3090
2931 3098
2931 3119
2931 3129
2931 3137
2931 3184
2931 3238
2931 3257
2931 3324
2931 3362
2931 3364
2931 3384
2931 3394
2931 3399
2931 3426
2931 3433
2931 3435
2932 1684
2932 2675
2932 2686
2932 2718
2932 2720
2932 2730
2932 2735
2932 2758
2932 2783
2932 2787
2932 2843
2932 2865
2932 2871
2932 2901
2932 2918
2932 2938
2932 2955
2932 3016
2932 3087
2932 3107
2932 3111
2932 3136
2932 3187
2932 3189
2932 3196
2932 3198
2932 3219
2932 3236
2932 3253
2932 3255
2932 3256
2932 3264
2932 3299
2932 3330
2932 3337
2932 3358
2932 3369
2932 3385
2932 3395
2932 3404
2933 1684
2933 2935
2933 2949
2933 2983
2933 2997
2933 2999
2933 3012
2933 3020
2933 3028
2933 3063
2933 3066
2933 3072
2933 3363
2933 3368
2934 1684
2934 2696
2934 2697
2934 2724
2934 2820
2934 2870
2934 2892
2934 2962
2934 3001
2934 3002
2934 3075
2934 3077
2934 3171
2934 3186
2934 3244
2934 3246
2934 3275
2934 3295
2934 3370
2934 3385
2935 1684
2935 2933
2935 2949
2935 2983
2935 2997
2935 2999
2935 3012
2935 3020
2935 3063
2935 3066
2935 3072
2935 3274
2936 1684
2936 2715
2936 2716
2936 2719
2936 2720
2936 2733
2936 2748
2936 2753
2936 2793
2936 2796
2936 2797
2936 2828
2936 2833
2936 2868
2936 2869
2936 2937
2936 2965
2936 2973
2936 2989
2936 2992
2936 2998
2936 3015
2936 3027
2936 3035
2936 3038
2936 3051
2936 3060
2936 3082
2936 3101
2936 3106
2936 3113
2936 3145
2936 3152
2936 3154
2936 3160
2936 3170
2936 3172
2936 3198
2936 3224
2936 3260
2936 3261
2936 3267
2936 3272
2936 3288
2936 3291
2936 3298
2936 3302
2936 3320
2936 3330
2936 3332
2936 3344
2936 3347
2936 3355
2936 3373
2936 3378
2936 3386
2936 3396
2936 3397
2936 3403
2936 3434
2937 1684
2937 2661
2937 2672
2937 2684
2937 2701
2937 2708
2937 2719
2937 2720
2937 2733
2937 2737
2937 2742
2937 2753
2937 2793
2937 2797
2937 2823
2937 2828
2937 2833
2937 2845
2937 2869
2937 2875
2937 2894
2937 2936
2937 2973
2937 2991
2937 2992
2937 2995
2937 3011
2937 3035
2937 3051
2937 3060
2937 3076
2937 3079
2937 3082
2937 3101
2937 3115
2937 3116
2937 3145
2937 3152
2937 3170
2937 3172
2937 3179
2937 3182
2937 3201
2937 3206
2937 3224
2937 3247
2937 3252
2937 3258
2937 3262
2937 3267
2937 3280
2937 3291
2937 3298
2937 3320
2937 3332
2937 3350
2937 3353
2937 3378
2937 3396
2937 3397
2937 3406
2937 3422
2937 3434
2938 1642
2938 1684
2938 2707
2938 2730
2938 2778
2938 2932
2938 2955
2938 2964
2938 2965
2938 3062
2938 3087
2938 3118
2938 3182
2938 3253
2938 3289
2938 3331
2938 3341
2938 3343
2938 3369
2938 3396
2939 1684
2939 2661
2939 2674
2939 2716
2939 2719
2939 2742
2939 2765
2939 2770
2939 2778
2939 2780
2939 2781
2939 2787
2939 2793
2939 2796
2939 2828
2939 2833
2939 2849
2939 2853
2939 2863
2939 2869
2939 2901
2939 2970
2939 2973
2939 2992
2939 3021
2939 3027
2939 3035
2939 3049
2939 3051
2939 3070
2939 3082
2939 3094
2939 3101
2939 3102
2939 3113
2939 3116
2939 3120
2939 3132
2939 3146
2939 3148
2939 3150
2939 3152
2939 3169
2939 3179
2939 3185
2939 3201
2939 3206
2939 3239
2939 3247
2939 3252
2939 3265
2939 3267
2939 3277
2939 3280
2939 3291
2939 3297
2939 3302
2939 3316
2939 3330
2939 3335
2939 3344
2939 3347
2939 3351
2939 3373
2939 3381
2939 3391
2939 3397
2939 3416
2939 3434
2940 1684
2940 2664
2940 2669
2940 2679
2940 2694
2940 2698
2940 2706
2940 2717
2940 2749
2940 2750
2940 2754
2940 2755
2940 2757
2940 2777
2940 2786
2940 2800
2940 2810
2940 2835
2940 2839
2940 2852
2940 2864
2940 2866
2940 2867
2940 2874
2940 2877
2940 2906
2940 2907
2940 2909
2940 2910
2940 2911
2940 2912
2940 2919
2940 2920
2940 2925
2940 2927
2940 2928
2940 2943
2940 2944
2940 2960
2940 2966
2940 2974
2940 2981
2940 2985
2940 2986
2940 2988
2940 3054
2940 3056
2940 3064
2940 3078
2940 3096
2940 3108
2940 3117
2940 3174
2940 3195
2940 3220
2940 3232
2940 3238
2940 3293
2940 3348
2940 3363
2940 3399
2940 3417
2940 3426
2940 3433
2941 990
2941 1642
2941 1684
2941 2730
2941 2764
2941 2822
2941 2955
2941 2999
2941 3068
2941 3263
2941 3361
2942 1684
2942 2665
2942 2711
2942 2825
2942 2921
2942 2989
2942 3136
2942 3233
2942 3304
2942 3404
2943 1684
2943 2669
2943 2673
2943 2676
2943 2680
2943 2683
2943 2689
2943 2694
2943 2695
2943 2705
2943 2706
2943 2743
2943 2749
2943 2750
2943 2754
2943 2755
2943 2763
2943 2769
2943 2777
2943 2782
2943 2786
2943 2800
2943 2806
2943 2810
2943 2815
2943 2827
2943 2835
2943 2839
2943 2850
2943 2852
2943 2864
2943 2867
2943 2877
2943 2880
2943 2896
2943 2897
2943 2907
2943 2909
2943 2910
2943 2915
2943 2916
2943 2919
2943 2920
2943 2925
2943 2927
2943 2928
2943 2940
2943 2944
2943 2945
2943 2960
2943 2966
2943 2969
2943 2974
2943 2986
2943 3000
2943 3022
2943 3023
2943 3029
2943 3054
2943 3056
2943 3065
2943 3073
2943 3078
2943 3085
2943 3096
2943 3108
2943 3135
2943 3213
2943 3220
2943 3226
2943 3228
2943 3232
2943 3243
2943 3284
2943 3286
2943 3293
2943 3301
2943 3348
2943 3363
2943 3417
2943 3426
2943 3433
2944 1684
2944 2669
2944 2673
2944 2676
2944 2679
2944 2680
2944 2681
2944 2683
2944 2689
2944 2694
2944 2706
2944 2729
2944 2738
2944 2749
2944 2750
2944 2754
2944 2755
2944 2757
2944 2761
2944 2763
2944 2777
2944 2782
2944 2786
2944 2789
2944 2800
2944 2806
2944 2810
2944 2815
2944 2827
2944 2839
2944 2854
2944 2862
2944 2864
2944 2867
2944 2872
2944 2877
2944 2880
2944 2887
2944 2896
2944 2897
2944 2906
2944 2907
2944 2910
2944 2916
2944 2917
2944 2919
2944 2920
2944 2925
2944 2927
2944 2928
2944 2929
2944 2931
2944 2940
2944 2943
2944 2945
2944 2953
2944 2956
2944 2960
2944 2966
2944 2969
2944 2974
2944 2978
2944 2981
2944 3000
2944 3004
2944 3022
2944 3023
2944 3025
2944 3026
2944 3056
2944 3064
2944 3065
2944 3073
2944 3078
2944 3084
2944 3085
2944 3090
2944 3098
2944 3104
2944 3108
2944 3129
2944 3135
2944 3142
2944 3149
2944 3153
2944 3158
2944 3195
2944 3213
2944 3220
2944 3226
2944 3232
2944 3243
2944 3257
2944 3284
2944 3301
2944 3303
2944 3324
2944 3339
2944 3348
2944 3362
2944 3363
2944 3387
2944 3394
2944 3417
2944 3426
2944 3433
2945 1684
2945 2681
2945 2683
2945 2689
2945 2706
2945 2738
2945 2741
2945 2743
2945 2750
2945 2754
2945 2756
2945 2757
2945 2763
2945 2773
2945 2777
2945 2800
2945 2810
2945 2839
2945 2867
2945 2874
2945 2880
2945 2907
2945 2910
2945 2916
2945 2924
2945 2927
2945 2928
2945 2929
2945 2943
2945 2944
2945 2956
2945 2960
2945 2974
2945 2977
2945 3000
2945 3023
2945 3026
2945 3029
2945 3056
2945 3073
2945 3090
2945 3098
2945 3135
2945 3158
2945 3163
2945 3213
2945 3220
2945 3243
2945 3257
2945 3293
2945 3363
2945 3417
2945 3433
2945 3435
2946 1684
2946 2668
2946 2676
2946 2679
2946 2694
2946 2698
2946 2706
2946 2748
2946 2751
2946 2759
2946 2786
2946 2818
2946 2835
2946 2839
2946 2841
2946 2862
2946 2864
2946 2867
2946 2880
2946 2897
2946 2904
2946 2905
2946 2906
2946 2913
2946 2916
2946 2925
2946 2927
2946 2928
2946 2952
2946 2956
2946 2957
2946 2961
2946 2969
2946 2986
2946 2996
2946 3000
2946 3033
2946 3054
2946 3065
2946 3085
2946 3097
2946 3104
2946 3117
2946 3119
2946 3124
2946 3149
2946 3173
2946 3174
2946 3211
2946 3215
2946 3228
2946 3263
2946 3294
2946 3302
2946 3304
2946 3335
2946 3363
2946 3380
2946 3387
2947 1684
2947 2724
2947 2730
2947 2775
2947 2951
2947 2962
2947 3001
2947 3019
2947 3062
2947 3100
2947 3154
2947 3162
2947 3168
2947 3177
2947 3233
2947 3273
2947 3331
2948 1684
2948 2673
2948 2694
2948 2706
2948 2761
2948 2763
2948 2806
2948 2839
2948 2913
2948 3023
2948 3052
2948 3065
2948 3184
2948 3193
2948 3234
2948 3301
2948 3315
2948 3324
2948 3363
2948 3414
2948 3436
2949 1684
2949 2693
2949 2886
2949 2933
2949 2935
2949 2983
2949 2997
2949 2999
2949 3012
2949 3020
2949 3028
2949 3063
2949 3066
2949 3083
2949 3126
2949 3128
2949 3155
2949 3310
2949 3322
2949 3336
