2950 1684
2950 2661
2950 2686
2950 2712
2950 2748
2950 2780
2950 2791
2950 2793
2950 2869
2950 2871
2950 2976
2950 3035
2950 3060
2950 3070
2950 3075
2950 3076
2950 3087
2950 3101
2950 3107
2950 3113
2950 3115
2950 3116
2950 3144
2950 3150
2950 3152
2950 3172
2950 3182
2950 3185
2950 3189
2950 3191
2950 3198
2950 3219
2950 3246
2950 3256
2950 3258
2950 3259
2950 3261
2950 3272
2950 3280
2950 3320
2950 3321
2950 3331
2950 3335
2950 3351
2950 3357
2950 3360
2950 3395
2950 3411
2951 1684
2951 2662
2951 2665
2951 2692
2951 2711
2951 2713
2951 2716
2951 2724
2951 2728
2951 2730
2951 2735
2951 2739
2951 2758
2951 2768
2951 2775
2951 2779
2951 2813
2951 2825
2951 2829
2951 2830
2951 2844
2951 2845
2951 2892
2951 2914
2951 2921
2951 2947
2951 2955
2951 2984
2951 2989
2951 2990
2951 3001
2951 3002
2951 3007
2951 3016
2951 3017
2951 3018
2951 3019
2951 3020
2951 3034
2951 3038
2951 3051
2951 3075
2951 3077
2951 3082
2951 3086
2951 3087
2951 3097
2951 3100
2951 3103
2951 3106
2951 3107
2951 3118
2951 3120
2951 3150
2951 3154
2951 3159
2951 3162
2951 3168
2951 3171
2951 3176
2951 3191
2951 3196
2951 3198
2951 3203
2951 3207
2951 3214
2951 3219
2951 3224
2951 3233
2951 3240
2951 3241
2951 3252
2951 3253
2951 3259
2951 3263
2951 3264
2951 3274
2951 3285
2951 3291
2951 3295
2951 3299
2951 3313
2951 3321
2951 3330
2951 3342
2951 3344
2951 3345
2951 3346
2951 3353
2951 3359
2951 3360
2951 3366
2951 3379
2951 3391
2951 3397
2951 3404
2951 3406
2951 3410
2951 3411
2951 3412
2951 3415
2951 3421
2952 1684
2952 2946
2952 3045
2953 1684
2953 2679
2953 2683
2953 2738
2953 2741
2953 2773
2953 2786
2953 2854
2953 2873
2953 2877
2953 2890
2953 2909
2953 2912
2953 2913
2953 2915
2953 2919
2953 2944
2953 2969
2953 2988
2953 3000
2953 3014
2953 3026
2953 3052
2953 3073
2953 3084
2953 3090
2953 3104
2953 3119
2953 3238
2953 3362
2953 3364
2953 3384
2953 3417
2953 3435
2954 1684
2954 2702
2954 2739
2954 2771
2954 2836
2954 2841
2954 3190
2954 3215
2954 3221
2954 3248
2954 3279
2954 3327
2954 3383
2955 1684
2955 2665
2955 2675
2955 2718
2955 2730
2955 2758
2955 2783
2955 2843
2955 2865
2955 2871
2955 2918
2955 2921
2955 2932
2955 2938
2955 2941
2955 2951
2955 2999
2955 3018
2955 3032
2955 3067
2955 3087
2955 3136
2955 3187
2955 3196
2955 3219
2955 3221
2955 3236
2955 3253
2955 3255
2955 3256
2955 3264
2955 3289
2955 3327
2955 3337
2955 3342
2955 3346
2955 3369
2955 3385
2955 3395
2955 3397
2955 3402
2955 3403
2955 3404
2955 3419
2956 1684
2956 2666
2956 2669
2956 2679
2956 2681
2956 2683
2956 2694
2956 2698
2956 2717
2956 2729
2956 2731
2956 2738
2956 2741
2956 2749
2956 2750
2956 2754
2956 2755
2956 2756
2956 2763
2956 2773
2956 2782
2956 2786
2956 2800
2956 2827
2956 2835
2956 2839
2956 2862
2956 2864
2956 2866
2956 2872
2956 2873
2956 2877
2956 2887
2956 2890
2956 2905
2956 2906
2956 2910
2956 2911
2956 2912
2956 2913
2956 2915
2956 2924
2956 2925
2956 2927
2956 2928
2956 2929
2956 2944
2956 2945
2956 2946
2956 2960
2956 2966
2956 2969
2956 2977
2956 2981
2956 2985
2956 2986
2956 2987
2956 2988
2956 2993
2956 2994
2956 3000
2956 3014
2956 3022
2956 3026
2956 3029
2956 3040
2956 3047
2956 3078
2956 3084
2956 3090
2956 3104
2956 3114
2956 3117
2956 3119
2956 3123
2956 3166
2956 3174
2956 3184
2956 3195
2956 3220
2956 3232
2956 3238
2956 3243
2956 3293
2956 3324
2956 3339
2956 3362
2956 3363
2956 3364
2956 3384
2956 3387
2956 3400
2956 3417
2956 3426
2956 3433
2956 3435
2957 1684
2957 2685
2957 2700
2957 2707
2957 2724
2957 2946
2957 2964
2957 3011
2957 3061
2957 3081
2957 3196
2957 3254
2957 3263
2957 3308
2958 1684
2958 2668
2958 2730
2958 2733
2958 2772
2958 2781
2958 2832
2958 2840
2958 2875
2958 2882
2958 2894
2958 2976
2958 3001
2958 3009
2958 3011
2958 3019
2958 3048
2958 3076
2958 3079
2958 3100
2958 3111
2958 3124
2958 3160
2958 3178
2958 3179
2958 3182
2958 3261
2958 3262
2958 3276
2958 3279
2958 3280
2958 3288
2958 3295
2958 3302
2958 3313
2958 3327
2958 3331
2958 3350
2958 3353
2958 3377
2958 3386
2958 3396
2959 1684
2959 2670
2959 2699
2959 2703
2959 2767
2959 2879
2959 2889
2959 2972
2959 2982
2959 3008
2959 3283
2959 3309
2959 3314
2959 3318
2959 3325
2959 3382
2959 3423
2960 1684
2960 2664
2960 2669
2960 2676
2960 2679
2960 2680
2960 2694
2960 2698
2960 2706
2960 2738
2960 2745
2960 2749
2960 2750
2960 2754
2960 2755
2960 2757
2960 2763
2960 2777
2960 2782
2960 2786
2960 2800
2960 2810
2960 2835
2960 2839
2960 2862
2960 2864
2960 2867
2960 2877
2960 2880
2960 2897
2960 2906
2960 2908
2960 2909
2960 2910
2960 2911
2960 2916
2960 2919
2960 2920
2960 2924
2960 2925
2960 2927
2960 2928
2960 2931
2960 2940
2960 2943
2960 2944
2960 2945
2960 2956
2960 2966
2960 2969
2960 2974
2960 2985
2960 2986
2960 2988
2960 3000
2960 3004
2960 3014
2960 3022
2960 3033
2960 3040
2960 3047
2960 3056
2960 3064
2960 3065
2960 3073
2960 3078
2960 3096
2960 3104
2960 3108
2960 3117
2960 3119
2960 3129
2960 3149
2960 3153
2960 3158
2960 3174
2960 3184
2960 3226
2960 3228
2960 3232
2960 3250
2960 3284
2960 3324
2960 3348
2960 3363
2960 3364
2960 3387
2960 3399
2960 3414
2960 3417
2960 3426
2960 3433
2961 1684
2961 2759
2961 2925
2961 2946
2961 2967
2961 3098
2961 3227
2961 3286
2961 3294
2961 3303
2961 3304
2962 1405
2962 1684
2962 2671
2962 2697
2962 2721
2962 2752
2962 2775
2962 2820
2962 2824
2962 2934
2962 2947
2962 3001
2962 3077
2962 3091
2962 3244
2962 3273
2962 3295
2962 3302
2962 3373
2963 1684
2963 3036
2963 3042
2963 3084
2964 1505
2964 1656
2964 1684
2964 2707
2964 2758
2964 2938
2964 2957
2964 2979
2964 3001
2964 3038
2964 3051
2964 3057
2964 3062
2964 3157
2964 3289
2964 3326
2964 3331
2964 3374
2965 1684
2965 2753
2965 2847
2965 2936
2965 2938
2965 3005
2965 3051
2965 3060
2965 3107
2965 3148
2965 3162
2965 3242
2965 3274
2965 3280
2965 3298
2965 3328
2965 3378
2966 1684
2966 2664
2966 2666
2966 2669
2966 2676
2966 2679
2966 2680
2966 2683
2966 2689
2966 2694
2966 2698
2966 2706
2966 2717
2966 2745
2966 2750
2966 2754
2966 2755
2966 2757
2966 2761
2966 2777
2966 2782
2966 2786
2966 2794
2966 2800
2966 2815
2966 2821
2966 2827
2966 2839
2966 2850
2966 2862
2966 2864
2966 2866
2966 2872
2966 2873
2966 2874
2966 2877
2966 2880
2966 2891
2966 2897
2966 2905
2966 2906
2966 2910
2966 2911
2966 2912
2966 2913
2966 2915
2966 2916
2966 2925
2966 2927
2966 2928
2966 2940
2966 2943
2966 2944
2966 2956
2966 2960
2966 2985
2966 2986
2966 2987
2966 2993
2966 2994
2966 3000
2966 3014
2966 3022
2966 3026
2966 3033
2966 3040
2966 3047
2966 3052
2966 3054
2966 3056
2966 3065
2966 3078
2966 3084
2966 3085
2966 3090
2966 3096
2966 3098
2966 3104
2966 3108
2966 3117
2966 3119
2966 3142
2966 3149
2966 3158
2966 3163
2966 3166
2966 3174
2966 3195
2966 3226
2966 3232
2966 3237
2966 3238
2966 3250
2966 3257
2966 3284
2966 3301
2966 3303
2966 3339
2966 3348
2966 3362
2966 3363
2966 3387
2966 3390
2966 3399
2966 3417
2966 3426
2966 3435
2967 1684
2967 2664
2967 2695
2967 2706
2967 2763
2967 2806
2967 2839
2967 2877
2967 2880
2967 2909
2967 2915
2967 2961
2967 3004
2967 3023
2967 3054
2967 3092
2967 3213
2967 3234
2967 3303
2967 3324
2967 3363
2967 3426
2968 990
2968 1450
2968 1505
2968 1666
2968 1684
2968 2882
2968 3011
2968 3020
2968 3077
2968 3097
2968 3161
2968 3258
2968 3343
2969 1684
2969 2664
2969 2669
2969 2676
2969 2679
2969 2681
2969 2689
2969 2698
2969 2705
2969 2706
2969 2738
2969 2741
2969 2749
2969 2750
2969 2754
2969 2757
2969 2773
2969 2777
2969 2782
2969 2786
2969 2800
2969 2815
2969 2827
2969 2839
2969 2850
2969 2854
2969 2862
2969 2864
2969 2877
2969 2896
2969 2909
2969 2910
2969 2913
2969 2916
2969 2919
2969 2920
2969 2925
2969 2943
2969 2944
2969 2946
2969 2953
2969 2956
2969 2960
2969 2974
2969 2986
2969 3000
2969 3033
2969 3036
2969 3054
2969 3056
2969 3065
2969 3078
2969 3085
2969 3096
2969 3098
2969 3104
2969 3108
2969 3117
2969 3184
2969 3195
2969 3220
2969 3284
2969 3301
2969 3304
2969 3324
2969 3339
2969 3348
2969 3362
2969 3364
2969 3387
2969 3426
2970 1684
2970 2661
2970 2674
2970 2742
2970 2765
2970 2793
2970 2828
2970 2849
2970 2939
2970 3021
2970 3035
2970 3049
2970 3070
2970 3082
2970 3101
2970 3102
2970 3106
2970 3115
2970 3116
2970 3120
2970 3132
2970 3146
2970 3150
2970 3169
2970 3179
2970 3185
2970 3201
2970 3206
2970 3239
2970 3247
2970 3252
2970 3265
2970 3280
2970 3297
2970 3316
2970 3330
2970 3332
2970 3344
2970 3351
2970 3391
2970 3411
2970 3416
2970 3419
2970 3434
2971 1419
2971 1684
2971 2677
2971 2813
2972 1684
2972 2670
2972 2699
2972 2703
2972 2834
2972 2879
2972 2889
2972 2959
2972 3008
2972 3283
2972 3309
2972 3311
2972 3314
2972 3318
2972 3325
2972 3382
2972 3423
2973 1684
2973 2661
2973 2716
2973 2719
2973 2720
2973 2742
2973 2748
2973 2753
2973 2765
2973 2768
2973 2793
2973 2828
2973 2833
2973 2840
2973 2849
2973 2894
2973 2936
2973 2937
2973 2939
2973 2976
2973 2989
2973 2992
2973 3021
2973 3035
2973 3038
2973 3041
2973 3046
2973 3049
2973 3051
2973 3060
2973 3070
2973 3082
2973 3089
2973 3101
2973 3106
2973 3115
2973 3116
2973 3120
2973 3132
2973 3146
2973 3152
2973 3154
2973 3160
2973 3169
2973 3201
2973 3206
2973 3212
2973 3223
2973 3239
2973 3240
2973 3247
2973 3252
2973 3280
2973 3291
2973 3299
2973 3319
2973 3320
2973 3321
2973 3330
2973 3332
2973 3344
2973 3345
2973 3347
2973 3351
2973 3355
2973 3360
2973 3386
2973 3391
2973 3396
2973 3397
2973 3406
2973 3422
2973 3434
2974 1684
2974 2664
2974 2669
2974 2680
2974 2689
2974 2694
2974 2698
2974 2706
2974 2738
2974 2743
2974 2749
2974 2750
2974 2754
2974 2757
2974 2763
2974 2777
2974 2800
2974 2810
2974 2839
2974 2867
2974 2877
2974 2880
2974 2906
2974 2907
2974 2910
2974 2911
2974 2916
2974 2920
2974 2927
2974 2928
2974 2940
2974 2943
2974 2944
2974 2945
2974 2960
2974 2969
2974 2986
2974 2994
2974 3023
2974 3054
2974 3056
2974 3073
2974 3078
2974 3096
2974 3108
2974 3149
2974 3158
2974 3174
2974 3213
2974 3220
2974 3284
2974 3339
2974 3362
2974 3363
2974 3387
2974 3399
2974 3417
2974 3426
2974 3433
2975 1684
2975 2791
2975 3105
2976 1450
2976 1505
2976 1684
2976 2684
2976 2701
2976 2719
2976 2735
2976 2748
2976 2753
2976 2783
2976 2840
2976 2875
2976 2950
2976 2958
2976 2973
2976 2989
2976 3017
2976 3060
2976 3076
2976 3089
2976 3111
2976 3118
2976 3160
2976 3172
2976 3182
2976 3185
2976 3258
2976 3261
2976 3272
2976 3280
2976 3287
2976 3289
2976 3291
2976 3298
2976 3320
2976 3344
2976 3360
2976 3378
2976 3386
2976 3403
2976 3434
2977 1684
2977 2679
2977 2683
2977 2729
2977 2738
2977 2741
2977 2756
2977 2773
2977 2786
2977 2873
2977 2874
2977 2890
2977 2906
2977 2915
2977 2928
2977 2931
2977 2945
2977 2956
2977 2993
2977 3000
2977 3014
2977 3029
2977 3084
2977 3104
2977 3119
2977 3129
2977 3166
2977 3238
2977 3243
2977 3257
2977 3293
2977 3384
2977 3435
2978 1684
2978 2663
2978 2710
2978 2726
2978 2738
2978 2769
2978 2789
2978 2807
2978 2851
2978 2888
2978 2944
2978 3010
2978 3045
2978 3059
2978 3080
2978 3090
2978 3104
2978 3130
2978 3139
2978 3231
2978 3300
2978 3303
2978 3392
2978 3426
2978 3430
2979 1534
2979 1684
2979 1758
2979 2714
2979 2764
2979 2780
2979 2784
2979 2813
2979 2826
2979 2856
2979 2865
2979 2964
2979 3081
2979 3101
2979 3201
2979 3297
2979 3340
2979 3409
2980 1684
2980 2863
2980 2869
2980 3267
2980 3270
2981 1684
2981 2729
2981 2731
2981 2756
2981 2786
2981 2839
2981 2927
2981 2940
2981 2944
2981 2956
2981 3025
2981 3036
2981 3042
2981 3073
2981 3114
2981 3119
2981 3123
2981 3130
2981 3137
2981 3158
2981 3232
2981 3363
2981 3400
2982 1684
2982 2670
2982 2699
2982 2703
2982 2879
2982 2889
2982 2959
2982 3008
2982 3283
2982 3309
2982 3314
2982 3318
2982 3325
2982 3382
2982 3423
2983 1684
2983 2805
2983 2933
2983 2935
2983 2949
2983 2997
2983 2999
2983 3012
2983 3020
2983 3028
2983 3063
2983 3066
2983 3072
2983 3083
2983 3128
2983 3155
2983 3368
2984 1684
2984 2662
2984 2665
2984 2716
2984 2720
2984 2783
2984 2804
2984 2859
2984 2921
2984 2951
2984 2992
2984 3027
2984 3107
2984 3118
2984 3191
2984 3192
2984 3206
2984 3223
2984 3263
2984 3274
2984 3291
2984 3316
2984 3353
2984 3377
2985 1684
2985 2666
2985 2669
2985 2676
2985 2679
2985 2698
2985 2717
2985 2750
2985 2755
2985 2777
2985 2782
2985 2786
2985 2827
2985 2839
2985 2862
2985 2864
2985 2866
2985 2872
2985 2877
2985 2890
2985 2897
2985 2905
2985 2906
2985 2910
2985 2911
2985 2912
2985 2913
2985 2916
2985 2919
2985 2927
2985 2928
2985 2940
2985 2956
2985 2960
2985 2966
2985 2986
2985 2993
2985 2994
2985 3022
2985 3033
2985 3040
2985 3047
2985 3052
2985 3054
2985 3064
2985 3078
2985 3108
2985 3142
2985 3149
2985 3174
2985 3226
2985 3232
2985 3284
2985 3301
2985 3339
2985 3348
2985 3363
2985 3387
2985 3399
2985 3426
2986 1684
2986 2664
2986 2669
2986 2676
2986 2679
2986 2680
2986 2689
2986 2694
2986 2698
2986 2706
2986 2717
2986 2741
2986 2743
2986 2746
2986 2749
2986 2750
2986 2754
2986 2755
2986 2757
2986 2777
2986 2782
2986 2786
2986 2800
2986 2806
2986 2810
2986 2815
2986 2827
2986 2835
2986 2839
2986 2850
2986 2862
2986 2864
2986 2866
2986 2867
2986 2872
2986 2877
2986 2880
2986 2897
2986 2905
2986 2906
2986 2908
2986 2909
2986 2910
2986 2911
2986 2912
2986 2913
2986 2916
2986 2919
2986 2920
2986 2924
2986 2925
2986 2927
2986 2928
2986 2931
2986 2940
2986 2943
2986 2946
2986 2956
2986 2960
2986 2966
2986 2969
2986 2974
2986 2985
2986 2988
2986 3000
2986 3004
2986 3014
2986 3022
2986 3029
2986 3033
2986 3036
2986 3047
2986 3054
2986 3056
2986 3064
2986 3065
2986 3073
2986 3078
2986 3085
2986 3096
2986 3098
2986 3108
2986 3114
2986 3149
2986 3166
2986 3174
2986 3184
2986 3195
2986 3220
2986 3226
2986 3228
2986 3232
2986 3238
2986 3284
2986 3348
2986 3363
2986 3400
2986 3417
2986 3426
2986 3433
2987 1684
2987 2679
2987 2731
2987 2755
2987 2773
2987 2815
2987 2827
2987 2916
2987 2956
2987 2966
2987 2993
2987 3014
2987 3025
2987 3026
2987 3052
2987 3084
2987 3090
2987 3104
2987 3114
2987 3123
2987 3137
2987 3149
2987 3158
2987 3163
2987 3166
2987 3195
2987 3387
2988 1684
2988 2664
2988 2666
2988 2679
2988 2694
2988 2698
2988 2729
2988 2731
2988 2738
2988 2741
2988 2743
2988 2750
2988 2754
2988 2773
2988 2777
2988 2782
2988 2786
2988 2794
2988 2800
2988 2810
2988 2862
2988 2873
2988 2874
2988 2887
2988 2890
2988 2905
2988 2907
2988 2910
2988 2915
2988 2919
2988 2924
2988 2927
2988 2928
2988 2940
2988 2953
2988 2956
2988 2960
2988 2986
2988 2994
2988 3000
2988 3022
2988 3025
2988 3026
2988 3036
2988 3073
2988 3078
2988 3084
2988 3090
2988 3104
2988 3119
2988 3123
2988 3135
2988 3142
2988 3158
2988 3166
2988 3232
2988 3234
2988 3339
2988 3364
2988 3384
2988 3400
2988 3417
2988 3433
2989 1684
2989 2661
2989 2665
2989 2711
2989 2712
2989 2716
2989 2720
2989 2742
2989 2748
2989 2753
2989 2793
2989 2825
2989 2828
2989 2901
2989 2921
2989 2936
2989 2942
2989 2951
2989 2973
2989 2976
2989 2992
2989 3038
2989 3041
2989 3046
2989 3051
2989 3070
2989 3075
2989 3082
2989 3087
2989 3089
2989 3101
2989 3106
2989 3116
2989 3120
2989 3150
2989 3154
2989 3160
2989 3198
2989 3240
2989 3247
2989 3249
2989 3252
2989 3291
2989 3320
2989 3321
2989 3330
2989 3335
2989 3344
2989 3345
2989 3353
2989 3355
2989 3360
2989 3378
2989 3386
2989 3391
2989 3397
2989 3406
2989 3434
2990 1684
2990 2713
2990 2716
2990 2728
2990 2830
2990 2870
2990 2951
2990 3007
2990 3154
2990 3191
2990 3207
2990 3241
2990 3412
2991 1684
2991 2661
2991 2674
2991 2712
2991 2719
2991 2737
2991 2742
2991 2748
2991 2778
2991 2781
2991 2793
2991 2796
2991 2828
2991 2833
2991 2849
2991 2853
2991 2863
2991 2869
2991 2894
2991 2937
2991 2992
2991 3035
2991 3049
2991 3051
2991 3060
2991 3070
2991 3082
2991 3101
2991 3102
2991 3106
2991 3113
2991 3116
2991 3132
2991 3145
2991 3146
2991 3152
2991 3169
2991 3172
2991 3185
2991 3201
2991 3204
2991 3239
2991 3247
2991 3252
2991 3265
2991 3267
2991 3277
2991 3280
2991 3288
2991 3297
2991 3320
2991 3330
2991 3347
2991 3350
2991 3351
2991 3378
2991 3381
2991 3396
2991 3416
2991 3419
2991 3434
2992 1684
2992 2697
2992 2716
2992 2719
2992 2742
2992 2753
2992 2778
2992 2793
2992 2804
2992 2823
2992 2828
2992 2830
2992 2833
2992 2840
2992 2853
2992 2863
2992 2869
2992 2901
2992 2936
2992 2937
2992 2939
2992 2973
2992 2984
2992 2989
2992 2991
2992 3017
2992 3027
2992 3035
2992 3051
2992 3060
2992 3079
2992 3082
2992 3101
2992 3102
2992 3106
2992 3107
2992 3113
2992 3120
2992 3132
2992 3145
2992 3169
2992 3172
2992 3191
2992 3199
2992 3201
2992 3204
2992 3206
2992 3224
2992 3240
2992 3247
2992 3252
2992 3267
2992 3277
2992 3280
2992 3288
2992 3291
2992 3297
2992 3298
2992 3302
2992 3320
2992 3329
2992 3330
2992 3344
2992 3347
2992 3355
2992 3377
2992 3378
2992 3381
2992 3397
2992 3416
2992 3419
2992 3434
2993 1684
2993 2666
2993 2679
2993 2683
2993 2729
2993 2731
2993 2741
2993 2755
2993 2756
2993 2773
2993 2786
2993 2827
2993 2862
2993 2866
2993 2872
2993 2873
2993 2890
2993 2905
2993 2913
2993 2919
2993 2928
2993 2929
2993 2956
2993 2966
2993 2977
2993 2985
2993 2987
2993 2994
2993 3014
2993 3026
2993 3029
2993 3033
2993 3047
2993 3084
2993 3090
2993 3104
2993 3119
2993 3123
2993 3135
2993 3137
2993 3149
2993 3158
2993 3163
2993 3166
2993 3195
2993 3226
2993 3232
2993 3238
2993 3257
2993 3339
2993 3362
2993 3384
2993 3387
2993 3417
2993 3426
2993 3435
2994 1684
2994 2669
2994 2676
2994 2679
2994 2681
2994 2683
2994 2729
2994 2738
2994 2741
2994 2743
2994 2745
2994 2749
2994 2755
2994 2756
2994 2773
2994 2786
2994 2810
2994 2827
2994 2835
2994 2862
2994 2866
2994 2873
2994 2874
2994 2877
2994 2887
2994 2890
2994 2905
2994 2906
2994 2915
2994 2929
2994 2931
2994 2956
2994 2966
2994 2974
2994 2985
2994 2988
2994 2993
2994 3014
2994 3029
2994 3033
2994 3040
2994 3047
2994 3073
2994 3078
2994 3084
2994 3090
2994 3104
2994 3108
2994 3114
2994 3119
2994 3135
2994 3149
2994 3166
2994 3174
2994 3293
2994 3294
2994 3324
2994 3348
2994 3362
2994 3364
2994 3384
2994 3387
2994 3400
2994 3417
2994 3433
2995 1684
2995 2708
2995 2775
2995 2797
2995 2892
2995 2937
2995 3051
2995 3061
2995 3062
2995 3168
2995 3170
2995 3233
2995 3272
2995 3273
2995 3397
2996 1684
2996 2690
2996 2730
2996 2735
2996 2772
2996 2803
2996 2819
2996 2831
2996 2848
2996 2856
2996 2901
2996 2946
2996 3027
2996 3038
2996 3097
2996 3117
2996 3136
2996 3140
2996 3190
2996 3196
2996 3201
2996 3214
2996 3224
2996 3275
2996 3277
2996 3279
2996 3291
2996 3302
2996 3307
2996 3321
2996 3330
2996 3341
2996 3342
2996 3345
2996 3346
2996 3351
2996 3385
2996 3406
2996 3431
2997 1684
2997 2805
2997 2919
2997 2933
2997 2935
2997 2949
2997 2983
2997 3012
2997 3020
2997 3063
2997 3072
2997 3081
2997 3155
2997 3368
2998 1684
2998 2936
2998 3157
2999 1642
2999 1684
2999 2665
2999 2675
2999 2677
2999 2693
2999 2730
2999 2764
2999 2822
2999 2886
2999 2903
2999 2933
2999 2935
2999 2941
2999 2949
2999 2955
2999 2983
2999 3020
2999 3066
2999 3072
2999 3083
2999 3128
2999 3136
2999 3222
2999 3240
2999 3253
2999 3263
2999 3310
2999 3327
2999 3361
