300 0
300 80
300 94
300 130
300 299
300 320
300 346
301 0
301 47
301 324
302 0
302 24
302 48
302 53
302 57
302 92
302 94
302 101
302 180
302 187
302 194
302 204
302 242
302 249
302 254
302 266
302 299
302 315
302 330
302 346
303 0
303 30
303 45
303 56
303 67
303 88
303 104
303 109
303 122
303 132
303 142
303 178
303 186
303 213
303 221
303 236
303 239
303 285
303 315
303 322
303 345
304 0
304 7
304 9
304 13
304 21
304 26
304 30
304 31
304 40
304 56
304 66
304 67
304 69
304 75
304 84
304 98
304 109
304 113
304 118
304 122
304 134
304 136
304 141
304 158
304 161
304 168
304 170
304 172
304 188
304 199
304 200
304 203
304 211
304 212
304 224
304 236
304 239
304 246
304 249
304 252
304 257
304 271
304 272
304 277
304 280
304 285
304 308
304 315
304 322
304 324
304 325
304 332
304 334
304 341
304 347
305 0
305 312
306 0
306 4
306 78
306 181
306 195
306 218
306 273
306 275
306 328
307 0
307 40
307 71
307 230
308 0
308 7
308 21
308 22
308 26
308 31
308 66
308 67
308 87
308 136
308 142
308 161
308 172
308 203
308 213
308 246
308 252
308 277
308 304
308 322
308 323
308 329
308 334
308 338
309 0
309 36
309 127
309 135
309 184
309 197
309 251
309 281
309 284
309 320
310 0
310 14
310 17
310 28
310 32
310 41
310 93
310 111
310 137
310 151
310 167
310 243
310 337
311 0
311 132
311 248
311 265
311 277
311 325
311 344
312 0
312 2
312 14
312 17
312 19
312 20
312 28
312 41
312 44
312 111
312 115
312 116
312 137
312 140
312 144
312 149
312 151
312 162
312 214
312 220
312 226
312 243
312 262
312 305
312 326
312 343
313 0
313 13
313 21
313 26
313 39
313 54
313 56
313 60
313 63
313 67
313 82
313 84
313 98
313 113
313 118
313 119
313 128
313 146
313 170
313 172
313 199
313 203
313 211
313 222
313 223
313 238
313 239
313 252
313 261
313 265
313 271
313 285
313 314
313 315
313 325
313 339
313 342
314 0
314 50
314 65
314 82
314 96
314 109
314 161
314 199
314 236
314 261
314 271
314 313
314 342
315 0
315 1
315 5
315 7
315 9
315 21
315 26
315 40
315 53
315 56
315 67
315 80
315 87
315 94
315 98
315 105
315 121
315 122
315 128
315 132
315 133
315 136
315 142
315 158
315 169
315 170
315 185
315 188
315 199
315 203
315 211
315 213
315 223
315 224
315 231
315 236
315 246
315 249
315 252
315 257
315 271
315 277
315 280
315 285
315 288
315 291
315 302
315 303
315 304
315 313
315 322
315 323
315 324
315 329
315 339
315 345
316 0
316 5
317 0
317 40
317 53
317 101
317 132
317 146
317 158
318 0
318 62
318 82
318 104
318 119
318 123
318 169
318 236
318 261
318 271
318 334
319 0
319 6
319 19
319 89
319 95
319 147
319 219
319 327
320 0
320 36
320 48
320 57
320 80
320 94
320 108
320 127
320 135
320 139
320 159
320 184
320 197
320 251
320 272
320 281
320 284
320 300
320 309
320 329
320 346
321 0
321 143
321 175
322 0
322 1
322 7
322 9
322 21
322 25
322 26
322 30
322 38
322 40
322 45
322 48
322 53
322 56
322 60
322 62
322 67
322 75
322 85
322 87
322 88
322 104
322 109
322 118
322 122
322 126
322 128
322 130
322 133
322 136
322 142
322 158
322 161
322 169
322 170
322 178
322 185
322 186
322 188
322 199
322 200
322 203
322 207
322 213
322 221
322 224
322 232
322 236
322 239
322 242
322 246
322 250
322 252
322 257
322 260
322 271
322 276
322 277
322 280
322 285
322 290
322 297
322 303
322 304
322 308
322 315
322 323
322 329
322 339
322 341
322 342
322 345
323 0
323 3
323 9
323 10
323 21
323 25
323 26
323 56
323 62
323 67
323 75
323 85
323 96
323 100
323 103
323 109
323 119
323 122
323 141
323 142
323 170
323 186
323 188
323 200
323 239
323 248
323 258
323 271
323 274
323 277
323 280
323 285
323 290
323 297
323 308
323 315
323 322
323 332
323 341
324 0
324 22
324 27
324 67
324 109
324 118
324 119
324 136
324 150
324 199
324 200
324 203
324 213
324 217
324 224
324 238
324 252
324 277
324 297
324 301
324 304
324 315
324 329
324 331
324 332
324 340
325 0
325 13
325 21
325 25
325 26
325 40
325 56
325 59
325 67
325 82
325 98
325 104
325 109
325 113
325 118
325 119
325 122
325 158
325 161
325 172
325 186
325 199
325 200
325 203
325 211
325 222
325 223
325 238
325 239
325 252
325 261
325 265
325 268
325 271
325 277
325 304
325 311
325 313
325 342
326 0
326 2
326 14
326 17
326 20
326 28
326 41
326 111
326 115
326 116
326 137
326 140
326 144
326 149
326 162
326 214
326 226
326 312
326 343
327 0
327 89
327 95
327 319
328 0
328 4
328 78
328 181
328 195
328 218
328 273
328 275
328 306
329 0
329 9
329 16
329 27
329 30
329 40
329 54
329 72
329 106
329 119
329 130
329 150
329 172
329 178
329 184
329 197
329 202
329 204
329 231
329 269
329 272
329 280
329 284
329 291
329 308
329 315
329 320
329 322
329 324
329 332
330 0
330 48
330 53
330 80
330 92
330 94
330 101
330 196
330 204
330 242
330 249
330 254
330 266
330 299
330 302
330 346
331 0
331 16
331 25
331 30
331 50
331 56
331 73
331 82
331 98
331 109
331 118
331 119
331 172
331 186
331 203
331 211
331 265
331 271
331 324
331 332
332 0
332 10
332 13
332 16
332 21
332 25
332 26
332 38
332 40
332 48
332 53
332 56
332 67
332 77
332 98
332 104
332 106
332 109
332 119
332 122
332 142
332 158
332 169
332 170
332 172
332 200
332 203
332 208
332 213
332 224
332 231
332 248
332 252
332 271
332 277
332 280
332 285
332 291
332 304
332 323
332 324
332 329
332 331
333 0
333 2
333 20
333 149
333 162
333 214
333 226
333 343
334 0
334 9
334 21
334 26
334 40
334 50
334 56
334 66
334 67
334 113
334 123
334 128
334 132
334 134
334 142
334 165
334 169
334 170
334 188
334 200
334 203
334 229
334 252
334 277
334 304
334 308
334 318
334 339
335 0
336 0
336 25
336 88
337 0
337 32
337 41
337 93
337 111
337 137
337 167
337 243
337 310
338 0
338 29
338 31
338 203
338 239
338 252
338 308
339 0
339 7
339 22
339 31
339 38
339 65
339 87
339 103
339 119
339 129
339 136
339 146
339 148
339 152
339 158
339 161
339 168
339 246
339 260
339 277
339 291
339 313
339 315
339 322
339 334
339 340
339 347
340 0
340 7
340 213
340 246
340 324
340 339
341 0
341 9
341 56
341 62
341 170
341 186
341 188
341 203
341 274
341 304
341 322
341 323
342 0
342 9
342 13
342 21
342 56
342 59
342 63
342 67
342 98
342 113
342 118
342 119
342 122
342 123
342 165
342 170
342 172
342 188
342 199
342 203
342 211
342 223
342 238
342 252
342 261
342 265
342 271
342 277
342 285
342 290
342 313
342 314
342 322
342 325
343 0
343 2
343 14
343 19
343 20
343 41
343 44
343 111
343 115
343 116
343 144
343 149
343 162
343 214
343 226
343 312
343 326
343 333
344 0
344 67
344 104
344 122
344 185
344 212
344 239
344 257
344 311
345 0
345 21
345 45
345 67
345 122
345 142
345 159
345 178
345 186
345 213
345 252
345 261
345 285
345 303
345 315
345 322
346 0
346 1
346 24
346 53
346 57
346 80
346 92
346 94
346 101
346 127
346 130
346 180
346 184
346 187
346 194
346 196
346 204
346 242
346 249
346 254
346 266
346 272
346 299
346 300
346 302
346 320
346 330
347 0
347 7
347 22
347 129
347 168
347 304
347 339
348 34
348 107
348 173
348 198
348 349
348 350
348 351
348 352
348 353
348 354
348 355
348 356
348 357
348 358
348 359
348 360
348 361
348 362
348 363
348 364
348 365
348 366
348 367
348 368
348 369
348 370
348 371
348 372
348 373
348 374
348 375
348 376
348 377
348 378
348 379
348 380
348 381
348 382
348 383
348 384
348 385
348 386
348 387
348 388
348 389
348 390
348 391
348 392
348 393
348 394
348 395
348 396
348 397
348 398
348 399
348 400
348 401
348 402
348 403
348 404
348 405
348 406
348 407
348 408
348 409
348 410
348 411
348 412
348 413
348 414
348 415
348 416
348 417
348 418
348 419
348 420
348 421
348 422
348 423
348 424
348 425
348 426
348 427
348 428
348 429
348 430
348 431
348 432
348 433
348 434
348 435
348 436
348 437
348 438
348 439
348 440
348 441
348 442
348 443
348 444
348 445
348 446
348 447
348 448
348 449
348 450
348 451
348 452
348 453
348 454
348 455
348 456
348 457
348 458
348 459
348 460
348 461
348 462
348 463
348 464
348 465
348 466
348 467
348 468
348 469
348 470
348 471
348 472
348 473
348 474
348 475
348 476
348 477
348 478
348 479
348 480
348 481
348 482
348 483
348 484
348 485
348 486
348 487
348 488
348 489
348 490
348 491
348 492
348 493
348 494
348 495
348 496
348 497
348 498
348 499
348 500
348 501
348 502
348 503
348 504
348 505
348 506
348 507
348 508
348 509
348 510
348 511
348 512
348 513
348 514
348 515
348 516
348 517
348 518
348 519
348 520
348 521
348 522
348 523
348 524
348 525
348 526
348 527
348 528
348 529
348 530
348 531
348 532
348 533
348 534
348 535
348 536
348 537
348 538
348 539
348 540
348 541
348 542
348 543
348 544
348 545
348 546
348 547
348 548
348 549
348 550
348 551
348 552
348 553
348 554
348 555
348 556
348 557
348 558
348 559
348 560
348 561
348 562
348 563
348 564
348 565
348 566
348 567
348 568
348 569
348 570
348 571
348 572
348 1025
349 348
349 434
349 478
349 508
349 534
