3000 1684
3000 2669
3000 2679
3000 2683
3000 2689
3000 2694
3000 2706
3000 2729
3000 2738
3000 2741
3000 2743
3000 2754
3000 2756
3000 2757
3000 2763
3000 2777
3000 2786
3000 2794
3000 2800
3000 2806
3000 2810
3000 2835
3000 2839
3000 2862
3000 2867
3000 2873
3000 2874
3000 2877
3000 2880
3000 2887
3000 2890
3000 2897
3000 2906
3000 2907
3000 2909
3000 2910
3000 2915
3000 2924
3000 2925
3000 2927
3000 2928
3000 2929
3000 2943
3000 2944
3000 2945
3000 2946
3000 2953
3000 2956
3000 2960
3000 2966
3000 2969
3000 2977
3000 2986
3000 2988
3000 3023
3000 3025
3000 3026
3000 3029
3000 3054
3000 3056
3000 3073
3000 3078
3000 3084
3000 3085
3000 3090
3000 3096
3000 3104
3000 3117
3000 3119
3000 3123
3000 3135
3000 3149
3000 3158
3000 3166
3000 3174
3000 3213
3000 3220
3000 3226
3000 3232
3000 3238
3000 3257
3000 3293
3000 3348
3000 3362
3000 3363
3000 3364
3000 3387
3000 3400
3000 3417
3000 3433
3000 3435
3001 1405
3001 1684
3001 2682
3001 2696
3001 2697
3001 2724
3001 2775
3001 2820
3001 2829
3001 2870
3001 2892
3001 2934
3001 2947
3001 2951
3001 2958
3001 2962
3001 2964
3001 3019
3001 3062
3001 3154
3001 3159
3001 3162
3001 3168
3001 3178
3001 3207
3001 3223
3001 3233
3001 3244
3001 3245
3001 3246
3001 3273
3001 3295
3001 3331
3001 3356
3001 3373
3002 1684
3002 2662
3002 2686
3002 2716
3002 2720
3002 2724
3002 2728
3002 2730
3002 2739
3002 2768
3002 2775
3002 2813
3002 2830
3002 2840
3002 2845
3002 2859
3002 2868
3002 2870
3002 2871
3002 2892
3002 2921
3002 2934
3002 2951
3002 3007
3002 3019
3002 3027
3002 3034
3002 3051
3002 3072
3002 3076
3002 3077
3002 3082
3002 3086
3002 3087
3002 3089
3002 3100
3002 3113
3002 3118
3002 3150
3002 3154
3002 3162
3002 3168
3002 3176
3002 3177
3002 3186
3002 3191
3002 3207
3002 3214
3002 3221
3002 3224
3002 3233
3002 3249
3002 3263
3002 3273
3002 3287
3002 3291
3002 3295
3002 3323
3002 3329
3002 3341
3002 3346
3002 3353
3002 3356
3002 3359
3002 3366
3002 3379
3002 3385
3002 3395
3002 3397
3002 3403
3002 3412
3002 3420
3003 58
3003 171
3003 1684
3003 2838
3004 1684
3004 2664
3004 2666
3004 2669
3004 2673
3004 2679
3004 2694
3004 2706
3004 2738
3004 2745
3004 2754
3004 2757
3004 2773
3004 2777
3004 2782
3004 2800
3004 2806
3004 2839
3004 2864
3004 2867
3004 2877
3004 2880
3004 2887
3004 2890
3004 2897
3004 2906
3004 2908
3004 2909
3004 2911
3004 2912
3004 2915
3004 2919
3004 2920
3004 2927
3004 2944
3004 2960
3004 2967
3004 2986
3004 3022
3004 3023
3004 3054
3004 3078
3004 3104
3004 3117
3004 3226
3004 3232
3004 3284
3004 3324
3004 3362
3004 3363
3004 3399
3004 3417
3004 3426
3005 990
3005 1505
3005 1684
3005 2719
3005 2734
3005 2781
3005 2836
3005 2875
3005 2894
3005 2923
3005 2965
3005 3010
3005 3011
3005 3017
3005 3027
3005 3039
3005 3057
3005 3060
3005 3072
3005 3101
3005 3111
3005 3113
3005 3118
3005 3136
3005 3145
3005 3150
3005 3151
3005 3165
3005 3172
3005 3185
3005 3198
3005 3214
3005 3254
3005 3287
3005 3292
3005 3302
3005 3320
3005 3342
3005 3343
3005 3347
3005 3366
3005 3403
3005 3411
3006 1684
3006 2863
3007 1684
3007 2661
3007 2713
3007 2716
3007 2728
3007 2742
3007 2765
3007 2793
3007 2881
3007 2951
3007 2990
3007 3002
3007 3101
3007 3154
3007 3188
3007 3191
3007 3241
3007 3247
3007 3252
3007 3344
3007 3371
3007 3412
3007 3420
3007 3434
3008 1684
3008 2670
3008 2699
3008 2703
3008 2879
3008 2889
3008 2959
3008 2972
3008 2982
3008 3283
3008 3309
3008 3314
3008 3318
3008 3325
3008 3382
3008 3423
3009 1684
3009 2711
3009 2720
3009 2723
3009 2870
3009 2901
3009 2904
3009 2921
3009 2958
3009 3027
3009 3035
3009 3082
3009 3109
3009 3116
3009 3204
3009 3206
3009 3214
3009 3279
3009 3406
3010 1684
3010 2676
3010 2683
3010 2729
3010 2745
3010 2769
3010 2782
3010 2807
3010 2809
3010 2837
3010 2854
3010 2888
3010 2915
3010 2928
3010 2978
3010 3005
3010 3025
3010 3026
3010 3030
3010 3033
3010 3036
3010 3080
3010 3090
3010 3104
3010 3137
3010 3231
3010 3269
3010 3317
3010 3333
3010 3388
3010 3390
3010 3394
3011 1450
3011 1505
3011 1684
3011 2672
3011 2684
3011 2685
3011 2701
3011 2708
3011 2724
3011 2733
3011 2764
3011 2797
3011 2823
3011 2833
3011 2847
3011 2894
3011 2937
3011 2957
3011 2958
3011 2968
3011 3005
3011 3019
3011 3061
3011 3076
3011 3079
3011 3081
3011 3160
3011 3179
3011 3182
3011 3196
3011 3245
3011 3254
3011 3258
3011 3262
3011 3263
3011 3287
3011 3332
3011 3350
3011 3386
3011 3396
3011 3398
3011 3411
3012 1684
3012 2805
3012 2933
3012 2935
3012 2949
3012 2983
3012 2997
3012 3020
3012 3028
3012 3072
3012 3155
3013 1684
3013 2687
3013 2716
3013 2742
3013 2748
3013 2780
3013 2785
3013 2846
3013 2914
3013 3041
3013 3046
3013 3060
3013 3109
3013 3175
3013 3188
3013 3194
3013 3209
3013 3212
3013 3260
3013 3299
3013 3345
3013 3352
3013 3360
3013 3397
3014 1684
3014 2666
3014 2679
3014 2681
3014 2738
3014 2755
3014 2773
3014 2782
3014 2786
3014 2806
3014 2862
3014 2873
3014 2890
3014 2905
3014 2912
3014 2915
3014 2919
3014 2929
3014 2953
3014 2956
3014 2960
3014 2966
3014 2977
3014 2986
3014 2987
3014 2993
3014 2994
3014 3026
3014 3029
3014 3052
3014 3084
3014 3090
3014 3104
3014 3149
3014 3184
3014 3232
3014 3293
3014 3303
3014 3362
3014 3364
3014 3384
3014 3387
3014 3417
3015 1684
3015 2709
3015 2716
3015 2832
3015 2881
3015 2936
3015 3107
3015 3287
3015 3329
3015 3373
3016 1684
3016 2674
3016 2730
3016 2778
3016 2796
3016 2832
3016 2841
3016 2853
3016 2863
3016 2869
3016 2904
3016 2932
3016 2951
3016 3075
3016 3082
3016 3113
3016 3144
3016 3154
3016 3169
3016 3171
3016 3208
3016 3214
3016 3239
3016 3252
3016 3267
3016 3270
3016 3277
3016 3416
3016 3419
3017 1684
3017 2665
3017 2674
3017 2716
3017 2719
3017 2720
3017 2742
3017 2751
3017 2768
3017 2772
3017 2778
3017 2783
3017 2796
3017 2819
3017 2832
3017 2833
3017 2840
3017 2844
3017 2870
3017 2881
3017 2894
3017 2895
3017 2904
3017 2921
3017 2951
3017 2976
3017 2992
3017 3005
3017 3027
3017 3038
3017 3051
3017 3060
3017 3076
3017 3082
3017 3093
3017 3101
3017 3111
3017 3118
3017 3145
3017 3152
3017 3172
3017 3182
3017 3185
3017 3192
3017 3198
3017 3201
3017 3224
3017 3225
3017 3258
3017 3261
3017 3274
3017 3276
3017 3281
3017 3287
3017 3291
3017 3299
3017 3320
3017 3328
3017 3330
3017 3340
3017 3353
3017 3367
3017 3377
3017 3378
3017 3385
3017 3396
3017 3397
3017 3403
3017 3422
3017 3434
3018 1684
3018 2682
3018 2690
3018 2724
3018 2728
3018 2730
3018 2775
3018 2921
3018 2951
3018 2955
3018 3019
3018 3035
3018 3086
3018 3100
3018 3103
3018 3136
3018 3154
3018 3162
3018 3168
3018 3233
3018 3248
3018 3259
3018 3277
3018 3295
3018 3307
3018 3337
3018 3346
3018 3366
3018 3412
3018 3419
3019 1405
3019 1505
3019 1684
3019 2662
3019 2682
3019 2707
3019 2711
3019 2724
3019 2728
3019 2730
3019 2737
3019 2739
3019 2753
3019 2758
3019 2775
3019 2779
3019 2829
3019 2830
3019 2836
3019 2845
3019 2860
3019 2881
3019 2892
3019 2900
3019 2947
3019 2951
3019 2958
3019 3001
3019 3002
3019 3011
3019 3018
3019 3024
3019 3051
3019 3062
3019 3068
3019 3076
3019 3077
3019 3079
3019 3086
3019 3100
3019 3113
3019 3118
3019 3133
3019 3154
3019 3160
3019 3162
3019 3168
3019 3176
3019 3177
3019 3186
3019 3203
3019 3207
3019 3210
3019 3233
3019 3273
3019 3285
3019 3295
3019 3306
3019 3331
3019 3346
3019 3350
3019 3356
3019 3359
3019 3366
3019 3377
3019 3379
3019 3380
3019 3386
3019 3412
3019 3415
3020 1505
3020 1666
3020 1684
3020 2665
3020 2677
3020 2690
3020 2764
3020 2768
3020 2795
3020 2813
3020 2856
3020 2865
3020 2878
3020 2923
3020 2933
3020 2935
3020 2949
3020 2951
3020 2968
3020 2983
3020 2997
3020 2999
3020 3012
3020 3063
3020 3072
3020 3083
3020 3117
3020 3136
3020 3196
3020 3201
3020 3205
3020 3258
3020 3263
3020 3275
3020 3340
3020 3368
3020 3412
3021 1684
3021 2661
3021 2674
3021 2742
3021 2765
3021 2770
3021 2793
3021 2833
3021 2849
3021 2853
3021 2863
3021 2869
3021 2939
3021 2970
3021 2973
3021 3035
3021 3049
3021 3070
3021 3082
3021 3101
3021 3102
3021 3115
3021 3116
3021 3132
3021 3146
3021 3152
3021 3169
3021 3182
3021 3201
3021 3206
3021 3239
3021 3247
3021 3252
3021 3265
3021 3277
3021 3280
3021 3288
3021 3296
3021 3297
3021 3302
3021 3316
3021 3320
3021 3332
3021 3344
3021 3351
3021 3396
3021 3397
3021 3416
3021 3419
3021 3434
3022 1684
3022 2664
3022 2666
3022 2669
3022 2676
3022 2680
3022 2689
3022 2694
3022 2698
3022 2717
3022 2745
3022 2749
3022 2750
3022 2754
3022 2755
3022 2757
3022 2777
3022 2782
3022 2786
3022 2815
3022 2827
3022 2839
3022 2862
3022 2866
3022 2867
3022 2872
3022 2873
3022 2877
3022 2880
3022 2896
3022 2905
3022 2906
3022 2908
3022 2909
3022 2911
3022 2912
3022 2916
3022 2925
3022 2927
3022 2943
3022 2944
3022 2956
3022 2960
3022 2966
3022 2985
3022 2986
3022 2988
3022 3004
3022 3025
3022 3026
3022 3033
3022 3040
3022 3047
3022 3052
3022 3054
3022 3064
3022 3078
3022 3090
3022 3096
3022 3098
3022 3108
3022 3117
3022 3142
3022 3149
3022 3166
3022 3174
3022 3184
3022 3195
3022 3226
3022 3232
3022 3284
3022 3294
3022 3339
3022 3348
3022 3362
3022 3363
3022 3387
3022 3400
3022 3426
3022 3435
3023 1684
3023 2673
3023 2694
3023 2695
3023 2706
3023 2743
3023 2750
3023 2754
3023 2761
3023 2763
3023 2800
3023 2806
3023 2810
3023 2839
3023 2854
3023 2867
3023 2880
3023 2943
3023 2944
3023 2945
3023 2948
3023 2967
3023 2974
3023 3000
3023 3004
3023 3052
3023 3056
3023 3184
3023 3193
3023 3213
3023 3232
3023 3234
3023 3324
3023 3363
3023 3414
3024 1684
3024 2727
3024 2881
3024 3019
3024 3051
3024 3107
3024 3133
3024 3160
3024 3225
3024 3233
3024 3302
3024 3328
3024 3366
3024 3397
3025 1684
3025 2679
3025 2683
3025 2729
3025 2731
3025 2738
3025 2754
3025 2756
3025 2766
3025 2782
3025 2786
3025 2807
3025 2810
3025 2837
3025 2839
3025 2854
3025 2862
3025 2874
3025 2887
3025 2890
3025 2906
3025 2907
3025 2924
3025 2944
3025 2981
3025 2987
3025 2988
3025 3000
3025 3010
3025 3022
3025 3026
3025 3029
3025 3036
3025 3073
3025 3080
3025 3084
3025 3090
3025 3104
3025 3114
3025 3119
3025 3123
3025 3135
3025 3137
3025 3158
3025 3166
3025 3231
3025 3238
3025 3257
3025 3362
3025 3363
3025 3394
3025 3400
3025 3426
3025 3435
3026 1684
3026 2666
3026 2669
3026 2679
3026 2683
3026 2698
3026 2729
3026 2731
3026 2738
3026 2741
3026 2749
3026 2750
3026 2754
3026 2755
3026 2756
3026 2763
3026 2773
3026 2782
3026 2786
3026 2789
3026 2800
3026 2809
3026 2815
3026 2827
3026 2839
3026 2862
3026 2866
3026 2867
3026 2872
3026 2873
3026 2877
3026 2890
3026 2891
3026 2905
3026 2906
3026 2909
3026 2912
3026 2913
3026 2915
3026 2927
3026 2928
3026 2929
3026 2931
3026 2944
3026 2945
3026 2953
3026 2956
3026 2966
3026 2987
3026 2988
3026 2993
3026 3000
3026 3010
3026 3014
3026 3022
3026 3025
3026 3033
3026 3036
3026 3047
3026 3052
3026 3078
3026 3084
3026 3090
3026 3096
3026 3098
3026 3104
3026 3114
3026 3119
3026 3123
3026 3137
3026 3139
3026 3158
3026 3166
3026 3184
3026 3195
3026 3213
3026 3226
3026 3232
3026 3234
3026 3238
3026 3257
3026 3293
3026 3301
3026 3303
3026 3324
3026 3339
3026 3348
3026 3362
3026 3363
3026 3364
3026 3384
3026 3387
3026 3400
3026 3417
3026 3426
3026 3435
3027 1684
3027 2662
3027 2665
3027 2702
3027 2715
3027 2716
3027 2723
3027 2734
3027 2742
3027 2762
3027 2772
3027 2781
3027 2783
3027 2787
3027 2793
3027 2825
3027 2828
3027 2832
3027 2844
3027 2849
3027 2859
3027 2882
3027 2895
3027 2901
3027 2904
3027 2936
3027 2939
3027 2984
3027 2992
3027 2996
3027 3002
3027 3005
3027 3009
3027 3017
3027 3038
3027 3051
3027 3072
3027 3097
3027 3101
3027 3107
3027 3113
3027 3116
3027 3117
3027 3136
3027 3140
3027 3150
3027 3152
3027 3192
3027 3198
3027 3214
3027 3217
3027 3253
3027 3274
3027 3291
3027 3292
3027 3296
3027 3302
3027 3313
3027 3326
3027 3341
3027 3347
3027 3353
3027 3366
3027 3380
3027 3395
3027 3403
3028 1684
3028 2783
3028 2805
3028 2922
3028 2933
3028 2949
3028 2983
3028 3012
3028 3063
3028 3072
3028 3155
3028 3368
3029 1684
3029 2664
3029 2679
3029 2680
3029 2681
3029 2683
3029 2738
3029 2743
3029 2754
3029 2756
3029 2773
3029 2786
3029 2839
3029 2862
3029 2873
3029 2877
3029 2887
3029 2890
3029 2906
3029 2915
3029 2927
3029 2928
3029 2929
3029 2931
3029 2943
3029 2945
3029 2956
3029 2977
3029 2986
3029 2993
3029 2994
3029 3000
3029 3014
3029 3025
3029 3073
3029 3084
3029 3085
3029 3090
3029 3104
3029 3119
3029 3129
3029 3174
3029 3220
3029 3238
3029 3257
3029 3362
3029 3363
3029 3364
3029 3384
3029 3417
3029 3433
3029 3435
3030 1684
3030 2809
3030 2837
3030 3010
3030 3080
3030 3084
3030 3231
3030 3394
3031 1684
3032 1684
3032 2718
3032 2730
3032 2758
3032 2801
3032 2843
3032 2865
3032 2918
3032 2955
3032 3140
3032 3167
3032 3187
3032 3196
3032 3236
3032 3253
3032 3255
3032 3256
3032 3259
3032 3264
3032 3365
3032 3385
3032 3397
3033 1684
3033 2664
3033 2666
3033 2669
3033 2676
3033 2680
3033 2694
3033 2698
3033 2705
3033 2717
3033 2745
3033 2750
3033 2754
3033 2755
3033 2757
3033 2782
3033 2786
3033 2800
3033 2815
3033 2827
3033 2835
3033 2839
3033 2866
3033 2872
3033 2873
3033 2877
3033 2890
3033 2897
3033 2905
3033 2906
3033 2909
3033 2910
3033 2911
3033 2912
3033 2913
3033 2915
3033 2916
3033 2919
3033 2920
3033 2925
3033 2927
3033 2928
3033 2946
3033 2960
3033 2966
3033 2969
3033 2985
3033 2986
3033 2993
3033 2994
3033 3010
3033 3022
3033 3026
3033 3040
3033 3052
3033 3054
3033 3056
3033 3064
3033 3065
3033 3078
3033 3080
3033 3085
3033 3096
3033 3098
3033 3108
3033 3117
3033 3119
3033 3142
3033 3149
3033 3163
3033 3174
3033 3195
3033 3226
3033 3228
3033 3232
3033 3238
3033 3250
3033 3284
3033 3304
3033 3339
3033 3348
3033 3363
3033 3364
3033 3387
3033 3390
3033 3399
3033 3426
3033 3435
3034 1419
3034 1684
3034 2686
3034 2702
3034 2716
3034 2768
3034 2784
3034 2787
3034 2840
3034 2844
3034 2863
3034 2921
3034 2951
3034 3002
3034 3038
3034 3043
3034 3067
3034 3070
3034 3072
3034 3079
3034 3082
3034 3089
3034 3101
3034 3118
3034 3152
3034 3178
3034 3217
3034 3261
3034 3263
3034 3287
3034 3312
3034 3313
3034 3319
3034 3327
3034 3342
3034 3345
3034 3360
3034 3365
3034 3366
3034 3385
3034 3397
3034 3403
3034 3406
3035 1684
3035 2661
3035 2665
3035 2674
3035 2712
3035 2719
3035 2742
3035 2751
3035 2765
3035 2770
3035 2778
3035 2781
3035 2793
3035 2796
3035 2802
3035 2819
3035 2828
3035 2833
3035 2849
3035 2853
3035 2863
3035 2869
3035 2894
3035 2901
3035 2904
3035 2936
3035 2937
3035 2939
3035 2950
3035 2970
3035 2973
3035 2991
3035 2992
3035 3009
3035 3018
3035 3021
3035 3038
3035 3049
3035 3051
3035 3070
3035 3082
3035 3101
3035 3102
3035 3113
3035 3115
3035 3116
3035 3120
3035 3132
3035 3145
3035 3146
3035 3150
3035 3152
3035 3169
3035 3179
3035 3182
3035 3185
3035 3198
3035 3201
3035 3204
3035 3206
3035 3211
3035 3235
3035 3239
3035 3247
3035 3252
3035 3265
3035 3267
3035 3277
3035 3280
3035 3288
3035 3296
3035 3297
3035 3307
3035 3316
3035 3320
3035 3330
3035 3335
3035 3344
3035 3347
3035 3351
3035 3353
3035 3355
3035 3360
3035 3378
3035 3381
3035 3391
3035 3397
3035 3416
3035 3419
3035 3434
3036 1684
3036 2676
3036 2683
3036 2729
3036 2731
3036 2738
3036 2743
3036 2754
3036 2757
3036 2782
3036 2809
3036 2887
3036 2925
3036 2927
3036 2963
3036 2969
3036 2981
3036 2986
3036 2988
3036 3010
3036 3025
3036 3026
3036 3073
3036 3080
3036 3084
3036 3090
3036 3104
3036 3114
3036 3123
3036 3137
3036 3166
3036 3231
3036 3304
3036 3363
3036 3364
3036 3387
3036 3394
3036 3400
3037 1684
3037 2691
3037 2792
3038 1684
3038 2661
3038 2668
3038 2687
3038 2712
3038 2713
3038 2716
3038 2720
3038 2742
3038 2748
3038 2751
3038 2753
3038 2787
3038 2793
3038 2828
3038 2833
3038 2846
3038 2849
3038 2863
3038 2871
3038 2901
3038 2914
3038 2936
3038 2951
3038 2964
3038 2973
3038 2989
3038 2996
3038 3017
3038 3027
3038 3034
3038 3035
3038 3049
3038 3051
3038 3060
3038 3075
3038 3081
3038 3082
3038 3089
3038 3093
3038 3101
3038 3106
3038 3116
3038 3120
3038 3140
3038 3150
3038 3152
3038 3154
3038 3177
3038 3197
3038 3198
3038 3203
3038 3204
3038 3209
3038 3212
3038 3224
3038 3240
3038 3247
3038 3252
3038 3258
3038 3260
3038 3274
3038 3277
3038 3288
3038 3291
3038 3297
3038 3299
3038 3302
3038 3319
3038 3320
3038 3321
3038 3330
3038 3335
3038 3342
3038 3344
3038 3345
3038 3351
3038 3353
3038 3355
3038 3360
3038 3380
3038 3386
3038 3391
3038 3395
3038 3397
3038 3406
3038 3421
3038 3434
3039 1684
3039 2719
3039 2778
3039 2796
3039 2840
3039 2881
3039 3005
3039 3076
3039 3111
3039 3172
3039 3185
3039 3199
3039 3225
3039 3261
3039 3274
3039 3287
3039 3320
3039 3377
3039 3378
3039 3396
3039 3403
3039 3422
3040 1684
3040 2664
3040 2666
3040 2669
3040 2676
3040 2750
3040 2755
3040 2757
3040 2773
3040 2782
3040 2800
3040 2815
3040 2827
3040 2839
3040 2866
3040 2872
3040 2877
3040 2906
3040 2908
3040 2911
3040 2916
3040 2925
3040 2927
3040 2956
3040 2960
3040 2966
3040 2985
3040 2994
3040 3022
3040 3033
3040 3047
3040 3064
3040 3065
3040 3090
3040 3096
3040 3098
3040 3108
3040 3117
3040 3142
3040 3149
3040 3174
3040 3195
3040 3226
3040 3232
3040 3284
3040 3339
3040 3348
3040 3362
3040 3387
3040 3399
3040 3426
3041 1684
3041 2716
3041 2742
3041 2748
3041 2759
3041 2780
3041 2785
3041 2793
3041 2812
3041 2846
3041 2973
3041 2989
3041 3013
3041 3046
3041 3058
3041 3089
3041 3101
3041 3140
3041 3188
3041 3194
3041 3209
3041 3240
3041 3299
3041 3326
3041 3345
3041 3352
3041 3360
3042 1684
3042 2763
3042 2877
3042 2890
3042 2909
3042 2913
3042 2915
3042 2931
3042 2963
3042 2981
3042 3090
3042 3095
3042 3114
3042 3137
3042 3237
3042 3257
3042 3303
3042 3417
3042 3426
3042 3428
3043 1684
3043 2668
3043 2718
3043 2730
3043 2751
3043 2871
3043 2875
3043 2883
3043 3034
3043 3093
3043 3097
3043 3110
3043 3248
3043 3313
3043 3357
3043 3360
3043 3369
3044 1684
3044 2800
3044 2884
3044 2927
3044 3119
3044 3232
3045 1684
3045 2726
3045 2789
3045 2952
3045 2978
3045 3059
3045 3269
3045 3300
3046 1684
3046 2679
3046 2687
3046 2716
3046 2742
3046 2748
3046 2785
3046 2793
3046 2795
3046 2846
3046 2849
3046 2904
3046 2923
3046 2973
3046 2989
3046 3013
3046 3041
3046 3058
3046 3076
3046 3089
3046 3106
3046 3109
3046 3140
3046 3146
3046 3188
3046 3209
3046 3212
3046 3248
3046 3260
3046 3299
3046 3319
3046 3345
3046 3352
3046 3360
3046 3393
3046 3406
3046 3434
3047 1684
3047 2666
3047 2669
3047 2676
3047 2698
3047 2717
3047 2749
3047 2750
3047 2755
3047 2782
3047 2866
3047 2872
3047 2873
3047 2877
3047 2890
3047 2905
3047 2906
3047 2909
3047 2911
3047 2912
3047 2913
3047 2915
3047 2916
3047 2927
3047 2929
3047 2956
3047 2960
3047 2966
3047 2985
3047 2986
3047 2993
3047 2994
3047 3022
3047 3026
3047 3040
3047 3064
3047 3078
3047 3090
3047 3096
3047 3098
3047 3142
3047 3149
3047 3226
3047 3232
3047 3339
3047 3348
3047 3384
3047 3387
3047 3417
3047 3426
3048 1684
3048 2668
3048 2727
3048 2780
3048 2795
3048 2803
3048 2958
3048 3138
3048 3178
3048 3185
3048 3208
3048 3276
3048 3342
3048 3374
3048 3431
3049 1684
3049 2661
3049 2674
3049 2742
3049 2748
3049 2765
3049 2770
3049 2778
3049 2780
3049 2781
3049 2787
3049 2793
3049 2796
3049 2828
3049 2833
3049 2848
3049 2849
3049 2853
3049 2863
3049 2869
3049 2878
3049 2894
3049 2901
3049 2904
3049 2939
3049 2970
3049 2973
3049 2991
3049 3021
3049 3035
3049 3038
3049 3070
3049 3078
3049 3082
3049 3097
3049 3101
3049 3102
3049 3106
3049 3113
3049 3115
3049 3116
3049 3120
3049 3132
3049 3146
3049 3150
3049 3152
3049 3169
3049 3179
3049 3185
3049 3188
3049 3201
3049 3206
3049 3239
3049 3247
3049 3252
3049 3265
3049 3267
3049 3277
3049 3280
3049 3291
3049 3296
3049 3297
3049 3316
3049 3330
3049 3335
3049 3344
3049 3347
3049 3350
3049 3351
3049 3381
3049 3391
3049 3397
3049 3411
3049 3416
3049 3419
3049 3434
