3050 1684
3050 2667
3050 2715
3050 2739
3050 2747
3050 2795
3050 2831
3050 2832
3050 2863
3050 2865
3050 3171
3050 3214
3050 3256
3050 3296
3050 3312
3050 3335
3051 1684
3051 2662
3051 2674
3051 2684
3051 2708
3051 2716
3051 2719
3051 2720
3051 2724
3051 2737
3051 2742
3051 2748
3051 2753
3051 2775
3051 2778
3051 2793
3051 2796
3051 2823
3051 2828
3051 2833
3051 2845
3051 2863
3051 2868
3051 2869
3051 2901
3051 2936
3051 2937
3051 2939
3051 2951
3051 2964
3051 2965
3051 2973
3051 2989
3051 2991
3051 2992
3051 2995
3051 3002
3051 3017
3051 3019
3051 3024
3051 3027
3051 3035
3051 3038
3051 3060
3051 3075
3051 3082
3051 3101
3051 3102
3051 3106
3051 3113
3051 3116
3051 3132
3051 3140
3051 3145
3051 3152
3051 3154
3051 3160
3051 3162
3051 3168
3051 3170
3051 3172
3051 3182
3051 3185
3051 3186
3051 3198
3051 3201
3051 3204
3051 3224
3051 3240
3051 3252
3051 3260
3051 3261
3051 3267
3051 3274
3051 3277
3051 3280
3051 3287
3051 3288
3051 3291
3051 3296
3051 3298
3051 3299
3051 3320
3051 3321
3051 3330
3051 3332
3051 3344
3051 3347
3051 3350
3051 3351
3051 3353
3051 3355
3051 3373
3051 3378
3051 3381
3051 3386
3051 3396
3051 3397
3051 3406
3051 3419
3051 3434
3052 1684
3052 2673
3052 2698
3052 2706
3052 2750
3052 2754
3052 2761
3052 2763
3052 2782
3052 2839
3052 2872
3052 2873
3052 2877
3052 2887
3052 2890
3052 2891
3052 2905
3052 2909
3052 2915
3052 2927
3052 2948
3052 2953
3052 2966
3052 2985
3052 2987
3052 3014
3052 3022
3052 3023
3052 3026
3052 3033
3052 3090
3052 3104
3052 3149
3052 3184
3052 3193
3052 3202
3052 3226
3052 3232
3052 3234
3052 3237
3052 3286
3052 3294
3052 3303
3052 3315
3052 3324
3052 3348
3052 3362
3052 3384
3052 3387
3052 3388
3053 1684
3053 2799
3053 2861
3053 3105
3053 3122
3053 3141
3053 3200
3053 3216
3053 3218
3053 3354
3054 1684
3054 2664
3054 2669
3054 2679
3054 2680
3054 2681
3054 2705
3054 2741
3054 2743
3054 2746
3054 2754
3054 2755
3054 2757
3054 2761
3054 2777
3054 2782
3054 2786
3054 2827
3054 2839
3054 2850
3054 2862
3054 2864
3054 2867
3054 2872
3054 2873
3054 2877
3054 2880
3054 2896
3054 2897
3054 2906
3054 2909
3054 2910
3054 2911
3054 2913
3054 2915
3054 2916
3054 2919
3054 2920
3054 2925
3054 2927
3054 2928
3054 2931
3054 2940
3054 2943
3054 2946
3054 2966
3054 2967
3054 2969
3054 2974
3054 2985
3054 2986
3054 3000
3054 3004
3054 3022
3054 3033
3054 3056
3054 3064
3054 3065
3054 3078
3054 3084
3054 3085
3054 3096
3054 3114
3054 3119
3054 3149
3054 3153
3054 3174
3054 3184
3054 3195
3054 3226
3054 3228
3054 3232
3054 3243
3054 3284
3054 3303
3054 3315
3054 3324
3054 3348
3054 3363
3054 3387
3054 3399
3054 3426
3054 3433
3055 1684
3055 2774
3055 2817
3055 3074
3055 3127
3055 3147
3056 1684
3056 2669
3056 2676
3056 2679
3056 2680
3056 2681
3056 2689
3056 2694
3056 2705
3056 2706
3056 2717
3056 2741
3056 2743
3056 2746
3056 2749
3056 2750
3056 2754
3056 2755
3056 2757
3056 2763
3056 2777
3056 2800
3056 2810
3056 2815
3056 2839
3056 2866
3056 2867
3056 2872
3056 2880
3056 2896
3056 2897
3056 2906
3056 2907
3056 2910
3056 2916
3056 2919
3056 2925
3056 2927
3056 2928
3056 2931
3056 2940
3056 2943
3056 2944
3056 2945
3056 2960
3056 2966
3056 2969
3056 2974
3056 2986
3056 3000
3056 3023
3056 3033
3056 3054
3056 3065
3056 3073
3056 3078
3056 3085
3056 3096
3056 3098
3056 3117
3056 3129
3056 3135
3056 3184
3056 3193
3056 3195
3056 3220
3056 3226
3056 3228
3056 3232
3056 3284
3056 3286
3056 3301
3056 3304
3056 3348
3056 3363
3056 3387
3056 3426
3056 3433
3057 990
3057 1656
3057 1684
3057 1726
3057 2678
3057 2734
3057 2760
3057 2882
3057 2964
3057 3005
3057 3061
3057 3164
3057 3222
3057 3263
3057 3278
3057 3396
3057 3432
3058 1684
3058 2716
3058 2742
3058 2748
3058 2785
3058 2846
3058 3041
3058 3046
3058 3188
3058 3209
3058 3212
3058 3299
3058 3345
3058 3352
3058 3360
3059 1684
3059 2789
3059 2978
3059 3045
3059 3300
3060 1684
3060 2661
3060 2684
3060 2716
3060 2719
3060 2720
3060 2733
3060 2742
3060 2748
3060 2753
3060 2778
3060 2781
3060 2783
3060 2793
3060 2796
3060 2823
3060 2828
3060 2833
3060 2840
3060 2845
3060 2869
3060 2875
3060 2894
3060 2936
3060 2937
3060 2950
3060 2965
3060 2973
3060 2976
3060 2991
3060 2992
3060 3005
3060 3013
3060 3017
3060 3038
3060 3051
3060 3076
3060 3079
3060 3082
3060 3101
3060 3102
3060 3111
3060 3112
3060 3113
3060 3116
3060 3132
3060 3140
3060 3145
3060 3150
3060 3152
3060 3172
3060 3179
3060 3182
3060 3185
3060 3199
3060 3201
3060 3209
3060 3258
3060 3260
3060 3272
3060 3280
3060 3287
3060 3291
3060 3298
3060 3320
3060 3328
3060 3330
3060 3332
3060 3347
3060 3350
3060 3360
3060 3367
3060 3378
3060 3381
3060 3396
3060 3397
3060 3403
3060 3411
3061 1684
3061 2685
3061 2724
3061 2865
3061 2957
3061 2995
3061 3011
3061 3057
3061 3081
3061 3263
3061 3266
3061 3308
3061 3398
3061 3405
3062 1505
3062 1684
3062 2707
3062 2711
3062 2724
3062 2730
3062 2739
3062 2775
3062 2829
3062 2871
3062 2938
3062 2947
3062 2964
3062 2995
3062 3001
3062 3019
3062 3069
3062 3100
3062 3154
3062 3162
3062 3168
3062 3177
3062 3219
3062 3233
3062 3289
3062 3295
3062 3306
3062 3331
3062 3343
3062 3366
3062 3373
3062 3395
3063 1684
3063 2933
3063 2935
3063 2949
3063 2983
3063 2997
3063 3020
3063 3028
3063 3072
3063 3155
3063 3368
3064 1684
3064 2664
3064 2666
3064 2669
3064 2676
3064 2680
3064 2689
3064 2694
3064 2698
3064 2717
3064 2750
3064 2754
3064 2755
3064 2757
3064 2759
3064 2777
3064 2782
3064 2815
3064 2827
3064 2839
3064 2866
3064 2867
3064 2872
3064 2877
3064 2880
3064 2897
3064 2905
3064 2909
3064 2910
3064 2911
3064 2912
3064 2913
3064 2915
3064 2916
3064 2920
3064 2925
3064 2940
3064 2944
3064 2960
3064 2985
3064 2986
3064 3022
3064 3033
3064 3040
3064 3047
3064 3054
3064 3065
3064 3078
3064 3096
3064 3098
3064 3108
3064 3142
3064 3149
3064 3163
3064 3174
3064 3195
3064 3226
3064 3232
3064 3284
3064 3339
3064 3348
3064 3363
3064 3399
3064 3426
3065 1684
3065 2669
3065 2676
3065 2689
3065 2694
3065 2717
3065 2754
3065 2755
3065 2757
3065 2815
3065 2827
3065 2839
3065 2864
3065 2866
3065 2872
3065 2880
3065 2906
3065 2910
3065 2911
3065 2916
3065 2917
3065 2925
3065 2927
3065 2943
3065 2944
3065 2946
3065 2948
3065 2960
3065 2966
3065 2969
3065 2986
3065 3033
3065 3040
3065 3054
3065 3056
3065 3064
3065 3078
3065 3085
3065 3096
3065 3108
3065 3174
3065 3184
3065 3195
3065 3226
3065 3228
3065 3232
3065 3284
3065 3301
3065 3362
3065 3363
3065 3387
3065 3399
3065 3433
3066 1684
3066 2886
3066 2933
3066 2935
3066 2949
3066 2983
3066 2999
3066 3072
3066 3083
3066 3126
3066 3128
3066 3155
3066 3322
3066 3336
3067 1684
3067 2700
3067 2785
3067 2818
3067 2955
3067 3034
3067 3079
3067 3089
3067 3157
3067 3164
3067 3189
3067 3261
3067 3327
3068 1684
3068 2682
3068 2724
3068 2739
3068 2779
3068 2829
3068 2941
3068 3019
3068 3086
3068 3154
3068 3162
3068 3168
3068 3176
3068 3366
3068 3412
3068 3415
3069 1684
3069 2693
3069 2724
3069 2739
3069 2779
3069 2829
3069 3062
3069 3088
3069 3140
3069 3154
3069 3162
3069 3168
3069 3191
3069 3334
3069 3366
3069 3397
3070 1684
3070 2661
3070 2674
3070 2712
3070 2716
3070 2720
3070 2742
3070 2748
3070 2753
3070 2765
3070 2770
3070 2787
3070 2793
3070 2849
3070 2853
3070 2863
3070 2901
3070 2939
3070 2950
3070 2970
3070 2973
3070 2989
3070 2991
3070 3021
3070 3034
3070 3035
3070 3049
3070 3082
3070 3101
3070 3106
3070 3116
3070 3120
3070 3132
3070 3140
3070 3146
3070 3150
3070 3152
3070 3154
3070 3169
3070 3198
3070 3201
3070 3206
3070 3239
3070 3240
3070 3247
3070 3252
3070 3265
3070 3267
3070 3277
3070 3297
3070 3302
3070 3316
3070 3330
3070 3344
3070 3350
3070 3351
3070 3355
3070 3386
3070 3391
3070 3397
3070 3416
3070 3434
3071 1684
3072 1684
3072 2768
3072 2784
3072 2785
3072 2787
3072 2793
3072 2844
3072 2858
3072 2914
3072 2933
3072 2935
3072 2983
3072 2997
3072 2999
3072 3002
3072 3005
3072 3012
3072 3020
3072 3027
3072 3028
3072 3034
3072 3063
3072 3066
3072 3086
3072 3097
3072 3101
3072 3118
3072 3150
3072 3152
3072 3155
3072 3192
3072 3211
3072 3212
3072 3214
3072 3248
3072 3253
3072 3263
3072 3287
3072 3302
3072 3305
3072 3329
3072 3342
3072 3353
3072 3368
3072 3385
3072 3403
3073 1684
3073 2679
3073 2689
3073 2729
3073 2743
3073 2749
3073 2750
3073 2756
3073 2777
3073 2786
3073 2794
3073 2800
3073 2810
3073 2839
3073 2862
3073 2864
3073 2867
3073 2874
3073 2877
3073 2880
3073 2887
3073 2890
3073 2891
3073 2896
3073 2897
3073 2907
3073 2910
3073 2915
3073 2919
3073 2920
3073 2927
3073 2928
3073 2931
3073 2943
3073 2944
3073 2945
3073 2953
3073 2960
3073 2974
3073 2981
3073 2986
3073 2988
3073 2994
3073 3000
3073 3025
3073 3029
3073 3036
3073 3056
3073 3078
3073 3114
3073 3119
3073 3135
3073 3137
3073 3158
3073 3163
3073 3220
3073 3232
3073 3284
3073 3293
3073 3363
3073 3417
3073 3433
3074 1684
3074 2774
3074 2817
3074 3055
3074 3127
3074 3147
3075 1684
3075 2686
3075 2735
3075 2753
3075 2772
3075 2825
3075 2844
3075 2858
3075 2859
3075 2921
3075 2934
3075 2950
3075 2951
3075 2989
3075 3016
3075 3038
3075 3051
3075 3097
3075 3198
3075 3313
3075 3323
3075 3357
3075 3397
3076 1684
3076 2661
3076 2672
3076 2684
3076 2701
3076 2708
3076 2718
3076 2719
3076 2720
3076 2733
3076 2742
3076 2748
3076 2778
3076 2781
3076 2783
3076 2796
3076 2797
3076 2823
3076 2828
3076 2833
3076 2845
3076 2849
3076 2875
3076 2881
3076 2894
3076 2937
3076 2950
3076 2958
3076 2976
3076 3002
3076 3011
3076 3017
3076 3019
3076 3039
3076 3046
3076 3060
3076 3079
3076 3082
3076 3101
3076 3111
3076 3113
3076 3115
3076 3116
3076 3132
3076 3136
3076 3145
3076 3150
3076 3152
3076 3172
3076 3179
3076 3182
3076 3185
3076 3199
3076 3201
3076 3204
3076 3206
3076 3225
3076 3258
3076 3261
3076 3262
3076 3272
3076 3274
3076 3279
3076 3280
3076 3281
3076 3287
3076 3289
3076 3291
3076 3296
3076 3298
3076 3313
3076 3320
3076 3332
3076 3347
3076 3350
3076 3353
3076 3367
3076 3377
3076 3378
3076 3381
3076 3396
3076 3397
3076 3403
3076 3411
3076 3422
3076 3434
3077 1684
3077 2671
3077 2711
3077 2713
3077 2716
3077 2721
3077 2724
3077 2728
3077 2730
3077 2734
3077 2768
3077 2779
3077 2824
3077 2829
3077 2868
3077 2870
3077 2892
3077 2900
3077 2934
3077 2951
3077 2962
3077 2968
3077 3002
3077 3019
3077 3086
3077 3091
3077 3103
3077 3118
3077 3125
3077 3154
3077 3162
3077 3168
3077 3176
3077 3177
3077 3203
3077 3207
3077 3223
3077 3233
3077 3241
3077 3244
3077 3253
3077 3263
3077 3273
3077 3285
3077 3295
3077 3342
3077 3356
3077 3361
3077 3366
3077 3371
3077 3373
3077 3410
3077 3412
3077 3415
3077 3420
3078 1684
3078 2664
3078 2666
3078 2669
3078 2676
3078 2679
3078 2680
3078 2689
3078 2694
3078 2698
3078 2717
3078 2741
3078 2745
3078 2749
3078 2750
3078 2754
3078 2755
3078 2757
3078 2773
3078 2777
3078 2782
3078 2786
3078 2800
3078 2815
3078 2827
3078 2839
3078 2864
3078 2866
3078 2867
3078 2872
3078 2873
3078 2877
3078 2880
3078 2890
3078 2896
3078 2905
3078 2906
3078 2909
3078 2910
3078 2911
3078 2912
3078 2913
3078 2915
3078 2916
3078 2919
3078 2920
3078 2927
3078 2928
3078 2931
3078 2940
3078 2943
3078 2944
3078 2956
3078 2960
3078 2966
3078 2969
3078 2974
3078 2985
3078 2986
3078 2988
3078 2994
3078 3000
3078 3004
3078 3022
3078 3026
3078 3033
3078 3047
3078 3049
3078 3054
3078 3056
3078 3064
3078 3065
3078 3073
3078 3085
3078 3090
3078 3096
3078 3098
3078 3104
3078 3108
3078 3117
3078 3129
3078 3142
3078 3149
3078 3174
3078 3195
3078 3226
3078 3232
3078 3250
3078 3284
3078 3293
3078 3301
3078 3339
3078 3348
3078 3363
3078 3364
3078 3384
3078 3387
3078 3426
3078 3435
3079 1505
3079 1684
3079 2672
3079 2684
3079 2701
3079 2708
3079 2719
3079 2733
3079 2742
3079 2753
3079 2797
3079 2823
3079 2833
3079 2875
3079 2894
3079 2937
3079 2958
3079 2992
3079 3011
3079 3019
3079 3034
3079 3060
3079 3067
3079 3076
3079 3160
3079 3172
3079 3179
3079 3182
3079 3258
3079 3262
3079 3288
3079 3320
3079 3332
3079 3350
3079 3351
3079 3386
3079 3396
3079 3411
3079 3434
3080 1684
3080 2676
3080 2683
3080 2729
3080 2745
3080 2807
3080 2809
3080 2837
3080 2854
3080 2928
3080 2978
3080 3010
3080 3025
3080 3030
3080 3033
3080 3036
3080 3090
3080 3104
3080 3137
3080 3231
3080 3269
3080 3317
3080 3333
3080 3363
3080 3388
3080 3390
3080 3394
3080 3400
3081 1684
3081 2685
3081 2718
3081 2724
3081 2758
3081 2785
3081 2841
3081 2865
3081 2957
3081 2979
3081 2997
3081 3011
3081 3038
3081 3061
3081 3138
3081 3196
3081 3208
3081 3259
3081 3263
3081 3266
3081 3308
3081 3341
3081 3365
3081 3398
3081 3405
3082 1684
3082 2661
3082 2665
3082 2674
3082 2713
3082 2716
3082 2719
3082 2720
3082 2730
3082 2742
3082 2748
3082 2753
3082 2765
3082 2778
3082 2781
3082 2787
3082 2793
3082 2796
3082 2823
3082 2828
3082 2832
3082 2833
3082 2840
3082 2849
3082 2853
3082 2863
3082 2869
3082 2901
3082 2904
3082 2936
3082 2937
3082 2939
3082 2951
3082 2970
3082 2973
3082 2989
3082 2991
3082 2992
3082 3002
3082 3009
3082 3016
3082 3017
3082 3021
3082 3034
3082 3035
3082 3038
3082 3049
3082 3051
3082 3060
3082 3070
3082 3076
3082 3101
3082 3106
3082 3113
3082 3115
3082 3116
3082 3120
3082 3132
3082 3140
3082 3145
3082 3146
3082 3148
3082 3150
3082 3152
3082 3169
3082 3172
3082 3182
3082 3185
3082 3191
3082 3198
3082 3201
3082 3203
3082 3204
3082 3206
3082 3224
3082 3239
3082 3240
3082 3247
3082 3252
3082 3260
3082 3265
3082 3267
3082 3272
3082 3277
3082 3280
3082 3291
3082 3297
3082 3299
3082 3306
3082 3316
3082 3320
3082 3321
3082 3330
3082 3332
3082 3335
3082 3342
3082 3344
3082 3345
3082 3347
3082 3350
3082 3351
3082 3355
3082 3357
3082 3378
3082 3381
3082 3386
3082 3391
3082 3396
3082 3397
3082 3406
3082 3409
3082 3411
3082 3416
3082 3419
3082 3421
3082 3434
3083 1684
3083 2886
3083 2949
3083 2983
3083 2999
3083 3020
3083 3066
3083 3126
3083 3128
3083 3322
3084 1684
3084 2663
3084 2666
3084 2669
3084 2679
3084 2683
3084 2729
3084 2731
3084 2738
3084 2741
3084 2755
3084 2756
3084 2773
3084 2782
3084 2786
3084 2789
3084 2807
3084 2810
3084 2851
3084 2862
3084 2866
3084 2872
3084 2873
3084 2874
3084 2887
3084 2890
3084 2905
3084 2915
3084 2919
3084 2928
3084 2929
3084 2944
3084 2953
3084 2956
3084 2963
3084 2966
3084 2977
3084 2987
3084 2988
3084 2993
3084 2994
3084 3000
3084 3014
3084 3025
3084 3026
3084 3029
3084 3030
3084 3036
3084 3054
3084 3090
3084 3104
3084 3114
3084 3119
3084 3123
3084 3130
3084 3137
3084 3149
3084 3158
3084 3166
3084 3232
3084 3238
3084 3243
3084 3257
3084 3293
3084 3300
3084 3324
3084 3339
3084 3362
3084 3364
3084 3384
3084 3387
3084 3400
3084 3417
3084 3426
3084 3433
3084 3435
3085 1684
3085 2669
3085 2676
3085 2680
3085 2681
3085 2689
3085 2694
3085 2705
3085 2717
3085 2741
3085 2743
3085 2749
3085 2754
3085 2777
3085 2782
3085 2800
3085 2815
3085 2839
3085 2867
3085 2880
3085 2896
3085 2916
3085 2919
3085 2920
3085 2924
3085 2925
3085 2927
3085 2931
3085 2943
3085 2944
3085 2946
3085 2966
3085 2969
3085 2986
3085 3000
3085 3029
3085 3033
3085 3054
3085 3056
3085 3065
3085 3078
3085 3108
3085 3129
3085 3193
3085 3228
3085 3232
3085 3238
3085 3250
3085 3284
3085 3304
3085 3348
3085 3363
3086 1684
3086 2688
3086 2713
3086 2724
3086 2728
3086 2730
3086 2779
3086 2829
3086 2892
3086 2951
3086 3002
3086 3018
3086 3019
3086 3068
3086 3072
3086 3077
3086 3103
3086 3136
3086 3154
3086 3162
3086 3168
3086 3176
3086 3177
3086 3207
3086 3233
3086 3241
3086 3263
3086 3285
3086 3295
3086 3346
3086 3356
3086 3366
3086 3371
3086 3379
3086 3410
3086 3412
3086 3420
3087 1684
3087 2667
3087 2675
3087 2715
3087 2718
3087 2720
3087 2730
3087 2758
3087 2783
3087 2787
3087 2812
3087 2816
3087 2843
3087 2844
3087 2865
3087 2871
3087 2918
3087 2932
3087 2938
3087 2950
3087 2951
3087 2955
3087 2989
3087 3002
3087 3107
3087 3136
3087 3187
3087 3196
3087 3219
3087 3236
3087 3249
3087 3253
3087 3255
3087 3256
3087 3264
3087 3289
3087 3296
3087 3299
3087 3313
3087 3321
3087 3327
3087 3337
3087 3338
3087 3358
3087 3365
3087 3369
3087 3385
3087 3395
3087 3404
3087 3406
3087 3427
3088 1684
3088 2791
3088 2904
3088 3069
3088 3116
3088 3208
3088 3272
3088 3280
3088 3291
3088 3298
3089 1684
3089 2687
3089 2716
3089 2720
3089 2729
3089 2742
3089 2748
3089 2780
3089 2785
3089 2793
3089 2833
3089 2841
3089 2846
3089 2849
3089 2904
3089 2973
3089 2976
3089 2989
3089 3002
3089 3034
3089 3038
3089 3041
3089 3046
3089 3067
3089 3101
3089 3106
3089 3109
3089 3116
3089 3118
3089 3120
3089 3160
3089 3188
3089 3194
3089 3209
3089 3212
3089 3240
3089 3252
3089 3260
3089 3263
3089 3287
3089 3299
3089 3319
3089 3321
3089 3332
3089 3344
3089 3345
3089 3355
3089 3360
3089 3393
3089 3397
3089 3403
3089 3406
3090 1684
3090 2663
3090 2664
3090 2666
3090 2679
3090 2681
3090 2683
3090 2694
3090 2698
3090 2710
3090 2726
3090 2729
3090 2731
3090 2738
3090 2750
3090 2754
3090 2755
3090 2756
3090 2757
3090 2769
3090 2773
3090 2782
3090 2786
3090 2800
3090 2809
3090 2810
3090 2815
3090 2827
3090 2851
3090 2862
3090 2866
3090 2872
3090 2873
3090 2877
3090 2887
3090 2888
3090 2890
3090 2905
3090 2909
3090 2910
3090 2911
3090 2912
3090 2913
3090 2915
3090 2916
3090 2924
3090 2927
3090 2928
3090 2929
3090 2931
3090 2944
3090 2945
3090 2953
3090 2956
3090 2966
3090 2978
3090 2987
3090 2988
3090 2993
3090 2994
3090 3000
3090 3010
3090 3014
3090 3022
3090 3025
3090 3026
3090 3029
3090 3036
3090 3040
3090 3042
3090 3047
3090 3052
3090 3078
3090 3080
3090 3084
3090 3104
3090 3114
3090 3119
3090 3123
3090 3137
3090 3139
3090 3142
3090 3158
3090 3163
3090 3195
3090 3220
3090 3229
3090 3231
3090 3232
3090 3238
3090 3250
3090 3257
3090 3293
3090 3303
3090 3324
3090 3326
3090 3339
3090 3362
3090 3363
3090 3364
3090 3384
3090 3387
3090 3392
3090 3417
3090 3426
3090 3430
3090 3433
3090 3435
3091 1684
3091 2671
3091 2721
3091 2824
3091 2962
3091 3077
3092 1684
3092 2738
3092 2915
3092 2967
3092 3104
3092 3213
3092 3226
3092 3237
3092 3303
3092 3324
3092 3362
3093 1684
3093 2668
3093 2751
3093 2772
3093 3017
3093 3038
3093 3043
3093 3154
3093 3171
3093 3177
3093 3204
3093 3274
3093 3291
3093 3342
3093 3357
3093 3380
3094 1684
3094 2765
3094 2863
3094 2939
3094 3145
3094 3204
3094 3267
3095 1684
3095 2710
3095 2759
3095 2851
3095 2854
3095 2877
3095 3042
3095 3137
3095 3139
3095 3143
3095 3153
3095 3303
3095 3324
3095 3392
3095 3426
3096 1684
3096 2664
3096 2666
3096 2669
3096 2676
3096 2680
3096 2683
3096 2689
3096 2694
3096 2698
3096 2706
3096 2717
3096 2749
3096 2750
3096 2754
3096 2755
3096 2757
3096 2773
3096 2777
3096 2782
3096 2800
3096 2815
3096 2827
3096 2839
3096 2852
3096 2864
3096 2866
3096 2872
3096 2877
3096 2906
3096 2908
3096 2911
3096 2913
3096 2915
3096 2916
3096 2925
3096 2927
3096 2928
3096 2940
3096 2943
3096 2960
3096 2966
3096 2969
3096 2974
3096 2986
3096 3000
3096 3022
3096 3026
3096 3033
3096 3040
3096 3047
3096 3054
3096 3056
3096 3064
3096 3065
3096 3078
3096 3098
3096 3108
3096 3142
3096 3149
3096 3163
3096 3174
3096 3184
3096 3195
3096 3226
3096 3232
3096 3284
3096 3301
3096 3339
3096 3348
3096 3362
3096 3363
3096 3384
3096 3387
3096 3399
3096 3426
3097 1656
3097 1684
3097 2674
3097 2716
3097 2730
3097 2768
3097 2787
3097 2793
3097 2841
3097 2858
3097 2863
3097 2946
3097 2951
3097 2968
3097 2996
3097 3027
3097 3043
3097 3049
3097 3072
3097 3075
3097 3101
3097 3107
3097 3117
3097 3124
3097 3136
3097 3150
3097 3157
3097 3177
3097 3214
3097 3215
3097 3236
3097 3274
3097 3275
3097 3279
3097 3299
3097 3302
3097 3329
3097 3340
3097 3342
3097 3345
3097 3360
3098 1684
3098 2664
3098 2666
3098 2669
3098 2676
3098 2698
3098 2717
3098 2738
3098 2741
3098 2750
3098 2755
3098 2757
3098 2777
3098 2800
3098 2815
3098 2827
3098 2839
3098 2864
3098 2866
3098 2867
3098 2872
3098 2877
3098 2880
3098 2897
3098 2905
3098 2906
3098 2911
3098 2912
3098 2913
3098 2916
3098 2920
3098 2924
3098 2925
3098 2931
3098 2944
3098 2945
3098 2961
3098 2966
3098 2969
3098 2986
3098 3022
3098 3026
3098 3033
3098 3040
3098 3047
3098 3056
3098 3064
3098 3078
3098 3096
3098 3108
3098 3117
3098 3119
3098 3129
3098 3142
3098 3149
3098 3195
3098 3226
3098 3232
3098 3301
3098 3339
3098 3348
3098 3362
3098 3363
3098 3364
3098 3387
3099 1684
3099 2667
3099 2690
3099 2784
3099 2856
3099 2868
3099 3242
3099 3329
3099 3349
3099 3369
