3100 1405
3100 1666
3100 1684
3100 2682
3100 2690
3100 2719
3100 2724
3100 2727
3100 2730
3100 2778
3100 2781
3100 2803
3100 2947
3100 2951
3100 2958
3100 3002
3100 3018
3100 3019
3100 3062
3100 3111
3100 3118
3100 3145
3100 3154
3100 3162
3100 3168
3100 3179
3100 3182
3100 3233
3100 3295
3100 3320
3100 3337
3100 3346
3100 3350
3100 3366
3101 1534
3101 1684
3101 2661
3101 2674
3101 2712
3101 2716
3101 2719
3101 2742
3101 2748
3101 2753
3101 2765
3101 2770
3101 2778
3101 2780
3101 2781
3101 2785
3101 2787
3101 2793
3101 2796
3101 2828
3101 2833
3101 2844
3101 2849
3101 2853
3101 2863
3101 2869
3101 2875
3101 2883
3101 2901
3101 2914
3101 2936
3101 2937
3101 2939
3101 2950
3101 2970
3101 2973
3101 2979
3101 2989
3101 2991
3101 2992
3101 3005
3101 3007
3101 3017
3101 3021
3101 3027
3101 3034
3101 3035
3101 3038
3101 3041
3101 3049
3101 3051
3101 3060
3101 3070
3101 3072
3101 3076
3101 3082
3101 3089
3101 3097
3101 3102
3101 3106
3101 3110
3101 3113
3101 3115
3101 3116
3101 3120
3101 3132
3101 3140
3101 3145
3101 3146
3101 3150
3101 3152
3101 3155
3101 3169
3101 3179
3101 3182
3101 3185
3101 3188
3101 3198
3101 3201
3101 3206
3101 3214
3101 3224
3101 3225
3101 3239
3101 3240
3101 3247
3101 3252
3101 3253
3101 3261
3101 3265
3101 3267
3101 3277
3101 3280
3101 3288
3101 3291
3101 3296
3101 3297
3101 3302
3101 3316
3101 3320
3101 3330
3101 3332
3101 3335
3101 3344
3101 3347
3101 3350
3101 3351
3101 3353
3101 3355
3101 3360
3101 3366
3101 3373
3101 3381
3101 3385
3101 3391
3101 3397
3101 3403
3101 3406
3101 3411
3101 3416
3101 3419
3101 3434
3102 1684
3102 2661
3102 2674
3102 2719
3102 2742
3102 2765
3102 2770
3102 2778
3102 2780
3102 2828
3102 2833
3102 2849
3102 2853
3102 2863
3102 2939
3102 2970
3102 2991
3102 2992
3102 3021
3102 3035
3102 3049
3102 3051
3102 3060
3102 3101
3102 3116
3102 3132
3102 3145
3102 3146
3102 3150
3102 3152
3102 3169
3102 3179
3102 3185
3102 3201
3102 3239
3102 3247
3102 3252
3102 3265
3102 3267
3102 3277
3102 3280
3102 3297
3102 3320
3102 3330
3102 3344
3102 3347
3102 3351
3102 3416
3102 3434
3103 1684
3103 2677
3103 2713
3103 2728
3103 2793
3103 2951
3103 3018
3103 3077
3103 3086
3103 3136
3103 3150
3103 3176
3103 3207
3103 3241
3103 3285
3103 3359
3103 3371
3103 3410
3103 3412
3103 3420
3104 1684
3104 2663
3104 2664
3104 2669
3104 2679
3104 2683
3104 2694
3104 2698
3104 2726
3104 2729
3104 2738
3104 2750
3104 2754
3104 2756
3104 2757
3104 2773
3104 2782
3104 2786
3104 2789
3104 2809
3104 2835
3104 2839
3104 2854
3104 2862
3104 2864
3104 2873
3104 2874
3104 2877
3104 2890
3104 2905
3104 2906
3104 2909
3104 2913
3104 2915
3104 2919
3104 2928
3104 2929
3104 2944
3104 2946
3104 2953
3104 2956
3104 2960
3104 2966
3104 2969
3104 2977
3104 2978
3104 2987
3104 2988
3104 2993
3104 2994
3104 3000
3104 3004
3104 3010
3104 3014
3104 3025
3104 3026
3104 3029
3104 3036
3104 3052
3104 3078
3104 3080
3104 3084
3104 3090
3104 3092
3104 3114
3104 3119
3104 3123
3104 3130
3104 3137
3104 3232
3104 3243
3104 3293
3104 3294
3104 3324
3104 3339
3104 3362
3104 3363
3104 3364
3104 3384
3104 3390
3104 3417
3104 3426
3104 3435
3105 1684
3105 2754
3105 2776
3105 2799
3105 2975
3105 3053
3105 3122
3105 3141
3105 3200
3105 3218
3105 3251
3105 3354
3106 1684
3106 2713
3106 2716
3106 2719
3106 2720
3106 2742
3106 2748
3106 2753
3106 2793
3106 2802
3106 2828
3106 2849
3106 2853
3106 2901
3106 2936
3106 2951
3106 2970
3106 2973
3106 2989
3106 2991
3106 2992
3106 3038
3106 3046
3106 3049
3106 3051
3106 3070
3106 3082
3106 3089
3106 3101
3106 3116
3106 3120
3106 3146
3106 3154
3106 3160
3106 3169
3106 3191
3106 3198
3106 3201
3106 3203
3106 3224
3106 3239
3106 3240
3106 3247
3106 3252
3106 3267
3106 3291
3106 3299
3106 3319
3106 3320
3106 3321
3106 3330
3106 3332
3106 3342
3106 3344
3106 3345
3106 3355
3106 3386
3106 3391
3106 3397
3106 3406
3106 3416
3106 3434
3107 1684
3107 2662
3107 2665
3107 2675
3107 2686
3107 2696
3107 2702
3107 2716
3107 2718
3107 2748
3107 2772
3107 2859
3107 2870
3107 2871
3107 2921
3107 2932
3107 2950
3107 2951
3107 2965
3107 2984
3107 2992
3107 3015
3107 3024
3107 3027
3107 3087
3107 3097
3107 3117
3107 3154
3107 3186
3107 3187
3107 3198
3107 3215
3107 3219
3107 3242
3107 3246
3107 3263
3107 3275
3107 3288
3107 3291
3107 3313
3107 3323
3107 3330
3107 3337
3107 3340
3107 3341
3107 3342
3107 3343
3107 3379
3107 3395
3107 3403
3107 3421
3108 1684
3108 2664
3108 2666
3108 2669
3108 2676
3108 2679
3108 2689
3108 2694
3108 2717
3108 2749
3108 2750
3108 2754
3108 2755
3108 2757
3108 2777
3108 2782
3108 2815
3108 2827
3108 2839
3108 2864
3108 2866
3108 2872
3108 2905
3108 2906
3108 2908
3108 2910
3108 2911
3108 2916
3108 2917
3108 2919
3108 2920
3108 2925
3108 2927
3108 2940
3108 2943
3108 2944
3108 2960
3108 2966
3108 2969
3108 2974
3108 2985
3108 2986
3108 2994
3108 3022
3108 3033
3108 3040
3108 3064
3108 3065
3108 3078
3108 3085
3108 3096
3108 3098
3108 3149
3108 3195
3108 3226
3108 3232
3108 3250
3108 3284
3108 3339
3108 3348
3108 3363
3108 3387
3108 3426
3109 1684
3109 2716
3109 2778
3109 2780
3109 2785
3109 2846
3109 2904
3109 3009
3109 3013
3109 3046
3109 3089
3109 3188
3109 3212
3109 3260
3109 3299
3109 3345
3109 3360
3109 3415
3110 1684
3110 2668
3110 2716
3110 2730
3110 2795
3110 2901
3110 3043
3110 3101
3110 3138
3110 3178
3110 3302
3110 3313
3110 3327
3110 3369
3110 3374
3110 3403
3110 3421
3111 1666
3111 1684
3111 2686
3111 2719
3111 2778
3111 2796
3111 2840
3111 2871
3111 2875
3111 2881
3111 2894
3111 2932
3111 2958
3111 2976
3111 3005
3111 3017
3111 3039
3111 3060
3111 3076
3111 3100
3111 3118
3111 3136
3111 3145
3111 3150
3111 3157
3111 3172
3111 3185
3111 3189
3111 3219
3111 3224
3111 3225
3111 3240
3111 3253
3111 3261
3111 3274
3111 3279
3111 3280
3111 3287
3111 3298
3111 3302
3111 3320
3111 3342
3111 3350
3111 3353
3111 3377
3111 3378
3111 3395
3111 3396
3111 3403
3111 3415
3111 3422
3111 3434
3112 1684
3112 2778
3112 2840
3112 2881
3112 2894
3112 3060
3112 3172
3112 3185
3112 3280
3112 3298
3112 3378
3112 3422
3113 1684
3113 2672
3113 2674
3113 2719
3113 2751
3113 2778
3113 2781
3113 2796
3113 2828
3113 2833
3113 2853
3113 2863
3113 2869
3113 2881
3113 2901
3113 2936
3113 2939
3113 2950
3113 2991
3113 2992
3113 3002
3113 3005
3113 3016
3113 3019
3113 3027
3113 3035
3113 3049
3113 3051
3113 3060
3113 3076
3113 3082
3113 3101
3113 3115
3113 3120
3113 3132
3113 3145
3113 3148
3113 3162
3113 3169
3113 3179
3113 3182
3113 3198
3113 3201
3113 3204
3113 3252
3113 3261
3113 3267
3113 3272
3113 3277
3113 3280
3113 3291
3113 3297
3113 3298
3113 3299
3113 3320
3113 3323
3113 3327
3113 3335
3113 3347
3113 3350
3113 3351
3113 3366
3113 3377
3113 3378
3113 3381
3113 3391
3113 3419
3113 3434
3114 1684
3114 2663
3114 2726
3114 2729
3114 2731
3114 2738
3114 2743
3114 2786
3114 2806
3114 2821
3114 2851
3114 2873
3114 2877
3114 2887
3114 2888
3114 2890
3114 2910
3114 2915
3114 2956
3114 2981
3114 2986
3114 2987
3114 2994
3114 3025
3114 3026
3114 3036
3114 3042
3114 3054
3114 3073
3114 3084
3114 3090
3114 3104
3114 3119
3114 3123
3114 3137
3114 3139
3114 3166
3114 3231
3114 3339
3114 3362
3114 3364
3114 3394
3114 3400
3114 3426
3114 3430
3114 3435
3115 1684
3115 2661
3115 2674
3115 2686
3115 2708
3115 2718
3115 2719
3115 2742
3115 2751
3115 2778
3115 2784
3115 2793
3115 2828
3115 2833
3115 2849
3115 2856
3115 2863
3115 2875
3115 2894
3115 2937
3115 2950
3115 2970
3115 2973
3115 3021
3115 3035
3115 3049
3115 3076
3115 3082
3115 3101
3115 3113
3115 3116
3115 3124
3115 3132
3115 3150
3115 3152
3115 3179
3115 3182
3115 3185
3115 3198
3115 3201
3115 3224
3115 3247
3115 3252
3115 3259
3115 3265
3115 3280
3115 3288
3115 3291
3115 3302
3115 3335
3115 3342
3115 3344
3115 3350
3115 3351
3115 3378
3115 3396
3115 3397
3115 3411
3115 3419
3115 3422
3115 3434
3116 1684
3116 2661
3116 2674
3116 2719
3116 2742
3116 2748
3116 2753
3116 2765
3116 2770
3116 2778
3116 2780
3116 2781
3116 2787
3116 2791
3116 2793
3116 2828
3116 2833
3116 2849
3116 2853
3116 2863
3116 2869
3116 2875
3116 2876
3116 2894
3116 2901
3116 2904
3116 2937
3116 2939
3116 2950
3116 2970
3116 2973
3116 2989
3116 2991
3116 3009
3116 3021
3116 3027
3116 3035
3116 3038
3116 3049
3116 3051
3116 3060
3116 3070
3116 3076
3116 3082
3116 3088
3116 3089
3116 3101
3116 3102
3116 3106
3116 3115
3116 3120
3116 3132
3116 3146
3116 3148
3116 3150
3116 3152
3116 3169
3116 3170
3116 3179
3116 3182
3116 3185
3116 3188
3116 3198
3116 3201
3116 3206
3116 3212
3116 3214
3116 3239
3116 3247
3116 3252
3116 3258
3116 3261
3116 3265
3116 3267
3116 3272
3116 3280
3116 3291
3116 3296
3116 3297
3116 3298
3116 3302
3116 3306
3116 3320
3116 3321
3116 3330
3116 3332
3116 3335
3116 3344
3116 3347
3116 3350
3116 3351
3116 3360
3116 3381
3116 3391
3116 3396
3116 3397
3116 3411
3116 3416
3116 3418
3116 3419
3116 3422
3116 3431
3116 3434
3117 1684
3117 2668
3117 2689
3117 2698
3117 2748
3117 2751
3117 2755
3117 2759
3117 2810
3117 2835
3117 2839
3117 2841
3117 2864
3117 2867
3117 2877
3117 2880
3117 2896
3117 2905
3117 2906
3117 2910
3117 2914
3117 2915
3117 2916
3117 2920
3117 2925
3117 2927
3117 2928
3117 2940
3117 2946
3117 2956
3117 2960
3117 2966
3117 2969
3117 2996
3117 3000
3117 3004
3117 3020
3117 3022
3117 3027
3117 3033
3117 3040
3117 3056
3117 3078
3117 3097
3117 3098
3117 3107
3117 3124
3117 3173
3117 3174
3117 3195
3117 3213
3117 3214
3117 3215
3117 3228
3117 3237
3117 3274
3117 3302
3117 3304
3117 3339
3117 3342
3117 3363
3117 3364
3117 3431
3118 1684
3118 2662
3118 2711
3118 2724
3118 2730
3118 2739
3118 2768
3118 2778
3118 2823
3118 2840
3118 2845
3118 2938
3118 2951
3118 2976
3118 2984
3118 3002
3118 3005
3118 3017
3118 3019
3118 3034
3118 3072
3118 3077
3118 3089
3118 3100
3118 3111
3118 3145
3118 3160
3118 3162
3118 3168
3118 3172
3118 3233
3118 3263
3118 3287
3118 3295
3118 3320
3118 3332
3118 3353
3118 3366
3118 3377
3118 3379
3118 3386
3118 3396
3118 3403
3118 3412
3119 1684
3119 2679
3119 2683
3119 2698
3119 2729
3119 2738
3119 2743
3119 2750
3119 2755
3119 2766
3119 2773
3119 2786
3119 2794
3119 2800
3119 2821
3119 2835
3119 2839
3119 2862
3119 2864
3119 2873
3119 2874
3119 2887
3119 2890
3119 2897
3119 2905
3119 2906
3119 2910
3119 2913
3119 2927
3119 2928
3119 2929
3119 2931
3119 2946
3119 2953
3119 2956
3119 2960
3119 2966
3119 2977
3119 2981
3119 2988
3119 2993
3119 2994
3119 3000
3119 3025
3119 3026
3119 3029
3119 3033
3119 3044
3119 3054
3119 3073
3119 3084
3119 3090
3119 3098
3119 3104
3119 3114
3119 3123
3119 3135
3119 3158
3119 3166
3119 3174
3119 3232
3119 3238
3119 3257
3119 3293
3119 3324
3119 3362
3119 3387
3119 3417
3119 3435
3120 1684
3120 2661
3120 2674
3120 2712
3120 2713
3120 2719
3120 2742
3120 2753
3120 2765
3120 2778
3120 2781
3120 2793
3120 2828
3120 2853
3120 2863
3120 2901
3120 2939
3120 2951
3120 2970
3120 2973
3120 2989
3120 2992
3120 3035
3120 3038
3120 3049
3120 3070
3120 3082
3120 3089
3120 3101
3120 3106
3120 3113
3120 3116
3120 3132
3120 3146
3120 3150
3120 3154
3120 3169
3120 3191
3120 3198
3120 3201
3120 3206
3120 3207
3120 3224
3120 3239
3120 3240
3120 3247
3120 3252
3120 3267
3120 3277
3120 3280
3120 3291
3120 3297
3120 3299
3120 3316
3120 3320
3120 3321
3120 3330
3120 3335
3120 3342
3120 3344
3120 3345
3120 3350
3120 3351
3120 3355
3120 3381
3120 3391
3120 3397
3120 3406
3120 3416
3120 3419
3120 3434
3121 1684
3121 2734
3121 2805
3121 2808
3122 1684
3122 2799
3122 2861
3122 3053
3122 3105
3122 3141
3122 3200
3122 3218
3122 3354
3123 1684
3123 2683
3123 2729
3123 2731
3123 2738
3123 2782
3123 2807
3123 2810
3123 2873
3123 2890
3123 2956
3123 2981
3123 2987
3123 2988
3123 2993
3123 3000
3123 3025
3123 3026
3123 3036
3123 3084
3123 3090
3123 3104
3123 3114
3123 3119
3123 3135
3123 3137
3123 3158
3123 3166
3123 3231
3123 3257
3123 3339
3123 3400
3123 3430
3124 1684
3124 2748
3124 2751
3124 2803
3124 2831
3124 2832
3124 2863
3124 2865
3124 2881
3124 2882
3124 2894
3124 2920
3124 2946
3124 2958
3124 3097
3124 3115
3124 3117
3124 3173
3124 3185
3124 3196
3124 3205
3124 3215
3124 3256
3124 3312
3124 3335
3124 3365
3124 3380
3124 3393
3124 3418
3124 3419
3125 1684
3125 3077
3126 1684
3126 2886
3126 2949
3126 3066
3126 3083
3126 3128
3126 3322
3126 3336
3127 1684
3127 2774
3127 2817
3127 3055
3127 3074
3127 3147
3128 1684
3128 2886
3128 2949
3128 2983
3128 2999
3128 3066
3128 3083
3128 3126
3128 3322
3128 3336
3129 1684
3129 2669
3129 2680
3129 2681
3129 2683
3129 2705
3129 2749
3129 2754
3129 2757
3129 2807
3129 2835
3129 2873
3129 2896
3129 2916
3129 2917
3129 2925
3129 2931
3129 2944
3129 2960
3129 2977
3129 3029
3129 3056
3129 3078
3129 3085
3129 3098
3129 3226
3129 3228
3129 3257
3129 3301
3129 3324
3129 3348
3129 3363
3129 3426
3129 3435
3129 3436
3130 1684
3130 2663
3130 2710
3130 2769
3130 2789
3130 2807
3130 2851
3130 2888
3130 2978
3130 2981
3130 3084
3130 3104
3130 3300
3131 1684
3131 2732
3131 2902
3131 2930
3131 3180
3131 3181
3131 3251
3131 3372
3132 1684
3132 2661
3132 2674
3132 2675
3132 2712
3132 2719
3132 2742
3132 2753
3132 2765
3132 2770
3132 2778
3132 2793
3132 2796
3132 2828
3132 2833
3132 2849
3132 2853
3132 2863
3132 2869
3132 2904
3132 2914
3132 2939
3132 2970
3132 2973
3132 2991
3132 2992
3132 3021
3132 3035
3132 3049
3132 3051
3132 3060
3132 3070
3132 3076
3132 3082
3132 3101
3132 3102
3132 3113
3132 3115
3132 3116
3132 3120
3132 3145
3132 3146
3132 3150
3132 3152
3132 3154
3132 3169
3132 3179
3132 3185
3132 3188
3132 3201
3132 3206
3132 3212
3132 3239
3132 3247
3132 3252
3132 3253
3132 3260
3132 3265
3132 3267
3132 3277
3132 3280
3132 3288
3132 3291
3132 3296
3132 3297
3132 3316
3132 3320
3132 3321
3132 3330
3132 3332
3132 3335
3132 3344
3132 3347
3132 3350
3132 3351
3132 3355
3132 3381
3132 3391
3132 3396
3132 3397
3132 3411
3132 3416
3132 3419
3132 3434
3133 1684
3133 2707
3133 2724
3133 2848
3133 2881
3133 3019
3133 3024
3133 3233
3133 3273
3133 3366
3134 1684
3134 2668
3135 1684
3135 2679
3135 2689
3135 2729
3135 2743
3135 2756
3135 2757
3135 2794
3135 2800
3135 2810
3135 2821
3135 2839
3135 2864
3135 2874
3135 2887
3135 2907
3135 2943
3135 2944
3135 2945
3135 2988
3135 2993
3135 2994
3135 3000
3135 3025
3135 3056
3135 3073
3135 3119
3135 3123
3135 3158
3135 3166
3135 3220
3135 3293
3135 3363
3135 3417
3135 3433
3136 990
3136 1684
3136 2665
3136 2675
3136 2685
3136 2686
3136 2702
3136 2718
3136 2730
3136 2758
3136 2780
3136 2781
3136 2784
3136 2791
3136 2793
3136 2813
3136 2843
3136 2871
3136 2914
3136 2932
3136 2942
3136 2955
3136 2996
3136 2999
3136 3005
3136 3018
3136 3020
3136 3027
3136 3076
3136 3086
3136 3087
3136 3097
3136 3103
3136 3111
3136 3171
3136 3187
3136 3189
3136 3196
3136 3198
3136 3214
3136 3219
3136 3233
3136 3253
3136 3256
3136 3259
3136 3264
3136 3279
3136 3282
3136 3327
3136 3330
3136 3331
3136 3335
3136 3337
3136 3340
3136 3341
3136 3365
3136 3369
3136 3379
3136 3385
3136 3395
3136 3409
3136 3419
3137 1684
3137 2663
3137 2683
3137 2726
3137 2729
3137 2731
3137 2738
3137 2750
3137 2754
3137 2789
3137 2851
3137 2873
3137 2877
3137 2888
3137 2890
3137 2915
3137 2931
3137 2981
3137 2987
3137 2993
3137 3010
3137 3025
3137 3026
3137 3036
3137 3042
3137 3073
3137 3080
3137 3084
3137 3090
3137 3095
3137 3104
3137 3114
3137 3123
3137 3139
3137 3149
3137 3158
3137 3166
3137 3228
3137 3229
3137 3231
3137 3232
3137 3257
3137 3348
3137 3387
3137 3392
3137 3394
3137 3400
3137 3426
3137 3430
3138 1684
3138 2668
3138 2709
3138 2727
3138 2730
3138 2780
3138 2785
3138 2795
3138 2803
3138 3048
3138 3081
3138 3110
3138 3152
3138 3178
3138 3208
3138 3211
3138 3279
3138 3307
3138 3374
3139 1684
3139 2663
3139 2726
3139 2745
3139 2769
3139 2851
3139 2899
3139 2978
3139 3026
3139 3090
3139 3095
3139 3114
3139 3137
3139 3153
3139 3229
3139 3231
3139 3300
3139 3392
3139 3426
3139 3428
3139 3430
3140 1684
3140 2661
3140 2665
3140 2668
3140 2674
3140 2696
3140 2716
3140 2720
3140 2727
3140 2735
3140 2739
3140 2742
3140 2748
3140 2751
3140 2753
3140 2762
3140 2793
3140 2803
3140 2812
3140 2819
3140 2836
3140 2844
3140 2859
3140 2901
3140 2914
3140 2996
3140 3027
3140 3032
3140 3038
3140 3041
3140 3046
3140 3051
3140 3060
3140 3069
3140 3070
3140 3082
3140 3101
3140 3145
3140 3154
3140 3161
3140 3177
3140 3179
3140 3182
3140 3194
3140 3203
3140 3214
3140 3219
3140 3225
3140 3240
3140 3255
3140 3275
3140 3277
3140 3291
3140 3302
3140 3313
3140 3320
3140 3321
3140 3331
3140 3335
3140 3341
3140 3342
3140 3345
3140 3353
3140 3360
3140 3378
3140 3379
3140 3380
3140 3386
3140 3393
3140 3397
3140 3406
3141 1684
3141 2776
3141 2861
3141 3053
3141 3105
3141 3122
3141 3200
3141 3216
3141 3218
3141 3271
3141 3354
3142 1684
3142 2664
3142 2666
3142 2669
3142 2676
3142 2679
3142 2689
3142 2694
3142 2698
3142 2717
3142 2749
3142 2750
3142 2754
3142 2757
3142 2782
3142 2806
3142 2815
3142 2839
3142 2866
3142 2872
3142 2877
3142 2890
3142 2891
3142 2905
3142 2906
3142 2909
3142 2912
3142 2913
3142 2916
3142 2919
3142 2944
3142 2966
3142 2985
3142 2988
3142 3022
3142 3033
3142 3040
3142 3047
3142 3064
3142 3078
3142 3090
3142 3096
3142 3098
3142 3163
3142 3174
3142 3195
3142 3213
3142 3226
3142 3232
3142 3250
3142 3284
3142 3324
3142 3339
3142 3363
3142 3387
3142 3426
3143 1684
3143 2745
3143 3095
3143 3153
3144 1684
3144 2844
3144 2847
3144 2876
3144 2878
3144 2904
3144 2950
3144 3016
3144 3162
3144 3214
3144 3235
3144 3255
3144 3328
3144 3346
3144 3360
3144 3431
3145 1684
3145 2672
3145 2674
3145 2707
3145 2708
3145 2719
3145 2753
3145 2778
3145 2796
3145 2823
3145 2840
3145 2853
3145 2863
3145 2869
3145 2881
3145 2894
3145 2936
3145 2937
3145 2991
3145 2992
3145 3005
3145 3017
3145 3035
3145 3051
3145 3060
3145 3076
3145 3082
3145 3094
3145 3100
3145 3101
3145 3102
3145 3111
3145 3113
3145 3118
3145 3132
3145 3140
3145 3169
3145 3172
3145 3182
3145 3185
3145 3199
3145 3201
3145 3204
3145 3206
3145 3255
3145 3260
3145 3261
3145 3267
3145 3274
3145 3277
3145 3280
3145 3287
3145 3291
3145 3297
3145 3320
3145 3330
3145 3332
3145 3347
3145 3350
3145 3351
3145 3377
3145 3378
3145 3381
3145 3385
3145 3386
3145 3396
3145 3403
3145 3419
3145 3422
3146 1684
3146 2661
3146 2674
3146 2688
3146 2715
3146 2742
3146 2765
3146 2770
3146 2778
3146 2780
3146 2785
3146 2793
3146 2828
3146 2833
3146 2849
3146 2853
3146 2863
3146 2904
3146 2939
3146 2970
3146 2973
3146 2991
3146 3021
3146 3035
3146 3046
3146 3049
3146 3070
3146 3082
3146 3101
3146 3102
3146 3106
3146 3116
3146 3120
3146 3132
3146 3152
3146 3169
3146 3198
3146 3201
3146 3206
3146 3239
3146 3247
3146 3252
3146 3265
3146 3267
3146 3277
3146 3288
3146 3291
3146 3297
3146 3302
3146 3316
3146 3330
3146 3335
3146 3344
3146 3347
3146 3351
3146 3381
3146 3383
3146 3397
3146 3416
3146 3419
3146 3434
3147 1684
3147 2774
3147 3055
3147 3074
3147 3127
3148 1684
3148 2742
3148 2778
3148 2781
3148 2795
3148 2819
3148 2828
3148 2848
3148 2904
3148 2939
3148 2965
3148 3082
3148 3113
3148 3116
3148 3215
3148 3242
3148 3254
3148 3272
3148 3280
3148 3298
3148 3306
3148 3327
3148 3331
3148 3360
3148 3378
3148 3381
3148 3403
3148 3411
3148 3422
3148 3434
3149 1684
3149 2664
3149 2666
3149 2669
3149 2676
3149 2680
3149 2694
3149 2698
3149 2749
3149 2750
3149 2755
3149 2757
3149 2782
3149 2815
3149 2827
3149 2839
3149 2866
3149 2867
3149 2872
3149 2873
3149 2877
3149 2890
3149 2906
3149 2911
3149 2913
3149 2916
3149 2919
3149 2944
3149 2946
3149 2960
3149 2966
3149 2974
3149 2985
3149 2986
3149 2987
3149 2993
3149 2994
3149 3000
3149 3014
3149 3022
3149 3033
3149 3040
3149 3047
3149 3052
3149 3054
3149 3064
3149 3078
3149 3084
3149 3096
3149 3098
3149 3108
3149 3137
3149 3163
3149 3174
3149 3193
3149 3195
3149 3226
3149 3232
3149 3237
3149 3284
3149 3301
3149 3339
3149 3348
3149 3387
3149 3426
3149 3435
