3150 1684
3150 2661
3150 2674
3150 2675
3150 2712
3150 2716
3150 2719
3150 2742
3150 2751
3150 2753
3150 2770
3150 2778
3150 2781
3150 2784
3150 2787
3150 2793
3150 2802
3150 2833
3150 2849
3150 2853
3150 2863
3150 2875
3150 2883
3150 2901
3150 2904
3150 2914
3150 2939
3150 2950
3150 2951
3150 2970
3150 2989
3150 3002
3150 3005
3150 3027
3150 3035
3150 3038
3150 3049
3150 3060
3150 3070
3150 3072
3150 3076
3150 3082
3150 3097
3150 3101
3150 3102
3150 3103
3150 3111
3150 3115
3150 3116
3150 3120
3150 3132
3150 3151
3150 3152
3150 3154
3150 3169
3150 3179
3150 3185
3150 3188
3150 3198
3150 3201
3150 3223
3150 3247
3150 3252
3150 3253
3150 3265
3150 3267
3150 3272
3150 3277
3150 3280
3150 3291
3150 3296
3150 3297
3150 3302
3150 3329
3150 3330
3150 3332
3150 3335
3150 3342
3150 3344
3150 3347
3150 3350
3150 3351
3150 3360
3150 3381
3150 3397
3150 3406
3150 3409
3150 3411
3150 3419
3151 1684
3151 2665
3151 2768
3151 2781
3151 2863
3151 3005
3151 3150
3151 3214
3151 3312
3151 3326
3151 3327
3151 3406
3151 3409
3151 3431
3152 1684
3152 2661
3152 2662
3152 2674
3152 2684
3152 2733
3152 2742
3152 2770
3152 2780
3152 2783
3152 2785
3152 2793
3152 2816
3152 2828
3152 2833
3152 2849
3152 2863
3152 2869
3152 2876
3152 2904
3152 2936
3152 2937
3152 2939
3152 2950
3152 2973
3152 2991
3152 3017
3152 3021
3152 3027
3152 3034
3152 3035
3152 3038
3152 3049
3152 3051
3152 3060
3152 3070
3152 3072
3152 3076
3152 3082
3152 3101
3152 3102
3152 3115
3152 3116
3152 3132
3152 3138
3152 3146
3152 3150
3152 3169
3152 3172
3152 3182
3152 3185
3152 3188
3152 3192
3152 3198
3152 3201
3152 3204
3152 3235
3152 3239
3152 3247
3152 3252
3152 3258
3152 3265
3152 3274
3152 3280
3152 3288
3152 3291
3152 3296
3152 3297
3152 3313
3152 3320
3152 3329
3152 3330
3152 3332
3152 3335
3152 3347
3152 3350
3152 3351
3152 3353
3152 3373
3152 3378
3152 3396
3152 3397
3152 3411
3152 3419
3152 3434
3153 1684
3153 2745
3153 2944
3153 2960
3153 3054
3153 3095
3153 3139
3153 3143
3153 3229
3153 3392
3153 3428
3154 1684
3154 2661
3154 2662
3154 2668
3154 2675
3154 2713
3154 2716
3154 2720
3154 2724
3154 2728
3154 2730
3154 2737
3154 2748
3154 2753
3154 2758
3154 2793
3154 2802
3154 2829
3154 2830
3154 2833
3154 2843
3154 2863
3154 2870
3154 2892
3154 2900
3154 2901
3154 2904
3154 2914
3154 2936
3154 2947
3154 2951
3154 2973
3154 2989
3154 2990
3154 3001
3154 3002
3154 3007
3154 3016
3154 3018
3154 3019
3154 3038
3154 3051
3154 3062
3154 3068
3154 3069
3154 3070
3154 3077
3154 3086
3154 3093
3154 3100
3154 3106
3154 3107
3154 3120
3154 3132
3154 3140
3154 3150
3154 3160
3154 3162
3154 3168
3154 3177
3154 3179
3154 3188
3154 3191
3154 3207
3154 3223
3154 3233
3154 3240
3154 3252
3154 3253
3154 3256
3154 3277
3154 3288
3154 3291
3154 3295
3154 3321
3154 3334
3154 3344
3154 3346
3154 3355
3154 3366
3154 3370
3154 3371
3154 3379
3154 3380
3154 3386
3154 3391
3154 3397
3154 3411
3154 3412
3154 3415
3154 3434
3155 1684
3155 2889
3155 2949
3155 2983
3155 2997
3155 3012
3155 3028
3155 3063
3155 3066
3155 3072
3155 3101
3155 3368
3156 1684
3156 2693
3156 2744
3156 2825
3156 2843
3156 2865
3156 3187
3156 3255
3156 3256
3156 3264
3156 3365
3156 3369
3156 3385
3157 1684
3157 2734
3157 2781
3157 2836
3157 2964
3157 2998
3157 3067
3157 3097
3157 3111
3157 3320
3157 3327
3157 3328
3157 3342
3157 3350
3157 3431
3158 1684
3158 2679
3158 2683
3158 2689
3158 2729
3158 2731
3158 2743
3158 2755
3158 2773
3158 2777
3158 2786
3158 2794
3158 2810
3158 2821
3158 2839
3158 2867
3158 2873
3158 2874
3158 2887
3158 2890
3158 2907
3158 2915
3158 2944
3158 2945
3158 2960
3158 2966
3158 2974
3158 2981
3158 2987
3158 2988
3158 2993
3158 3000
3158 3025
3158 3026
3158 3073
3158 3084
3158 3090
3158 3119
3158 3123
3158 3135
3158 3137
3158 3163
3158 3166
3158 3195
3158 3220
3158 3232
3158 3238
3158 3293
3158 3348
3158 3363
3158 3417
3158 3433
3159 1684
3159 2893
3159 2951
3159 3001
3159 3168
3159 3295
3159 3405
3160 1684
3160 2720
3160 2737
3160 2742
3160 2748
3160 2753
3160 2793
3160 2936
3160 2958
3160 2973
3160 2976
3160 2989
3160 3011
3160 3019
3160 3024
3160 3051
3160 3079
3160 3089
3160 3106
3160 3118
3160 3154
3160 3186
3160 3240
3160 3298
3160 3344
3160 3350
3160 3355
3160 3360
3160 3386
3160 3397
3161 1684
3161 2968
3161 3140
3161 3176
3161 3225
3161 3245
3162 1405
3162 1684
3162 2662
3162 2692
3162 2711
3162 2724
3162 2728
3162 2730
3162 2739
3162 2758
3162 2775
3162 2779
3162 2811
3162 2829
3162 2847
3162 2892
3162 2900
3162 2947
3162 2951
3162 2965
3162 3001
3162 3002
3162 3018
3162 3019
3162 3051
3162 3062
3162 3068
3162 3069
3162 3077
3162 3086
3162 3100
3162 3113
3162 3118
3162 3144
3162 3154
3162 3168
3162 3176
3162 3177
3162 3191
3162 3203
3162 3207
3162 3233
3162 3255
3162 3273
3162 3285
3162 3295
3162 3302
3162 3306
3162 3331
3162 3334
3162 3346
3162 3356
3162 3359
3162 3366
3162 3379
3162 3412
3162 3415
3163 1684
3163 2755
3163 2810
3163 2827
3163 2839
3163 2915
3163 2945
3163 2966
3163 2987
3163 2993
3163 3033
3163 3064
3163 3073
3163 3090
3163 3096
3163 3142
3163 3149
3163 3158
3163 3166
3163 3195
3163 3226
3163 3387
3163 3435
3164 990
3164 1505
3164 1656
3164 1684
3164 1726
3164 2678
3164 2822
3164 3057
3164 3067
3164 3263
3165 1505
3165 1656
3165 1684
3165 2734
3165 2826
3165 3005
3165 3343
3166 1684
3166 2729
3166 2731
3166 2754
3166 2755
3166 2773
3166 2786
3166 2821
3166 2827
3166 2872
3166 2873
3166 2890
3166 2956
3166 2966
3166 2977
3166 2986
3166 2987
3166 2988
3166 2993
3166 2994
3166 3000
3166 3022
3166 3025
3166 3026
3166 3036
3166 3084
3166 3114
3166 3119
3166 3123
3166 3135
3166 3137
3166 3158
3166 3163
3166 3174
3166 3232
3166 3238
3166 3339
3166 3400
3167 1684
3167 2718
3167 2730
3167 2758
3167 2801
3167 2865
3167 2901
3167 2918
3167 3032
3167 3177
3167 3210
3167 3236
3167 3255
3167 3256
3167 3365
3167 3369
3167 3385
3168 1405
3168 1505
3168 1684
3168 2662
3168 2682
3168 2724
3168 2728
3168 2730
3168 2738
3168 2739
3168 2775
3168 2829
3168 2830
3168 2860
3168 2892
3168 2947
3168 2951
3168 2995
3168 3001
3168 3002
3168 3018
3168 3019
3168 3051
3168 3062
3168 3068
3168 3069
3168 3077
3168 3086
3168 3100
3168 3118
3168 3154
3168 3159
3168 3162
3168 3176
3168 3177
3168 3179
3168 3191
3168 3207
3168 3233
3168 3273
3168 3295
3168 3331
3168 3346
3168 3366
3168 3379
3168 3405
3168 3412
3168 3415
3169 1684
3169 2661
3169 2674
3169 2719
3169 2742
3169 2765
3169 2770
3169 2778
3169 2781
3169 2793
3169 2828
3169 2849
3169 2853
3169 2863
3169 2869
3169 2939
3169 2970
3169 2973
3169 2991
3169 2992
3169 3016
3169 3021
3169 3035
3169 3049
3169 3070
3169 3082
3169 3101
3169 3102
3169 3106
3169 3113
3169 3116
3169 3120
3169 3132
3169 3145
3169 3146
3169 3150
3169 3152
3169 3179
3169 3198
3169 3201
3169 3239
3169 3247
3169 3252
3169 3265
3169 3267
3169 3277
3169 3280
3169 3291
3169 3297
3169 3316
3169 3330
3169 3335
3169 3344
3169 3351
3169 3381
3169 3385
3169 3391
3169 3397
3169 3416
3169 3419
3169 3434
3170 1684
3170 2719
3170 2823
3170 2828
3170 2869
3170 2875
3170 2936
3170 2937
3170 2995
3170 3051
3170 3116
3170 3172
3170 3185
3170 3211
3170 3280
3170 3291
3170 3298
3170 3320
3170 3332
3170 3347
3170 3350
3170 3377
3170 3378
3170 3396
3170 3434
3171 1684
3171 2675
3171 2715
3171 2728
3171 2813
3171 2832
3171 2841
3171 2863
3171 2934
3171 2951
3171 3016
3171 3050
3171 3093
3171 3136
3171 3208
3171 3214
3171 3312
3171 3404
3171 3431
3172 1684
3172 2661
3172 2684
3172 2708
3172 2719
3172 2733
3172 2742
3172 2778
3172 2780
3172 2783
3172 2796
3172 2823
3172 2828
3172 2840
3172 2845
3172 2863
3172 2869
3172 2875
3172 2881
3172 2894
3172 2936
3172 2937
3172 2950
3172 2976
3172 2991
3172 2992
3172 3005
3172 3017
3172 3039
3172 3051
3172 3060
3172 3076
3172 3079
3172 3082
3172 3111
3172 3112
3172 3118
3172 3145
3172 3152
3172 3170
3172 3179
3172 3182
3172 3185
3172 3198
3172 3199
3172 3201
3172 3204
3172 3225
3172 3258
3172 3261
3172 3272
3172 3274
3172 3280
3172 3287
3172 3291
3172 3296
3172 3298
3172 3313
3172 3320
3172 3332
3172 3347
3172 3350
3172 3351
3172 3353
3172 3377
3172 3378
3172 3381
3172 3396
3172 3403
3172 3411
3172 3422
3172 3434
3173 58
3173 1684
3173 2718
3173 2735
3173 2747
3173 2847
3173 2894
3173 2901
3173 2918
3173 2946
3173 3117
3173 3124
3173 3210
3173 3221
3173 3335
3173 3381
3173 3418
3173 3431
3174 1684
3174 2664
3174 2666
3174 2669
3174 2676
3174 2679
3174 2680
3174 2694
3174 2717
3174 2741
3174 2745
3174 2754
3174 2755
3174 2757
3174 2773
3174 2782
3174 2786
3174 2800
3174 2827
3174 2835
3174 2839
3174 2862
3174 2864
3174 2866
3174 2867
3174 2873
3174 2877
3174 2880
3174 2897
3174 2906
3174 2910
3174 2913
3174 2915
3174 2916
3174 2925
3174 2928
3174 2929
3174 2940
3174 2946
3174 2956
3174 2960
3174 2966
3174 2974
3174 2985
3174 2986
3174 2994
3174 3000
3174 3022
3174 3029
3174 3033
3174 3040
3174 3054
3174 3064
3174 3065
3174 3078
3174 3096
3174 3117
3174 3119
3174 3142
3174 3149
3174 3166
3174 3184
3174 3195
3174 3226
3174 3232
3174 3284
3174 3304
3174 3339
3174 3348
3174 3362
3174 3363
3174 3387
3174 3399
3174 3426
3175 1684
3175 2748
3175 2846
3175 3013
3175 3188
3175 3194
3176 1684
3176 2713
3176 2724
3176 2728
3176 2829
3176 2834
3176 2951
3176 3002
3176 3019
3176 3068
3176 3077
3176 3086
3176 3103
3176 3161
3176 3162
3176 3168
3176 3207
3176 3223
3176 3225
3176 3233
3176 3241
3176 3285
3176 3295
3176 3356
3176 3366
3176 3412
3176 3420
3177 1684
3177 2662
3177 2668
3177 2711
3177 2724
3177 2730
3177 2751
3177 2779
3177 2813
3177 2825
3177 2829
3177 2870
3177 2947
3177 3002
3177 3019
3177 3038
3177 3062
3177 3077
3177 3086
3177 3093
3177 3097
3177 3140
3177 3154
3177 3162
3177 3167
3177 3168
3177 3186
3177 3203
3177 3204
3177 3207
3177 3233
3177 3241
3177 3273
3177 3285
3177 3291
3177 3295
3177 3366
3177 3380
3177 3412
3177 3415
3177 3420
3178 1419
3178 1684
3178 2668
3178 2709
3178 2727
3178 2780
3178 2795
3178 2803
3178 2813
3178 2848
3178 2892
3178 2958
3178 3001
3178 3034
3178 3048
3178 3110
3178 3138
3178 3208
3178 3211
3178 3295
3178 3307
3178 3357
3178 3374
3178 3403
3178 3415
3179 1450
3179 1684
3179 1726
3179 2661
3179 2672
3179 2674
3179 2684
3179 2701
3179 2708
3179 2719
3179 2733
3179 2742
3179 2778
3179 2781
3179 2784
3179 2797
3179 2823
3179 2828
3179 2833
3179 2849
3179 2875
3179 2894
3179 2914
3179 2937
3179 2939
3179 2958
3179 2970
3179 3011
3179 3035
3179 3049
3179 3060
3179 3076
3179 3079
3179 3100
3179 3101
3179 3102
3179 3113
3179 3115
3179 3116
3179 3132
3179 3140
3179 3150
3179 3154
3179 3168
3179 3169
3179 3172
3179 3182
3179 3185
3179 3188
3179 3201
3179 3205
3179 3247
3179 3253
3179 3258
3179 3261
3179 3262
3179 3265
3179 3280
3179 3296
3179 3297
3179 3298
3179 3332
3179 3350
3179 3351
3179 3396
3179 3397
3179 3411
3179 3434
3180 1684
3180 2732
3180 2902
3180 2930
3180 3131
3180 3181
3180 3251
3180 3372
3181 1684
3181 2732
3181 2902
3181 2930
3181 3131
3181 3180
3181 3251
3181 3372
3182 1684
3182 2661
3182 2672
3182 2684
3182 2701
3182 2707
3182 2708
3182 2719
3182 2720
3182 2733
3182 2742
3182 2778
3182 2781
3182 2783
3182 2797
3182 2823
3182 2833
3182 2875
3182 2894
3182 2937
3182 2938
3182 2950
3182 2958
3182 2976
3182 3011
3182 3017
3182 3021
3182 3035
3182 3051
3182 3060
3182 3076
3182 3079
3182 3082
3182 3100
3182 3101
3182 3113
3182 3115
3182 3116
3182 3140
3182 3145
3182 3152
3182 3172
3182 3179
3182 3185
3182 3198
3182 3204
3182 3225
3182 3258
3182 3261
3182 3262
3182 3272
3182 3274
3182 3280
3182 3288
3182 3291
3182 3297
3182 3298
3182 3320
3182 3332
3182 3350
3182 3351
3182 3353
3182 3378
3182 3386
3182 3396
3182 3397
3182 3411
3182 3434
3183 1684
3184 1684
3184 2664
3184 2669
3184 2673
3184 2676
3184 2679
3184 2681
3184 2706
3184 2741
3184 2754
3184 2757
3184 2761
3184 2763
3184 2777
3184 2782
3184 2806
3184 2839
3184 2854
3184 2867
3184 2877
3184 2880
3184 2891
3184 2905
3184 2906
3184 2909
3184 2913
3184 2919
3184 2920
3184 2924
3184 2925
3184 2927
3184 2931
3184 2948
3184 2956
3184 2960
3184 2969
3184 2986
3184 3014
3184 3022
3184 3023
3184 3026
3184 3052
3184 3054
3184 3056
3184 3065
3184 3096
3184 3174
3184 3193
3184 3213
3184 3226
3184 3234
3184 3286
3184 3294
3184 3303
3184 3315
3184 3324
3184 3363
3184 3387
3184 3390
3184 3414
3184 3417
3185 1684
3185 2661
3185 2672
3185 2674
3185 2677
3185 2719
3185 2733
3185 2742
3185 2770
3185 2778
3185 2783
3185 2796
3185 2828
3185 2833
3185 2840
3185 2849
3185 2856
3185 2863
3185 2875
3185 2881
3185 2894
3185 2939
3185 2950
3185 2970
3185 2976
3185 2991
3185 3005
3185 3017
3185 3035
3185 3039
3185 3048
3185 3049
3185 3051
3185 3060
3185 3076
3185 3082
3185 3101
3185 3102
3185 3111
3185 3112
3185 3115
3185 3116
3185 3124
3185 3132
3185 3145
3185 3150
3185 3152
3185 3170
3185 3172
3185 3179
3185 3182
3185 3198
3185 3201
3185 3225
3185 3261
3185 3267
3185 3272
3185 3274
3185 3277
3185 3278
3185 3280
3185 3287
3185 3297
3185 3320
3185 3335
3185 3342
3185 3347
3185 3350
3185 3351
3185 3360
3185 3377
3185 3378
3185 3385
3185 3396
3185 3403
3185 3409
3185 3411
3185 3419
3185 3422
3185 3434
3186 1666
3186 1684
3186 2696
3186 2697
3186 2724
3186 2734
3186 2775
3186 2845
3186 2870
3186 2934
3186 3002
3186 3019
3186 3051
3186 3107
3186 3160
3186 3177
3186 3191
3186 3233
3186 3246
3186 3295
3186 3320
3186 3350
3186 3386
3187 1684
3187 2675
3187 2715
3187 2718
3187 2730
3187 2758
3187 2812
3187 2816
3187 2843
3187 2863
3187 2865
3187 2918
3187 2932
3187 2955
3187 3032
3187 3087
3187 3107
3187 3136
3187 3156
3187 3196
3187 3240
3187 3249
3187 3253
3187 3255
3187 3256
3187 3264
3187 3337
3187 3365
3187 3369
3187 3385
3187 3402
3187 3404
3187 3408
3187 3425
3188 1684
3188 2661
3188 2712
3188 2716
3188 2742
3188 2748
3188 2770
3188 2780
3188 2785
3188 2833
3188 2846
3188 2876
3188 2881
3188 2904
3188 2914
3188 3007
3188 3013
3188 3041
3188 3046
3188 3049
3188 3058
3188 3089
3188 3101
3188 3109
3188 3116
3188 3132
3188 3150
3188 3152
3188 3154
3188 3175
3188 3179
3188 3194
3188 3201
3188 3206
3188 3209
3188 3212
3188 3247
3188 3252
3188 3253
3188 3260
3188 3265
3188 3277
3188 3280
3188 3299
3188 3306
3188 3320
3188 3345
3188 3352
3188 3360
3188 3411
3188 3434
3189 1684
3189 2675
3189 2686
3189 2702
3189 2730
3189 2871
3189 2932
3189 2950
3189 3067
3189 3111
3189 3136
3189 3198
3189 3219
3189 3259
3189 3331
3189 3369
3189 3395
3189 3406
3189 3415
3190 1684
3190 2820
3190 2836
3190 2841
3190 2954
3190 2996
3190 3221
3190 3248
3190 3275
3190 3327
3190 3341
3190 3383
3191 1684
3191 2662
3191 2716
3191 2720
3191 2724
3191 2730
3191 2739
3191 2793
3191 2830
3191 2950
3191 2951
3191 2984
3191 2990
3191 2992
3191 3002
3191 3007
3191 3069
3191 3082
3191 3106
3191 3120
3191 3154
3191 3162
3191 3168
3191 3186
3191 3203
3191 3223
3191 3233
3191 3240
3191 3258
3191 3291
3191 3313
3191 3320
3191 3344
3191 3355
3191 3359
3191 3366
3191 3379
3191 3393
3191 3412
3191 3434
3192 1684
3192 2662
3192 2674
3192 2772
3192 2783
3192 2819
3192 2984
3192 3017
3192 3027
3192 3072
3192 3152
3192 3198
3192 3274
3192 3353
3192 3385
3192 3422
3193 1684
3193 2673
3193 2676
3193 2680
3193 2705
3193 2706
3193 2741
3193 2761
3193 2763
3193 2839
3193 2850
3193 2854
3193 2891
3193 2896
3193 2948
3193 3023
3193 3052
3193 3056
3193 3085
3193 3149
3193 3184
3193 3234
3193 3294
3193 3301
3193 3315
3193 3324
3193 3414
3194 1684
3194 2687
3194 2742
3194 2748
3194 2914
3194 3013
3194 3041
3194 3089
3194 3140
3194 3175
3194 3188
3194 3209
3194 3212
3194 3260
3194 3320
3194 3360
3194 3397
3195 1684
3195 2664
3195 2676
3195 2679
3195 2680
3195 2694
3195 2698
3195 2717
3195 2754
3195 2755
3195 2757
3195 2777
3195 2782
3195 2815
3195 2827
3195 2835
3195 2839
3195 2850
3195 2862
3195 2866
3195 2867
3195 2872
3195 2877
3195 2897
3195 2905
3195 2906
3195 2910
3195 2911
3195 2913
3195 2915
3195 2916
3195 2917
3195 2925
3195 2928
3195 2940
3195 2944
3195 2956
3195 2966
3195 2969
3195 2986
3195 2987
3195 2993
3195 3022
3195 3026
3195 3033
3195 3040
3195 3054
3195 3056
3195 3064
3195 3065
3195 3078
3195 3090
3195 3096
3195 3098
3195 3108
3195 3117
3195 3142
3195 3149
3195 3158
3195 3163
3195 3174
3195 3226
3195 3232
3195 3250
3195 3284
3195 3301
3195 3348
3195 3363
3195 3387
3195 3399
3195 3426
3195 3436
3196 1684
3196 2675
3196 2686
3196 2690
3196 2718
3196 2730
3196 2758
3196 2803
3196 2843
3196 2865
3196 2871
3196 2918
3196 2932
3196 2951
3196 2955
3196 2957
3196 2996
3196 3011
3196 3020
3196 3032
3196 3081
3196 3087
3196 3124
3196 3136
3196 3187
3196 3221
3196 3236
3196 3253
3196 3255
3196 3256
3196 3264
3196 3289
3196 3327
3196 3330
3196 3365
3196 3369
3196 3385
3196 3402
3196 3403
3196 3418
3197 1684
3197 3038
3197 3216
3197 3224
3197 3299
3197 3321
3197 3342
3197 3345
3198 1684
3198 2661
3198 2662
3198 2665
3198 2675
3198 2686
3198 2702
3198 2711
3198 2712
3198 2716
3198 2718
3198 2720
3198 2742
3198 2748
3198 2751
3198 2753
3198 2758
3198 2780
3198 2783
3198 2793
3198 2825
3198 2843
3198 2863
3198 2871
3198 2894
3198 2901
3198 2904
3198 2921
3198 2932
3198 2936
3198 2950
3198 2951
3198 2989
3198 3005
3198 3017
3198 3027
3198 3035
3198 3038
3198 3051
3198 3070
3198 3075
3198 3082
3198 3101
3198 3106
3198 3107
3198 3113
3198 3115
3198 3116
3198 3120
3198 3136
3198 3146
3198 3150
3198 3152
3198 3169
3198 3172
3198 3182
3198 3185
3198 3189
3198 3192
3198 3199
3198 3201
3198 3204
3198 3219
3198 3252
3198 3253
3198 3255
3198 3259
3198 3291
3198 3321
3198 3330
3198 3331
3198 3337
3198 3342
3198 3345
3198 3347
3198 3351
3198 3353
3198 3379
3198 3385
3198 3393
3198 3395
3198 3397
3198 3411
3198 3419
3198 3422
3198 3434
3199 1684
3199 2742
3199 2778
3199 2796
3199 2869
3199 2881
3199 2992
3199 3039
3199 3060
3199 3076
3199 3145
3199 3172
3199 3198
3199 3259
3199 3280
3199 3320
3199 3330
3199 3331
3199 3337
3199 3358
3199 3378
3199 3434
