3200 1684
3200 2799
3200 2857
3200 2861
3200 3053
3200 3105
3200 3122
3200 3141
3200 3216
3200 3218
3200 3354
3201 1642
3201 1684
3201 2661
3201 2674
3201 2712
3201 2719
3201 2720
3201 2742
3201 2764
3201 2765
3201 2770
3201 2778
3201 2780
3201 2781
3201 2793
3201 2796
3201 2828
3201 2833
3201 2849
3201 2853
3201 2863
3201 2869
3201 2901
3201 2904
3201 2937
3201 2939
3201 2970
3201 2973
3201 2979
3201 2991
3201 2992
3201 2996
3201 3017
3201 3020
3201 3021
3201 3035
3201 3049
3201 3051
3201 3060
3201 3070
3201 3076
3201 3082
3201 3101
3201 3102
3201 3106
3201 3113
3201 3115
3201 3116
3201 3120
3201 3132
3201 3145
3201 3146
3201 3150
3201 3152
3201 3169
3201 3172
3201 3179
3201 3185
3201 3188
3201 3198
3201 3204
3201 3206
3201 3239
3201 3247
3201 3252
3201 3261
3201 3265
3201 3267
3201 3272
3201 3277
3201 3280
3201 3291
3201 3296
3201 3297
3201 3316
3201 3320
3201 3330
3201 3344
3201 3347
3201 3350
3201 3351
3201 3355
3201 3360
3201 3378
3201 3381
3201 3391
3201 3397
3201 3406
3201 3411
3201 3416
3201 3419
3201 3434
3202 1684
3202 2694
3202 2750
3202 2754
3202 2759
3202 2839
3202 2877
3202 2911
3202 3052
3202 3232
3202 3324
3203 1684
3203 2724
3203 2790
3203 2848
3203 2914
3203 2951
3203 3019
3203 3038
3203 3077
3203 3082
3203 3106
3203 3140
3203 3162
3203 3177
3203 3191
3203 3208
3203 3210
3203 3224
3203 3233
3203 3240
3203 3275
3203 3291
3203 3299
3203 3313
3203 3321
3203 3342
3203 3345
3203 3366
3203 3395
3203 3406
3203 3421
3204 1684
3204 2668
3204 2674
3204 2719
3204 2737
3204 2751
3204 2778
3204 2781
3204 2796
3204 2863
3204 2869
3204 2892
3204 2921
3204 2991
3204 2992
3204 3009
3204 3035
3204 3038
3204 3051
3204 3076
3204 3082
3204 3093
3204 3094
3204 3113
3204 3145
3204 3152
3204 3172
3204 3177
3204 3182
3204 3198
3204 3201
3204 3267
3204 3277
3204 3280
3204 3291
3204 3296
3204 3297
3204 3302
3204 3320
3204 3321
3204 3342
3204 3347
3204 3351
3204 3360
3204 3378
3204 3419
3204 3434
3205 1505
3205 1684
3205 1758
3205 2688
3205 2727
3205 3020
3205 3124
3205 3179
3205 3242
3205 3245
3205 3263
3205 3276
3205 3278
3205 3343
3205 3369
3206 1684
3206 2661
3206 2662
3206 2674
3206 2716
3206 2719
3206 2742
3206 2765
3206 2793
3206 2849
3206 2853
3206 2863
3206 2901
3206 2904
3206 2937
3206 2939
3206 2970
3206 2973
3206 2984
3206 2992
3206 3009
3206 3021
3206 3035
3206 3049
3206 3070
3206 3076
3206 3082
3206 3101
3206 3116
3206 3120
3206 3132
3206 3145
3206 3146
3206 3188
3206 3201
3206 3239
3206 3240
3206 3247
3206 3252
3206 3280
3206 3291
3206 3316
3206 3320
3206 3344
3206 3347
3206 3351
3206 3355
3206 3391
3206 3397
3206 3416
3206 3434
3207 1684
3207 2662
3207 2711
3207 2713
3207 2724
3207 2728
3207 2730
3207 2779
3207 2829
3207 2830
3207 2892
3207 2900
3207 2951
3207 2990
3207 3001
3207 3002
3207 3019
3207 3077
3207 3086
3207 3103
3207 3120
3207 3154
3207 3162
3207 3168
3207 3176
3207 3177
3207 3223
3207 3233
3207 3241
3207 3252
3207 3273
3207 3285
3207 3295
3207 3350
3207 3356
3207 3359
3207 3366
3207 3371
3207 3410
3207 3412
3207 3420
3208 1684
3208 2715
3208 2832
3208 2841
3208 3016
3208 3048
3208 3081
3208 3088
3208 3138
3208 3171
3208 3178
3208 3203
3208 3214
3208 3411
3208 3431
3209 1684
3209 2687
3209 2716
3209 2742
3209 2780
3209 2785
3209 2828
3209 2846
3209 2914
3209 3013
3209 3038
3209 3041
3209 3046
3209 3058
3209 3060
3209 3089
3209 3188
3209 3194
3209 3212
3209 3260
3209 3299
3209 3320
3209 3345
3209 3360
3210 1684
3210 2724
3210 2730
3210 3019
3210 3167
3210 3173
3210 3203
3210 3233
3210 3302
3210 3313
3210 3346
3210 3366
3210 3411
3210 3415
3211 1684
3211 2667
3211 2702
3211 2709
3211 2730
3211 2780
3211 2784
3211 2787
3211 2795
3211 2803
3211 2826
3211 2844
3211 2904
3211 2946
3211 3035
3211 3072
3211 3138
3211 3170
3211 3178
3211 3215
3211 3329
3211 3330
3211 3346
3211 3374
3211 3431
3212 1684
3212 2687
3212 2716
3212 2742
3212 2780
3212 2785
3212 2793
3212 2833
3212 2846
3212 2849
3212 2856
3212 2868
3212 2904
3212 2973
3212 3013
3212 3038
3212 3046
3212 3058
3212 3072
3212 3089
3212 3109
3212 3116
3212 3132
3212 3188
3212 3194
3212 3209
3212 3240
3212 3299
3212 3321
3212 3335
3212 3345
3212 3355
3212 3360
3212 3406
3212 3434
3213 1684
3213 2695
3213 2706
3213 2759
3213 2763
3213 2782
3213 2786
3213 2800
3213 2806
3213 2810
3213 2839
3213 2854
3213 2867
3213 2880
3213 2909
3213 2915
3213 2920
3213 2943
3213 2944
3213 2945
3213 2967
3213 2974
3213 3000
3213 3023
3213 3026
3213 3092
3213 3117
3213 3142
3213 3184
3213 3220
3213 3234
3213 3303
3213 3324
3213 3363
3213 3394
3213 3417
3214 1684
3214 2665
3214 2667
3214 2715
3214 2730
3214 2762
3214 2771
3214 2772
3214 2781
3214 2784
3214 2787
3214 2793
3214 2803
3214 2813
3214 2831
3214 2832
3214 2836
3214 2841
3214 2848
3214 2863
3214 2876
3214 2878
3214 2898
3214 2901
3214 2904
3214 2914
3214 2921
3214 2951
3214 2996
3214 3002
3214 3005
3214 3009
3214 3016
3214 3027
3214 3050
3214 3072
3214 3097
3214 3101
3214 3116
3214 3117
3214 3136
3214 3140
3214 3144
3214 3151
3214 3171
3214 3208
3214 3219
3214 3221
3214 3248
3214 3249
3214 3253
3214 3276
3214 3279
3214 3296
3214 3312
3214 3326
3214 3327
3214 3337
3214 3342
3214 3365
3214 3379
3214 3383
3214 3419
3215 1684
3215 2668
3215 2720
3215 2723
3215 2730
3215 2748
3215 2751
3215 2868
3215 2904
3215 2946
3215 2954
3215 3097
3215 3107
3215 3117
3215 3124
3215 3148
3215 3211
3215 3224
3215 3239
3215 3272
3215 3274
3215 3280
3215 3302
3215 3307
3215 3335
3216 1684
3216 2776
3216 2861
3216 3053
3216 3141
3216 3197
3216 3200
3217 1684
3217 2686
3217 2895
3217 3027
3217 3034
3217 3302
3218 1684
3218 2799
3218 2861
3218 3053
3218 3105
3218 3122
3218 3141
3218 3200
3218 3354
3219 1684
3219 2675
3219 2686
3219 2702
3219 2730
3219 2758
3219 2780
3219 2784
3219 2871
3219 2932
3219 2950
3219 2951
3219 2955
3219 3062
3219 3087
3219 3107
3219 3111
3219 3136
3219 3140
3219 3189
3219 3198
3219 3214
3219 3255
3219 3256
3219 3259
3219 3330
3219 3331
3219 3337
3219 3340
3219 3341
3219 3342
3219 3365
3219 3369
3219 3379
3219 3385
3219 3395
3219 3404
3219 3409
3219 3415
3220 1684
3220 2679
3220 2683
3220 2689
3220 2706
3220 2738
3220 2741
3220 2743
3220 2749
3220 2754
3220 2756
3220 2757
3220 2763
3220 2777
3220 2786
3220 2800
3220 2810
3220 2839
3220 2852
3220 2862
3220 2880
3220 2887
3220 2906
3220 2907
3220 2908
3220 2910
3220 2920
3220 2924
3220 2927
3220 2928
3220 2929
3220 2940
3220 2943
3220 2944
3220 2945
3220 2956
3220 2969
3220 2974
3220 2986
3220 3000
3220 3029
3220 3056
3220 3073
3220 3090
3220 3135
3220 3158
3220 3213
3220 3232
3220 3293
3220 3324
3220 3362
3220 3363
3220 3417
3220 3433
3221 1684
3221 2724
3221 2730
3221 2762
3221 2771
3221 2772
3221 2781
3221 2801
3221 2819
3221 2836
3221 2841
3221 2921
3221 2954
3221 2955
3221 3002
3221 3173
3221 3190
3221 3196
3221 3214
3221 3248
3221 3249
3221 3275
3221 3327
3221 3346
3221 3383
3221 3389
3222 990
3222 1534
3222 1666
3222 1684
3222 1726
3222 2678
3222 2760
3222 2764
3222 2822
3222 2999
3222 3057
3222 3245
3222 3263
3222 3278
3222 3340
3223 1684
3223 2713
3223 2724
3223 2883
3223 2973
3223 2984
3223 3001
3223 3077
3223 3150
3223 3154
3223 3176
3223 3191
3223 3207
3223 3241
3223 3244
3223 3285
3223 3342
3223 3366
3223 3371
3223 3406
3223 3410
3223 3412
3223 3420
3224 1684
3224 2661
3224 2665
3224 2712
3224 2713
3224 2720
3224 2742
3224 2748
3224 2751
3224 2793
3224 2833
3224 2868
3224 2901
3224 2913
3224 2936
3224 2937
3224 2951
3224 2992
3224 2996
3224 3002
3224 3017
3224 3038
3224 3051
3224 3082
3224 3101
3224 3106
3224 3111
3224 3115
3224 3120
3224 3197
3224 3203
3224 3215
3224 3239
3224 3240
3224 3252
3224 3260
3224 3267
3224 3291
3224 3299
3224 3313
3224 3321
3224 3330
3224 3342
3224 3344
3224 3345
3224 3351
3224 3353
3224 3355
3224 3360
3224 3386
3224 3391
3224 3397
3224 3406
3224 3421
3224 3434
3225 1684
3225 2719
3225 2778
3225 2840
3225 2894
3225 3017
3225 3024
3225 3039
3225 3076
3225 3101
3225 3111
3225 3140
3225 3161
3225 3172
3225 3176
3225 3182
3225 3185
3225 3261
3225 3274
3225 3281
3225 3287
3225 3288
3225 3320
3225 3328
3225 3386
3225 3396
3225 3403
3225 3422
3226 1684
3226 2664
3226 2666
3226 2669
3226 2676
3226 2694
3226 2698
3226 2717
3226 2750
3226 2754
3226 2755
3226 2757
3226 2777
3226 2782
3226 2815
3226 2827
3226 2835
3226 2839
3226 2852
3226 2864
3226 2866
3226 2872
3226 2873
3226 2877
3226 2890
3226 2897
3226 2905
3226 2906
3226 2909
3226 2910
3226 2911
3226 2912
3226 2913
3226 2915
3226 2916
3226 2920
3226 2925
3226 2943
3226 2944
3226 2960
3226 2966
3226 2985
3226 2986
3226 2993
3226 3000
3226 3004
3226 3022
3226 3026
3226 3033
3226 3040
3226 3047
3226 3052
3226 3054
3226 3056
3226 3064
3226 3065
3226 3078
3226 3092
3226 3096
3226 3098
3226 3108
3226 3129
3226 3142
3226 3149
3226 3163
3226 3174
3226 3184
3226 3195
3226 3232
3226 3284
3226 3339
3226 3348
3226 3363
3226 3387
3226 3390
3226 3399
3226 3417
3226 3426
3226 3433
3227 1684
3227 2884
3227 2961
3227 3269
3227 3324
3228 1684
3228 2669
3228 2680
3228 2681
3228 2741
3228 2754
3228 2755
3228 2763
3228 2777
3228 2786
3228 2839
3228 2850
3228 2854
3228 2896
3228 2897
3228 2905
3228 2911
3228 2916
3228 2925
3228 2943
3228 2946
3228 2960
3228 2986
3228 3033
3228 3054
3228 3056
3228 3065
3228 3085
3228 3117
3228 3129
3228 3137
3228 3293
3228 3324
3228 3348
3228 3363
3228 3426
3229 1684
3229 2663
3229 2726
3229 2738
3229 2851
3229 2890
3229 2899
3229 3090
3229 3137
3229 3139
3229 3153
3229 3231
3229 3300
3229 3392
3230 1684
3231 1684
3231 2663
3231 2726
3231 2731
3231 2738
3231 2789
3231 2807
3231 2809
3231 2837
3231 2851
3231 2888
3231 2978
3231 3010
3231 3025
3231 3030
3231 3036
3231 3080
3231 3090
3231 3114
3231 3123
3231 3137
3231 3139
3231 3229
3231 3269
3231 3317
3231 3392
3231 3394
3231 3400
3232 1684
3232 2664
3232 2666
3232 2669
3232 2676
3232 2680
3232 2683
3232 2689
3232 2694
3232 2698
3232 2738
3232 2750
3232 2754
3232 2755
3232 2756
3232 2757
3232 2763
3232 2777
3232 2782
3232 2800
3232 2815
3232 2827
3232 2839
3232 2862
3232 2864
3232 2866
3232 2867
3232 2872
3232 2873
3232 2874
3232 2877
3232 2880
3232 2890
3232 2897
3232 2905
3232 2909
3232 2910
3232 2911
3232 2912
3232 2913
3232 2915
3232 2916
3232 2919
3232 2920
3232 2927
3232 2929
3232 2940
3232 2943
3232 2944
3232 2956
3232 2960
3232 2966
3232 2981
3232 2985
3232 2986
3232 2988
3232 2993
3232 3000
3232 3004
3232 3014
3232 3022
3232 3023
3232 3026
3232 3033
3232 3040
3232 3044
3232 3047
3232 3052
3232 3054
3232 3056
3232 3064
3232 3065
3232 3073
3232 3078
3232 3084
3232 3085
3232 3090
3232 3096
3232 3098
3232 3104
3232 3108
3232 3119
3232 3137
3232 3142
3232 3149
3232 3158
3232 3166
3232 3174
3232 3195
3232 3202
3232 3220
3232 3226
3232 3234
3232 3237
3232 3257
3232 3284
3232 3301
3232 3324
3232 3339
3232 3348
3232 3363
3232 3387
3232 3400
3232 3417
3232 3426
3233 1405
3233 1684
3233 2662
3233 2682
3233 2692
3233 2711
3233 2724
3233 2728
3233 2730
3233 2737
3233 2739
3233 2758
3233 2775
3233 2779
3233 2780
3233 2785
3233 2820
3233 2829
3233 2830
3233 2881
3233 2892
3233 2900
3233 2942
3233 2947
3233 2951
3233 2995
3233 3001
3233 3002
3233 3018
3233 3019
3233 3024
3233 3062
3233 3077
3233 3086
3233 3100
3233 3118
3233 3133
3233 3136
3233 3154
3233 3162
3233 3168
3233 3176
3233 3177
3233 3186
3233 3191
3233 3203
3233 3207
3233 3210
3233 3240
3233 3244
3233 3273
3233 3285
3233 3295
3233 3302
3233 3335
3233 3346
3233 3356
3233 3359
3233 3366
3233 3370
3233 3379
3233 3412
3233 3415
3234 1684
3234 2698
3234 2706
3234 2741
3234 2750
3234 2754
3234 2761
3234 2763
3234 2782
3234 2806
3234 2839
3234 2854
3234 2864
3234 2891
3234 2927
3234 2948
3234 2967
3234 2988
3234 3023
3234 3026
3234 3052
3234 3184
3234 3193
3234 3213
3234 3232
3234 3237
3234 3286
3234 3294
3234 3315
3234 3324
3234 3362
3234 3390
3234 3400
3235 1684
3235 2863
3235 3035
3235 3144
3235 3152
3235 3280
3235 3288
3235 3397
3236 1684
3236 2702
3236 2718
3236 2758
3236 2810
3236 2843
3236 2865
3236 2918
3236 2932
3236 2955
3236 3032
3236 3087
3236 3097
3236 3167
3236 3196
3236 3253
3236 3256
3236 3264
3236 3359
3236 3369
3236 3385
3237 1684
3237 2669
3237 2683
3237 2706
3237 2745
3237 2759
3237 2761
3237 2763
3237 2806
3237 2839
3237 2854
3237 2877
3237 2891
3237 2966
3237 3042
3237 3052
3237 3092
3237 3117
3237 3149
3237 3232
3237 3234
3237 3284
3237 3286
3237 3303
3237 3315
3237 3324
3237 3390
3237 3426
3238 1684
3238 2679
3238 2683
3238 2738
3238 2741
3238 2755
3238 2756
3238 2773
3238 2786
3238 2839
3238 2862
3238 2872
3238 2873
3238 2874
3238 2877
3238 2927
3238 2931
3238 2940
3238 2953
3238 2956
3238 2966
3238 2977
3238 2986
3238 2993
3238 3000
3238 3025
3238 3026
3238 3029
3238 3033
3238 3084
3238 3085
3238 3090
3238 3119
3238 3158
3238 3166
3238 3257
3238 3293
3238 3348
3238 3387
3238 3433
3238 3435
3239 1684
3239 2661
3239 2674
3239 2719
3239 2720
3239 2742
3239 2765
3239 2770
3239 2778
3239 2793
3239 2833
3239 2849
3239 2853
3239 2863
3239 2869
3239 2939
3239 2970
3239 2973
3239 2991
3239 3016
3239 3021
3239 3035
3239 3049
3239 3070
3239 3082
3239 3101
3239 3102
3239 3106
3239 3116
3239 3120
3239 3132
3239 3146
3239 3152
3239 3169
3239 3201
3239 3206
3239 3215
3239 3224
3239 3240
3239 3247
3239 3252
3239 3265
3239 3267
3239 3277
3239 3291
3239 3297
3239 3316
3239 3320
3239 3321
3239 3330
3239 3344
3239 3345
3239 3347
3239 3351
3239 3355
3239 3381
3239 3391
3239 3397
3239 3406
3239 3416
3239 3419
3239 3434
3240 1684
3240 2665
3240 2712
3240 2713
3240 2716
3240 2719
3240 2720
3240 2739
3240 2742
3240 2748
3240 2753
3240 2780
3240 2785
3240 2793
3240 2849
3240 2853
3240 2951
3240 2973
3240 2989
3240 2992
3240 2999
3240 3038
3240 3041
3240 3051
3240 3070
3240 3082
3240 3089
3240 3101
3240 3106
3240 3111
3240 3120
3240 3140
3240 3154
3240 3160
3240 3187
3240 3191
3240 3203
3240 3206
3240 3212
3240 3224
3240 3233
3240 3239
3240 3247
3240 3252
3240 3276
3240 3291
3240 3299
3240 3316
3240 3319
3240 3320
3240 3321
3240 3330
3240 3332
3240 3335
3240 3341
3240 3342
3240 3344
3240 3345
3240 3355
3240 3386
3240 3391
3240 3397
3240 3406
3240 3416
3240 3421
3240 3434
3241 1684
3241 2713
3241 2728
3241 2829
3241 2951
3241 2990
3241 3007
3241 3077
3241 3086
3241 3103
3241 3176
3241 3177
3241 3207
3241 3223
3241 3285
3241 3371
3241 3410
3241 3412
3241 3420
3242 1684
3242 2667
3242 2690
3242 2768
3242 2772
3242 2856
3242 2868
3242 2965
3242 3099
3242 3107
3242 3148
3242 3205
3242 3274
3242 3329
3242 3411
3243 1684
3243 2679
3243 2738
3243 2741
3243 2743
3243 2754
3243 2786
3243 2835
3243 2867
3243 2874
3243 2890
3243 2915
3243 2928
3243 2943
3243 2944
3243 2945
3243 2956
3243 2977
3243 3054
3243 3084
3243 3104
3243 3293
3243 3363
3243 3384
3243 3417
3243 3433
3243 3435
3244 1684
3244 2696
3244 2697
3244 2730
3244 2735
3244 2820
3244 2870
3244 2934
3244 2962
3244 3001
3244 3077
3244 3223
3244 3233
3244 3246
3245 990
3245 1450
3245 1505
3245 1534
3245 1666
3245 1684
3245 3001
3245 3011
3245 3161
3245 3205
3245 3222
3245 3263
3245 3278
3245 3403
3246 1684
3246 2696
3246 2697
3246 2820
3246 2870
3246 2934
3246 2950
3246 3001
3246 3107
3246 3186
3246 3244
3246 3275
3246 3295
3246 3321
3247 1684
3247 2661
3247 2674
3247 2742
3247 2748
3247 2765
3247 2770
3247 2778
3247 2780
3247 2793
3247 2828
3247 2849
3247 2853
3247 2863
3247 2904
3247 2937
3247 2939
3247 2970
3247 2973
3247 2989
3247 2991
3247 2992
3247 3007
3247 3021
3247 3035
3247 3038
3247 3049
3247 3070
3247 3082
3247 3101
3247 3102
3247 3106
3247 3115
3247 3116
3247 3120
3247 3132
3247 3146
3247 3150
3247 3152
3247 3169
3247 3179
3247 3188
3247 3201
3247 3206
3247 3239
3247 3240
3247 3252
3247 3265
3247 3277
3247 3280
3247 3291
3247 3296
3247 3297
3247 3316
3247 3330
3247 3335
3247 3344
3247 3347
3247 3351
3247 3355
3247 3381
3247 3391
3247 3397
3247 3416
3247 3419
3247 3434
3248 990
3248 1534
3248 1684
3248 2665
3248 2696
3248 2700
3248 2736
3248 2762
3248 2771
3248 2836
3248 2841
3248 2858
3248 2875
3248 2898
3248 2954
3248 3018
3248 3043
3248 3046
3248 3072
3248 3190
3248 3214
3248 3221
3248 3274
3248 3313
3248 3327
3248 3360
3248 3383
3248 3389
3248 3395
3248 3424
3248 3431
3249 1684
3249 2665
3249 2785
3249 2812
3249 2878
3249 2921
3249 2989
3249 3002
3249 3087
3249 3187
3249 3214
3249 3221
3249 3346
3249 3421
