3250 1684
3250 2664
3250 2666
3250 2676
3250 2694
3250 2717
3250 2754
3250 2755
3250 2782
3250 2800
3250 2815
3250 2839
3250 2864
3250 2866
3250 2872
3250 2877
3250 2909
3250 2910
3250 2911
3250 2912
3250 2913
3250 2916
3250 2925
3250 2960
3250 2966
3250 3033
3250 3078
3250 3085
3250 3090
3250 3108
3250 3142
3250 3195
3250 3363
3250 3387
3251 1684
3251 2732
3251 2902
3251 2930
3251 3105
3251 3131
3251 3180
3251 3181
3251 3372
3252 1684
3252 2661
3252 2674
3252 2712
3252 2713
3252 2719
3252 2742
3252 2748
3252 2765
3252 2770
3252 2778
3252 2781
3252 2793
3252 2828
3252 2849
3252 2853
3252 2863
3252 2869
3252 2901
3252 2937
3252 2939
3252 2951
3252 2970
3252 2973
3252 2989
3252 2991
3252 2992
3252 3007
3252 3016
3252 3021
3252 3035
3252 3038
3252 3049
3252 3051
3252 3070
3252 3082
3252 3089
3252 3101
3252 3102
3252 3106
3252 3113
3252 3115
3252 3116
3252 3120
3252 3132
3252 3146
3252 3150
3252 3152
3252 3154
3252 3169
3252 3188
3252 3198
3252 3201
3252 3206
3252 3207
3252 3224
3252 3239
3252 3240
3252 3247
3252 3265
3252 3267
3252 3277
3252 3280
3252 3291
3252 3297
3252 3299
3252 3316
3252 3320
3252 3321
3252 3330
3252 3335
3252 3342
3252 3344
3252 3345
3252 3347
3252 3351
3252 3355
3252 3381
3252 3385
3252 3391
3252 3397
3252 3406
3252 3411
3252 3416
3252 3419
3252 3434
3253 1684
3253 2665
3253 2675
3253 2700
3253 2718
3253 2724
3253 2730
3253 2758
3253 2787
3253 2793
3253 2833
3253 2865
3253 2871
3253 2878
3253 2894
3253 2904
3253 2914
3253 2932
3253 2938
3253 2951
3253 2955
3253 2999
3253 3027
3253 3032
3253 3072
3253 3077
3253 3087
3253 3101
3253 3111
3253 3132
3253 3136
3253 3150
3253 3154
3253 3179
3253 3187
3253 3188
3253 3196
3253 3198
3253 3214
3253 3236
3253 3255
3253 3256
3253 3264
3253 3289
3253 3327
3253 3345
3253 3369
3253 3385
3253 3404
3253 3411
3253 3431
3254 1684
3254 2734
3254 2795
3254 2957
3254 3005
3254 3011
3254 3148
3254 3272
3254 3280
3254 3343
3254 3409
3254 3411
3255 1684
3255 2672
3255 2718
3255 2730
3255 2744
3255 2758
3255 2762
3255 2783
3255 2801
3255 2841
3255 2843
3255 2847
3255 2918
3255 2932
3255 2955
3255 3032
3255 3087
3255 3140
3255 3144
3255 3145
3255 3156
3255 3162
3255 3167
3255 3187
3255 3196
3255 3198
3255 3219
3255 3253
3255 3256
3255 3264
3255 3369
3255 3385
3256 1684
3256 2668
3256 2675
3256 2686
3256 2715
3256 2718
3256 2730
3256 2744
3256 2758
3256 2772
3256 2780
3256 2787
3256 2801
3256 2803
3256 2812
3256 2816
3256 2825
3256 2831
3256 2832
3256 2843
3256 2863
3256 2865
3256 2871
3256 2901
3256 2914
3256 2918
3256 2921
3256 2926
3256 2932
3256 2950
3256 2955
3256 3032
3256 3050
3256 3087
3256 3124
3256 3136
3256 3154
3256 3156
3256 3167
3256 3187
3256 3196
3256 3219
3256 3236
3256 3253
3256 3255
3256 3263
3256 3264
3256 3274
3256 3312
3256 3338
3256 3358
3256 3365
3256 3369
3256 3376
3256 3385
3256 3393
3256 3397
3256 3401
3256 3402
3256 3418
3256 3425
3256 3427
3256 3429
3257 1684
3257 2679
3257 2681
3257 2683
3257 2729
3257 2731
3257 2738
3257 2741
3257 2749
3257 2754
3257 2756
3257 2786
3257 2807
3257 2837
3257 2873
3257 2928
3257 2931
3257 2944
3257 2945
3257 2966
3257 2977
3257 2993
3257 3000
3257 3025
3257 3026
3257 3029
3257 3042
3257 3084
3257 3090
3257 3119
3257 3123
3257 3129
3257 3137
3257 3232
3257 3238
3257 3293
3257 3362
3257 3364
3257 3387
3257 3426
3257 3433
3257 3435
3258 1505
3258 1666
3258 1684
3258 2672
3258 2684
3258 2701
3258 2708
3258 2719
3258 2733
3258 2742
3258 2797
3258 2823
3258 2833
3258 2863
3258 2875
3258 2883
3258 2894
3258 2903
3258 2937
3258 2950
3258 2968
3258 2976
3258 3011
3258 3017
3258 3020
3258 3038
3258 3060
3258 3076
3258 3079
3258 3116
3258 3152
3258 3172
3258 3179
3258 3182
3258 3191
3258 3262
3258 3274
3258 3291
3258 3299
3258 3320
3258 3332
3258 3342
3258 3350
3258 3360
3258 3396
3258 3411
3258 3434
3259 1684
3259 2665
3259 2675
3259 2686
3259 2715
3259 2735
3259 2758
3259 2784
3259 2841
3259 2871
3259 2921
3259 2950
3259 2951
3259 3018
3259 3032
3259 3081
3259 3115
3259 3136
3259 3189
3259 3198
3259 3199
3259 3219
3259 3263
3259 3276
3259 3330
3259 3337
3259 3365
3259 3369
3259 3380
3259 3395
3259 3404
3260 1684
3260 2716
3260 2742
3260 2846
3260 2936
3260 3013
3260 3038
3260 3046
3260 3051
3260 3060
3260 3082
3260 3089
3260 3109
3260 3132
3260 3145
3260 3188
3260 3194
3260 3209
3260 3224
3260 3287
3260 3288
3260 3292
3260 3298
3260 3299
3260 3345
3260 3360
3260 3386
3260 3406
3261 1684
3261 2661
3261 2672
3261 2701
3261 2719
3261 2753
3261 2778
3261 2781
3261 2796
3261 2818
3261 2823
3261 2828
3261 2845
3261 2875
3261 2881
3261 2894
3261 2936
3261 2950
3261 2958
3261 2976
3261 3017
3261 3034
3261 3039
3261 3051
3261 3067
3261 3076
3261 3101
3261 3111
3261 3113
3261 3116
3261 3145
3261 3172
3261 3179
3261 3182
3261 3185
3261 3201
3261 3225
3261 3262
3261 3274
3261 3280
3261 3287
3261 3291
3261 3298
3261 3320
3261 3332
3261 3335
3261 3350
3261 3377
3261 3378
3261 3396
3261 3397
3261 3403
3261 3422
3261 3434
3262 1684
3262 2672
3262 2684
3262 2701
3262 2708
3262 2719
3262 2733
3262 2797
3262 2823
3262 2894
3262 2937
3262 2958
3262 3011
3262 3076
3262 3079
3262 3179
3262 3182
3262 3258
3262 3261
3262 3287
3262 3332
3262 3350
3262 3396
3262 3411
3263 990
3263 1450
3263 1534
3263 1642
3263 1656
3263 1666
3263 1684
3263 1726
3263 2665
3263 2678
3263 2685
3263 2716
3263 2718
3263 2720
3263 2724
3263 2760
3263 2764
3263 2768
3263 2822
3263 2845
3263 2847
3263 2859
3263 2865
3263 2921
3263 2941
3263 2946
3263 2951
3263 2957
3263 2984
3263 2999
3263 3002
3263 3011
3263 3020
3263 3034
3263 3057
3263 3061
3263 3072
3263 3077
3263 3081
3263 3086
3263 3089
3263 3107
3263 3118
3263 3164
3263 3205
3263 3222
3263 3245
3263 3256
3263 3259
3263 3266
3263 3278
3263 3279
3263 3287
3263 3308
3263 3398
3263 3403
3263 3405
3263 3406
3264 1684
3264 2675
3264 2686
3264 2715
3264 2718
3264 2730
3264 2758
3264 2816
3264 2843
3264 2865
3264 2918
3264 2932
3264 2951
3264 2955
3264 3032
3264 3087
3264 3136
3264 3156
3264 3187
3264 3196
3264 3236
3264 3253
3264 3255
3264 3256
3264 3337
3264 3358
3264 3365
3264 3369
3264 3385
3264 3402
3264 3404
3265 1534
3265 1684
3265 2661
3265 2674
3265 2722
3265 2742
3265 2765
3265 2770
3265 2778
3265 2780
3265 2828
3265 2833
3265 2849
3265 2853
3265 2863
3265 2923
3265 2939
3265 2970
3265 2991
3265 3021
3265 3035
3265 3049
3265 3070
3265 3082
3265 3101
3265 3102
3265 3115
3265 3116
3265 3132
3265 3146
3265 3150
3265 3152
3265 3169
3265 3179
3265 3188
3265 3201
3265 3239
3265 3247
3265 3252
3265 3267
3265 3277
3265 3280
3265 3297
3265 3316
3265 3351
3265 3397
3265 3416
3265 3419
3266 1684
3266 2724
3266 3061
3266 3081
3266 3263
3266 3308
3266 3398
3266 3405
3267 1684
3267 2674
3267 2716
3267 2719
3267 2742
3267 2753
3267 2765
3267 2778
3267 2781
3267 2793
3267 2796
3267 2802
3267 2823
3267 2832
3267 2833
3267 2840
3267 2849
3267 2853
3267 2863
3267 2869
3267 2901
3267 2904
3267 2936
3267 2937
3267 2939
3267 2980
3267 2991
3267 2992
3267 3016
3267 3035
3267 3049
3267 3051
3267 3070
3267 3082
3267 3094
3267 3101
3267 3102
3267 3106
3267 3113
3267 3116
3267 3120
3267 3132
3267 3145
3267 3146
3267 3150
3267 3169
3267 3185
3267 3201
3267 3204
3267 3224
3267 3239
3267 3252
3267 3265
3267 3270
3267 3277
3267 3280
3267 3291
3267 3297
3267 3299
3267 3316
3267 3320
3267 3330
3267 3335
3267 3344
3267 3347
3267 3351
3267 3365
3267 3378
3267 3381
3267 3397
3267 3416
3267 3419
3268 1684
3268 3407
3269 1684
3269 2809
3269 2837
3269 3010
3269 3045
3269 3080
3269 3227
3269 3231
3269 3400
3270 1684
3270 2863
3270 2869
3270 2980
3270 3016
3270 3267
3271 1684
3271 2776
3271 2788
3271 2861
3271 3141
3272 1684
3272 2661
3272 2733
3272 2778
3272 2785
3272 2811
3272 2819
3272 2828
3272 2833
3272 2855
3272 2875
3272 2876
3272 2904
3272 2936
3272 2950
3272 2976
3272 2995
3272 3060
3272 3076
3272 3082
3272 3088
3272 3113
3272 3116
3272 3148
3272 3150
3272 3172
3272 3182
3272 3185
3272 3201
3272 3215
3272 3254
3272 3274
3272 3280
3272 3291
3272 3306
3272 3320
3272 3328
3272 3347
3272 3350
3272 3351
3272 3360
3272 3378
3272 3381
3272 3422
3273 1684
3273 2724
3273 2728
3273 2737
3273 2739
3273 2775
3273 2812
3273 2881
3273 2947
3273 2962
3273 2995
3273 3001
3273 3002
3273 3019
3273 3077
3273 3133
3273 3162
3273 3168
3273 3177
3273 3207
3273 3233
3273 3295
3273 3346
3273 3366
3273 3373
3273 3412
3274 1684
3274 2661
3274 2662
3274 2665
3274 2669
3274 2672
3274 2696
3274 2716
3274 2719
3274 2748
3274 2768
3274 2772
3274 2778
3274 2783
3274 2796
3274 2844
3274 2863
3274 2881
3274 2894
3274 2895
3274 2935
3274 2951
3274 2965
3274 2984
3274 3017
3274 3027
3274 3038
3274 3039
3274 3051
3274 3076
3274 3093
3274 3097
3274 3111
3274 3117
3274 3145
3274 3152
3274 3172
3274 3182
3274 3185
3274 3192
3274 3215
3274 3225
3274 3242
3274 3248
3274 3256
3274 3258
3274 3261
3274 3272
3274 3281
3274 3287
3274 3291
3274 3302
3274 3313
3274 3320
3274 3350
3274 3353
3274 3360
3274 3367
3274 3375
3274 3377
3274 3396
3274 3397
3274 3422
3275 1684
3275 2690
3275 2696
3275 2697
3275 2702
3275 2762
3275 2784
3275 2820
3275 2832
3275 2858
3275 2870
3275 2889
3275 2901
3275 2934
3275 2996
3275 3020
3275 3097
3275 3107
3275 3140
3275 3190
3275 3203
3275 3221
3275 3246
3275 3291
3275 3292
3275 3318
3275 3327
3275 3359
3275 3385
3276 1684
3276 2661
3276 2668
3276 2715
3276 2716
3276 2768
3276 2818
3276 2832
3276 2914
3276 2958
3276 3017
3276 3048
3276 3205
3276 3214
3276 3240
3276 3259
3276 3299
3276 3340
3276 3343
3276 3353
3277 1684
3277 2661
3277 2667
3277 2674
3277 2712
3277 2719
3277 2742
3277 2762
3277 2765
3277 2770
3277 2778
3277 2781
3277 2793
3277 2796
3277 2828
3277 2832
3277 2833
3277 2849
3277 2853
3277 2863
3277 2869
3277 2901
3277 2939
3277 2991
3277 2992
3277 2996
3277 3016
3277 3018
3277 3021
3277 3035
3277 3038
3277 3049
3277 3051
3277 3070
3277 3082
3277 3101
3277 3102
3277 3113
3277 3120
3277 3132
3277 3140
3277 3145
3277 3146
3277 3150
3277 3154
3277 3169
3277 3185
3277 3188
3277 3201
3277 3204
3277 3239
3277 3247
3277 3252
3277 3265
3277 3267
3277 3280
3277 3291
3277 3297
3277 3316
3277 3320
3277 3321
3277 3330
3277 3344
3277 3351
3277 3378
3277 3381
3277 3391
3277 3397
3277 3416
3277 3419
3277 3434
3278 990
3278 1450
3278 1505
3278 1534
3278 1656
3278 1666
3278 1684
3278 2693
3278 2764
3278 2822
3278 2883
3278 3057
3278 3185
3278 3205
3278 3222
3278 3245
3278 3263
3278 3335
3278 3361
3279 1684
3279 2668
3279 2685
3279 2728
3279 2729
3279 2762
3279 2780
3279 2914
3279 2954
3279 2958
3279 2996
3279 3009
3279 3076
3279 3097
3279 3111
3279 3136
3279 3138
3279 3214
3279 3263
3279 3305
3279 3326
3279 3353
3279 3374
3279 3395
3279 3432
3280 1684
3280 2661
3280 2672
3280 2674
3280 2701
3280 2712
3280 2716
3280 2719
3280 2742
3280 2753
3280 2770
3280 2778
3280 2781
3280 2785
3280 2793
3280 2796
3280 2803
3280 2811
3280 2819
3280 2828
3280 2833
3280 2848
3280 2849
3280 2853
3280 2855
3280 2863
3280 2869
3280 2875
3280 2876
3280 2894
3280 2904
3280 2937
3280 2939
3280 2950
3280 2958
3280 2965
3280 2970
3280 2973
3280 2976
3280 2991
3280 2992
3280 3021
3280 3035
3280 3049
3280 3051
3280 3060
3280 3076
3280 3082
3280 3088
3280 3101
3280 3102
3280 3111
3280 3112
3280 3113
3280 3115
3280 3116
3280 3120
3280 3132
3280 3145
3280 3148
3280 3150
3280 3152
3280 3169
3280 3170
3280 3172
3280 3179
3280 3182
3280 3185
3280 3188
3280 3199
3280 3201
3280 3204
3280 3206
3280 3215
3280 3235
3280 3247
3280 3252
3280 3254
3280 3261
3280 3265
3280 3267
3280 3272
3280 3277
3280 3288
3280 3291
3280 3296
3280 3297
3280 3298
3280 3306
3280 3320
3280 3327
3280 3330
3280 3332
3280 3344
3280 3347
3280 3350
3280 3351
3280 3360
3280 3378
3280 3381
3280 3391
3280 3396
3280 3397
3280 3419
3280 3422
3280 3431
3280 3434
3281 1684
3281 2719
3281 2840
3281 3017
3281 3076
3281 3225
3281 3274
3281 3320
3281 3367
3281 3377
3281 3378
3281 3396
3282 1684
3282 3136
3283 1684
3283 2670
3283 2699
3283 2703
3283 2834
3283 2879
3283 2959
3283 2972
3283 2982
3283 3008
3283 3309
3283 3314
3283 3318
3283 3325
3283 3382
3283 3423
3284 1684
3284 2664
3284 2666
3284 2669
3284 2676
3284 2680
3284 2689
3284 2694
3284 2698
3284 2745
3284 2750
3284 2754
3284 2755
3284 2757
3284 2777
3284 2782
3284 2786
3284 2800
3284 2827
3284 2839
3284 2864
3284 2866
3284 2872
3284 2874
3284 2877
3284 2880
3284 2896
3284 2906
3284 2908
3284 2910
3284 2911
3284 2916
3284 2919
3284 2920
3284 2925
3284 2927
3284 2943
3284 2944
3284 2960
3284 2966
3284 2969
3284 2974
3284 2985
3284 2986
3284 3004
3284 3022
3284 3033
3284 3040
3284 3054
3284 3056
3284 3064
3284 3065
3284 3073
3284 3078
3284 3085
3284 3096
3284 3108
3284 3142
3284 3149
3284 3174
3284 3195
3284 3226
3284 3232
3284 3237
3284 3324
3284 3339
3284 3348
3284 3363
3284 3387
3284 3426
3285 1684
3285 2711
3285 2713
3285 2724
3285 2728
3285 2758
3285 2779
3285 2829
3285 2892
3285 2923
3285 2951
3285 3019
3285 3077
3285 3086
3285 3103
3285 3162
3285 3176
3285 3177
3285 3207
3285 3223
3285 3233
3285 3241
3285 3356
3285 3366
3285 3371
3285 3410
3285 3420
3286 1684
3286 2683
3286 2706
3286 2757
3286 2759
3286 2761
3286 2763
3286 2806
3286 2839
3286 2854
3286 2862
3286 2880
3286 2896
3286 2943
3286 2961
3286 3052
3286 3056
3286 3184
3286 3234
3286 3237
3286 3324
3286 3414
3286 3417
3287 1684
3287 2701
3287 2716
3287 2719
3287 2734
3287 2768
3287 2778
3287 2796
3287 2812
3287 2823
3287 2840
3287 2845
3287 2875
3287 2881
3287 2976
3287 3002
3287 3005
3287 3011
3287 3015
3287 3017
3287 3034
3287 3039
3287 3051
3287 3060
3287 3072
3287 3076
3287 3089
3287 3111
3287 3118
3287 3145
3287 3172
3287 3185
3287 3225
3287 3260
3287 3261
3287 3262
3287 3263
3287 3274
3287 3298
3287 3320
3287 3332
3287 3353
3287 3355
3287 3377
3287 3396
3287 3403
3287 3406
3287 3422
3288 1684
3288 2674
3288 2697
3288 2712
3288 2716
3288 2719
3288 2742
3288 2781
3288 2793
3288 2833
3288 2849
3288 2892
3288 2901
3288 2936
3288 2958
3288 2991
3288 2992
3288 3021
3288 3035
3288 3038
3288 3051
3288 3079
3288 3101
3288 3107
3288 3115
3288 3132
3288 3146
3288 3152
3288 3154
3288 3182
3288 3225
3288 3235
3288 3260
3288 3280
3288 3291
3288 3297
3288 3313
3288 3332
3288 3350
3288 3355
3288 3360
3288 3386
3288 3393
3288 3397
3288 3411
3288 3419
3288 3422
3288 3434
3289 1450
3289 1666
3289 1684
3289 2730
3289 2819
3289 2869
3289 2938
3289 2955
3289 2964
3289 2976
3289 3062
3289 3076
3289 3087
3289 3196
3289 3253
3289 3302
3289 3331
3289 3341
3289 3396
3290 58
3290 171
3290 1171
3290 1684
3290 2885
3291 1684
3291 2661
3291 2662
3291 2668
3291 2674
3291 2712
3291 2713
3291 2715
3291 2716
3291 2719
3291 2720
3291 2723
3291 2742
3291 2748
3291 2751
3291 2753
3291 2770
3291 2781
3291 2783
3291 2787
3291 2793
3291 2812
3291 2828
3291 2833
3291 2836
3291 2849
3291 2859
3291 2901
3291 2904
3291 2936
3291 2937
3291 2939
3291 2951
3291 2973
3291 2976
3291 2984
3291 2989
3291 2992
3291 2996
3291 3002
3291 3017
3291 3027
3291 3038
3291 3049
3291 3051
3291 3060
3291 3076
3291 3082
3291 3088
3291 3093
3291 3101
3291 3106
3291 3107
3291 3113
3291 3115
3291 3116
3291 3120
3291 3132
3291 3140
3291 3145
3291 3146
3291 3150
3291 3152
3291 3154
3291 3169
3291 3170
3291 3172
3291 3177
3291 3182
3291 3191
3291 3198
3291 3201
3291 3203
3291 3204
3291 3206
3291 3224
3291 3239
3291 3240
3291 3247
3291 3252
3291 3258
3291 3261
3291 3267
3291 3272
3291 3274
3291 3275
3291 3277
3291 3280
3291 3288
3291 3297
3291 3299
3291 3302
3291 3313
3291 3320
3291 3321
3291 3330
3291 3332
3291 3335
3291 3337
3291 3341
3291 3342
3291 3344
3291 3345
3291 3347
3291 3351
3291 3353
3291 3355
3291 3360
3291 3378
3291 3380
3291 3386
3291 3391
3291 3396
3291 3397
3291 3406
3291 3416
3291 3421
3291 3422
3291 3434
3292 1684
3292 2697
3292 2739
3292 2820
3292 2923
3292 3005
3292 3027
3292 3260
3292 3275
3292 3302
3292 3331
3292 3341
3293 1684
3293 2679
3293 2681
3293 2683
3293 2706
3293 2729
3293 2738
3293 2741
3293 2743
3293 2754
3293 2756
3293 2773
3293 2786
3293 2810
3293 2839
3293 2850
3293 2862
3293 2867
3293 2872
3293 2873
3293 2874
3293 2887
3293 2890
3293 2896
3293 2906
3293 2907
3293 2915
3293 2924
3293 2928
3293 2940
3293 2943
3293 2945
3293 2956
3293 2977
3293 2994
3293 3000
3293 3014
3293 3026
3293 3073
3293 3078
3293 3084
3293 3090
3293 3104
3293 3119
3293 3135
3293 3158
3293 3220
3293 3228
3293 3238
3293 3243
3293 3257
3293 3339
3293 3348
3293 3362
3293 3363
3293 3384
3293 3394
3293 3426
3293 3433
3293 3435
3294 1684
3294 2706
3294 2738
3294 2761
3294 2763
3294 2806
3294 2872
3294 2890
3294 2915
3294 2946
3294 2961
3294 2994
3294 3022
3294 3052
3294 3104
3294 3184
3294 3193
3294 3234
3294 3303
3294 3315
3294 3324
3294 3333
3294 3362
3295 1405
3295 1684
3295 2682
3295 2696
3295 2697
3295 2724
3295 2728
3295 2730
3295 2775
3295 2820
3295 2829
3295 2845
3295 2870
3295 2892
3295 2934
3295 2951
3295 2958
3295 2962
3295 3001
3295 3002
3295 3018
3295 3019
3295 3062
3295 3077
3295 3086
3295 3100
3295 3118
3295 3154
3295 3159
3295 3162
3295 3168
3295 3176
3295 3177
3295 3178
3295 3186
3295 3207
3295 3233
3295 3246
3295 3273
3295 3331
3295 3334
3295 3346
3295 3356
3295 3366
3295 3412
3295 3415
3296 1684
3296 2661
3296 2674
3296 2711
3296 2712
3296 2718
3296 2772
3296 2795
3296 2863
3296 2923
3296 3021
3296 3027
3296 3035
3296 3049
3296 3050
3296 3051
3296 3076
3296 3087
3296 3101
3296 3116
3296 3132
3296 3150
3296 3152
3296 3172
3296 3179
3296 3201
3296 3204
3296 3214
3296 3247
3296 3280
3296 3297
3296 3302
3296 3304
3296 3321
3296 3337
3296 3344
3296 3350
3296 3351
3296 3411
3296 3415
3296 3434
3297 1684
3297 2661
3297 2674
3297 2719
3297 2742
3297 2765
3297 2770
3297 2778
3297 2780
3297 2781
3297 2793
3297 2796
3297 2833
3297 2849
3297 2853
3297 2863
3297 2869
3297 2939
3297 2970
3297 2979
3297 2991
3297 2992
3297 3021
3297 3035
3297 3038
3297 3049
3297 3070
3297 3082
3297 3101
3297 3102
3297 3113
3297 3116
3297 3120
3297 3132
3297 3145
3297 3146
3297 3150
3297 3152
3297 3169
3297 3179
3297 3182
3297 3185
3297 3201
3297 3204
3297 3239
3297 3247
3297 3252
3297 3265
3297 3267
3297 3277
3297 3280
3297 3288
3297 3291
3297 3296
3297 3316
3297 3330
3297 3335
3297 3351
3297 3381
3297 3391
3297 3397
3297 3416
3297 3419
3298 1684
3298 2672
3298 2701
3298 2708
3298 2719
3298 2733
3298 2737
3298 2742
3298 2778
3298 2828
3298 2833
3298 2845
3298 2892
3298 2904
3298 2936
3298 2937
3298 2965
3298 2976
3298 2992
3298 3051
3298 3060
3298 3076
3298 3088
3298 3111
3298 3112
3298 3113
3298 3116
3298 3148
3298 3160
3298 3170
3298 3172
3298 3179
3298 3182
3298 3260
3298 3261
3298 3280
3298 3287
3298 3306
3298 3320
3298 3328
3298 3332
3298 3350
3298 3378
3298 3381
3298 3396
3299 1684
3299 2665
3299 2712
3299 2716
3299 2742
3299 2748
3299 2768
3299 2780
3299 2785
3299 2833
3299 2846
3299 2849
3299 2871
3299 2901
3299 2921
3299 2932
3299 2951
3299 2973
3299 3013
3299 3017
3299 3038
3299 3041
3299 3046
3299 3051
3299 3058
3299 3082
3299 3087
3299 3089
3299 3097
3299 3106
3299 3109
3299 3113
3299 3120
3299 3188
3299 3197
3299 3203
3299 3209
3299 3212
3299 3224
3299 3240
3299 3252
3299 3258
3299 3260
3299 3267
3299 3276
3299 3291
3299 3321
3299 3340
3299 3342
3299 3344
3299 3345
3299 3351
3299 3353
3299 3360
3299 3391
3299 3397
3299 3403
3299 3406
3299 3421
3299 3434
