3300 1684
3300 2663
3300 2710
3300 2769
3300 2789
3300 2807
3300 2851
3300 2888
3300 2978
3300 3045
3300 3059
3300 3084
3300 3130
3300 3139
3300 3229
3300 3392
3300 3426
3300 3430
3301 1684
3301 2669
3301 2676
3301 2681
3301 2683
3301 2689
3301 2694
3301 2705
3301 2743
3301 2755
3301 2757
3301 2782
3301 2827
3301 2867
3301 2873
3301 2896
3301 2905
3301 2906
3301 2917
3301 2943
3301 2944
3301 2948
3301 2966
3301 2969
3301 2985
3301 3026
3301 3056
3301 3065
3301 3078
3301 3096
3301 3098
3301 3129
3301 3149
3301 3193
3301 3195
3301 3232
3301 3363
3301 3387
3301 3426
3301 3436
3302 1684
3302 2661
3302 2677
3302 2688
3302 2693
3302 2725
3302 2730
3302 2747
3302 2748
3302 2751
3302 2764
3302 2768
3302 2785
3302 2787
3302 2790
3302 2848
3302 2858
3302 2859
3302 2869
3302 2875
3302 2895
3302 2914
3302 2936
3302 2939
3302 2946
3302 2958
3302 2962
3302 2992
3302 2996
3302 3005
3302 3021
3302 3024
3302 3027
3302 3038
3302 3070
3302 3072
3302 3097
3302 3101
3302 3110
3302 3111
3302 3115
3302 3116
3302 3117
3302 3140
3302 3146
3302 3150
3302 3162
3302 3204
3302 3210
3302 3215
3302 3217
3302 3233
3302 3274
3302 3289
3302 3291
3302 3292
3302 3296
3302 3321
3302 3330
3302 3341
3302 3343
3302 3347
3302 3350
3302 3351
3302 3356
3302 3373
3302 3403
3303 1684
3303 2695
3303 2706
3303 2759
3303 2761
3303 2763
3303 2782
3303 2798
3303 2854
3303 2877
3303 2891
3303 2897
3303 2906
3303 2909
3303 2913
3303 2915
3303 2944
3303 2961
3303 2966
3303 2967
3303 2978
3303 3014
3303 3026
3303 3042
3303 3052
3303 3054
3303 3090
3303 3092
3303 3095
3303 3184
3303 3213
3303 3237
3303 3294
3303 3315
3303 3324
3303 3426
3304 1405
3304 1684
3304 2664
3304 2676
3304 2680
3304 2694
3304 2705
3304 2746
3304 2757
3304 2777
3304 2782
3304 2815
3304 2839
3304 2866
3304 2896
3304 2905
3304 2915
3304 2916
3304 2919
3304 2920
3304 2924
3304 2925
3304 2942
3304 2946
3304 2961
3304 2969
3304 3033
3304 3036
3304 3056
3304 3085
3304 3117
3304 3174
3304 3296
3304 3324
3304 3404
3305 1684
3305 2668
3305 3072
3305 3279
3305 3374
3306 1684
3306 2778
3306 2785
3306 2819
3306 2848
3306 2876
3306 2894
3306 2904
3306 3019
3306 3062
3306 3082
3306 3116
3306 3148
3306 3162
3306 3188
3306 3272
3306 3280
3306 3298
3306 3331
3306 3351
3306 3353
3306 3422
3307 1684
3307 2668
3307 2709
3307 2730
3307 2735
3307 2758
3307 2780
3307 2795
3307 2819
3307 2847
3307 2996
3307 3018
3307 3035
3307 3138
3307 3178
3307 3215
3307 3341
3307 3374
3307 3406
3308 1684
3308 2724
3308 2957
3308 3061
3308 3081
3308 3263
3308 3266
3308 3398
3308 3405
3309 1684
3309 2670
3309 2699
3309 2703
3309 2806
3309 2879
3309 2889
3309 2959
3309 2972
3309 2982
3309 3008
3309 3283
3309 3311
3309 3314
3309 3318
3309 3325
3309 3382
3309 3423
3310 1684
3310 2693
3310 2886
3310 2949
3310 2999
3311 1684
3311 2670
3311 2699
3311 2703
3311 2879
3311 2889
3311 2972
3311 3309
3311 3318
3311 3325
3311 3382
3312 1684
3312 2715
3312 2730
3312 2747
3312 2787
3312 2831
3312 2832
3312 2865
3312 3034
3312 3050
3312 3124
3312 3151
3312 3171
3312 3214
3312 3256
3312 3365
3312 3393
3313 1684
3313 2667
3313 2716
3313 2748
3313 2768
3313 2772
3313 2819
3313 2871
3313 2875
3313 2951
3313 2958
3313 3027
3313 3034
3313 3043
3313 3075
3313 3076
3313 3087
3313 3107
3313 3110
3313 3140
3313 3152
3313 3172
3313 3191
3313 3203
3313 3210
3313 3224
3313 3248
3313 3274
3313 3288
3313 3291
3313 3327
3313 3342
3314 1684
3314 2670
3314 2703
3314 2767
3314 2879
3314 2889
3314 2959
3314 2972
3314 2982
3314 3008
3314 3283
3314 3309
3314 3318
3314 3325
3314 3382
3314 3423
3315 1684
3315 2741
3315 2761
3315 2763
3315 2948
3315 3052
3315 3054
3315 3184
3315 3193
3315 3234
3315 3237
3315 3294
3315 3303
3315 3362
3316 1684
3316 2661
3316 2662
3316 2674
3316 2742
3316 2765
3316 2793
3316 2804
3316 2849
3316 2853
3316 2863
3316 2939
3316 2970
3316 2984
3316 3021
3316 3035
3316 3049
3316 3070
3316 3082
3316 3101
3316 3120
3316 3132
3316 3146
3316 3169
3316 3201
3316 3206
3316 3239
3316 3240
3316 3247
3316 3252
3316 3265
3316 3267
3316 3277
3316 3297
3316 3344
3316 3391
3316 3397
3316 3416
3316 3419
3317 1684
3317 2809
3317 2837
3317 3010
3317 3080
3317 3231
3317 3394
3318 1684
3318 2670
3318 2699
3318 2703
3318 2767
3318 2834
3318 2879
3318 2889
3318 2959
3318 2972
3318 2982
3318 3008
3318 3275
3318 3283
3318 3309
3318 3311
3318 3314
3318 3325
3318 3382
3318 3423
3319 1642
3319 1684
3319 2672
3319 2693
3319 2728
3319 2734
3319 2742
3319 2764
3319 2772
3319 2793
3319 2830
3319 2833
3319 2849
3319 2904
3319 2973
3319 3034
3319 3038
3319 3046
3319 3089
3319 3106
3319 3240
3319 3321
3319 3344
3319 3350
3319 3393
3319 3411
3320 1684
3320 2661
3320 2672
3320 2684
3320 2687
3320 2701
3320 2707
3320 2708
3320 2716
3320 2719
3320 2720
3320 2733
3320 2742
3320 2748
3320 2753
3320 2778
3320 2787
3320 2793
3320 2796
3320 2797
3320 2823
3320 2828
3320 2833
3320 2840
3320 2846
3320 2853
3320 2863
3320 2869
3320 2875
3320 2881
3320 2894
3320 2914
3320 2936
3320 2937
3320 2950
3320 2973
3320 2976
3320 2989
3320 2991
3320 2992
3320 3005
3320 3017
3320 3021
3320 3035
3320 3038
3320 3039
3320 3051
3320 3060
3320 3076
3320 3079
3320 3082
3320 3100
3320 3101
3320 3102
3320 3106
3320 3111
3320 3113
3320 3116
3320 3118
3320 3120
3320 3132
3320 3140
3320 3145
3320 3152
3320 3157
3320 3170
3320 3172
3320 3182
3320 3185
3320 3186
3320 3188
3320 3191
3320 3194
3320 3199
3320 3201
3320 3204
3320 3206
3320 3209
3320 3225
3320 3239
3320 3240
3320 3252
3320 3258
3320 3261
3320 3267
3320 3272
3320 3274
3320 3277
3320 3280
3320 3281
3320 3287
3320 3291
3320 3298
3320 3321
3320 3332
3320 3344
3320 3345
3320 3347
3320 3350
3320 3353
3320 3355
3320 3360
3320 3367
3320 3377
3320 3378
3320 3381
3320 3386
3320 3396
3320 3397
3320 3403
3320 3406
3320 3422
3320 3434
3321 1684
3321 2661
3321 2668
3321 2687
3321 2712
3321 2713
3321 2716
3321 2720
3321 2742
3321 2748
3321 2751
3321 2753
3321 2787
3321 2793
3321 2833
3321 2846
3321 2849
3321 2901
3321 2904
3321 2914
3321 2950
3321 2951
3321 2973
3321 2989
3321 2996
3321 3038
3321 3051
3321 3082
3321 3087
3321 3089
3321 3106
3321 3116
3321 3120
3321 3132
3321 3140
3321 3154
3321 3197
3321 3198
3321 3203
3321 3204
3321 3212
3321 3224
3321 3239
3321 3240
3321 3246
3321 3252
3321 3277
3321 3291
3321 3296
3321 3299
3321 3302
3321 3319
3321 3320
3321 3327
3321 3342
3321 3344
3321 3345
3321 3351
3321 3355
3321 3360
3321 3365
3321 3380
3321 3386
3321 3391
3321 3397
3321 3406
3321 3421
3321 3422
3321 3434
3322 1684
3322 2886
3322 2949
3322 3066
3322 3083
3322 3126
3322 3128
3322 3336
3323 1684
3323 2702
3323 3002
3323 3075
3323 3107
3323 3113
3323 3397
3324 1684
3324 2664
3324 2669
3324 2673
3324 2679
3324 2681
3324 2683
3324 2689
3324 2694
3324 2698
3324 2706
3324 2745
3324 2750
3324 2754
3324 2755
3324 2757
3324 2759
3324 2761
3324 2763
3324 2782
3324 2786
3324 2800
3324 2806
3324 2835
3324 2839
3324 2862
3324 2864
3324 2866
3324 2867
3324 2877
3324 2890
3324 2891
3324 2896
3324 2905
3324 2906
3324 2909
3324 2912
3324 2913
3324 2915
3324 2920
3324 2925
3324 2927
3324 2929
3324 2931
3324 2944
3324 2948
3324 2956
3324 2960
3324 2967
3324 2969
3324 2994
3324 3004
3324 3023
3324 3026
3324 3052
3324 3054
3324 3084
3324 3090
3324 3092
3324 3095
3324 3104
3324 3119
3324 3129
3324 3142
3324 3184
3324 3193
3324 3202
3324 3213
3324 3220
3324 3227
3324 3228
3324 3232
3324 3234
3324 3237
3324 3284
3324 3286
3324 3294
3324 3303
3324 3304
3324 3339
3324 3362
3324 3363
3324 3388
3324 3390
3324 3414
3324 3417
3324 3426
3325 1684
3325 2670
3325 2699
3325 2703
3325 2834
3325 2879
3325 2889
3325 2959
3325 2972
3325 2982
3325 3008
3325 3283
3325 3309
3325 3311
3325 3314
3325 3318
3325 3382
3325 3383
3325 3423
3326 1684
3326 2665
3326 2739
3326 2781
3326 2831
3326 2964
3326 3027
3326 3041
3326 3090
3326 3151
3326 3214
3326 3279
3326 3327
3326 3342
3326 3393
3326 3395
3327 1684
3327 2665
3327 2675
3327 2730
3327 2736
3327 2762
3327 2771
3327 2778
3327 2781
3327 2787
3327 2804
3327 2836
3327 2841
3327 2858
3327 2871
3327 2875
3327 2893
3327 2894
3327 2898
3327 2954
3327 2955
3327 2958
3327 2999
3327 3034
3327 3067
3327 3087
3327 3110
3327 3113
3327 3136
3327 3148
3327 3151
3327 3157
3327 3190
3327 3196
3327 3214
3327 3221
3327 3248
3327 3253
3327 3275
3327 3280
3327 3313
3327 3321
3327 3326
3327 3347
3327 3366
3327 3369
3327 3383
3327 3389
3327 3421
3327 3424
3328 990
3328 1684
3328 2665
3328 2688
3328 2700
3328 2772
3328 2819
3328 2965
3328 3017
3328 3024
3328 3060
3328 3144
3328 3157
3328 3225
3328 3272
3328 3298
3328 3343
3328 3369
3329 1684
3329 2667
3329 2762
3329 2784
3329 2856
3329 2868
3329 2992
3329 3002
3329 3015
3329 3072
3329 3097
3329 3099
3329 3150
3329 3152
3329 3211
3329 3242
3329 3349
3329 3409
3329 3431
3330 1684
3330 2661
3330 2665
3330 2674
3330 2675
3330 2702
3330 2715
3330 2718
3330 2719
3330 2742
3330 2758
3330 2765
3330 2770
3330 2778
3330 2793
3330 2828
3330 2832
3330 2833
3330 2849
3330 2853
3330 2863
3330 2869
3330 2871
3330 2901
3330 2904
3330 2932
3330 2936
3330 2939
3330 2951
3330 2970
3330 2973
3330 2989
3330 2991
3330 2992
3330 2996
3330 3017
3330 3035
3330 3038
3330 3049
3330 3051
3330 3060
3330 3070
3330 3082
3330 3101
3330 3102
3330 3106
3330 3107
3330 3116
3330 3120
3330 3132
3330 3136
3330 3145
3330 3146
3330 3150
3330 3152
3330 3169
3330 3196
3330 3198
3330 3199
3330 3201
3330 3211
3330 3219
3330 3224
3330 3239
3330 3240
3330 3247
3330 3252
3330 3259
3330 3267
3330 3277
3330 3280
3330 3291
3330 3297
3330 3302
3330 3332
3330 3335
3330 3337
3330 3344
3330 3345
3330 3347
3330 3351
3330 3355
3330 3358
3330 3369
3330 3381
3330 3391
3330 3396
3330 3397
3330 3404
3330 3411
3330 3419
3330 3422
3330 3434
3331 1405
3331 1684
3331 2707
3331 2718
3331 2811
3331 2871
3331 2876
3331 2894
3331 2895
3331 2938
3331 2947
3331 2950
3331 2958
3331 2964
3331 3001
3331 3019
3331 3062
3331 3136
3331 3140
3331 3148
3331 3162
3331 3168
3331 3189
3331 3198
3331 3199
3331 3219
3331 3289
3331 3292
3331 3295
3331 3306
3331 3353
3331 3358
3331 3366
3331 3373
3331 3395
3331 3405
3332 1684
3332 2661
3332 2672
3332 2684
3332 2701
3332 2708
3332 2719
3332 2724
3332 2742
3332 2778
3332 2793
3332 2797
3332 2823
3332 2828
3332 2833
3332 2849
3332 2875
3332 2894
3332 2936
3332 2937
3332 2970
3332 2973
3332 3011
3332 3021
3332 3051
3332 3060
3332 3076
3332 3079
3332 3082
3332 3089
3332 3101
3332 3106
3332 3116
3332 3118
3332 3132
3332 3145
3332 3150
3332 3152
3332 3170
3332 3172
3332 3179
3332 3182
3332 3240
3332 3258
3332 3261
3332 3262
3332 3280
3332 3287
3332 3288
3332 3291
3332 3298
3332 3320
3332 3330
3332 3347
3332 3350
3332 3353
3332 3355
3332 3378
3332 3396
3332 3403
3332 3411
3332 3434
3333 1684
3333 2809
3333 3010
3333 3080
3333 3294
3333 3388
3333 3394
3334 1684
3334 2682
3334 2724
3334 2829
3334 3069
3334 3154
3334 3162
3334 3295
3334 3366
3335 1684
3335 2661
3335 2712
3335 2718
3335 2742
3335 2748
3335 2751
3335 2778
3335 2780
3335 2781
3335 2785
3335 2793
3335 2828
3335 2832
3335 2841
3335 2849
3335 2853
3335 2863
3335 2869
3335 2875
3335 2939
3335 2946
3335 2950
3335 2989
3335 3035
3335 3038
3335 3049
3335 3050
3335 3082
3335 3101
3335 3113
3335 3115
3335 3116
3335 3120
3335 3124
3335 3132
3335 3136
3335 3140
3335 3146
3335 3150
3335 3152
3335 3169
3335 3173
3335 3185
3335 3212
3335 3215
3335 3233
3335 3240
3335 3247
3335 3252
3335 3261
3335 3267
3335 3278
3335 3291
3335 3297
3335 3330
3335 3350
3335 3351
3335 3357
3335 3360
3335 3385
3335 3397
3335 3411
3335 3419
3335 3434
3336 1684
3336 2886
3336 2949
3336 3066
3336 3126
3336 3128
3336 3322
3337 1684
3337 2665
3337 2675
3337 2686
3337 2702
3337 2871
3337 2932
3337 2955
3337 3018
3337 3087
3337 3100
3337 3107
3337 3136
3337 3187
3337 3198
3337 3199
3337 3214
3337 3219
3337 3259
3337 3264
3337 3291
3337 3296
3337 3330
3337 3369
3338 1684
3338 2926
3338 3087
3338 3256
3338 3376
3338 3401
3338 3402
3338 3425
3338 3427
3339 1684
3339 2664
3339 2666
3339 2669
3339 2676
3339 2679
3339 2680
3339 2694
3339 2698
3339 2717
3339 2749
3339 2750
3339 2754
3339 2755
3339 2773
3339 2782
3339 2835
3339 2839
3339 2866
3339 2872
3339 2873
3339 2877
3339 2880
3339 2890
3339 2905
3339 2906
3339 2909
3339 2911
3339 2912
3339 2913
3339 2916
3339 2917
3339 2927
3339 2944
3339 2956
3339 2966
3339 2969
3339 2974
3339 2985
3339 2988
3339 2993
3339 3022
3339 3026
3339 3033
3339 3040
3339 3047
3339 3064
3339 3078
3339 3084
3339 3090
3339 3096
3339 3098
3339 3104
3339 3108
3339 3114
3339 3117
3339 3123
3339 3142
3339 3149
3339 3166
3339 3174
3339 3226
3339 3232
3339 3284
3339 3293
3339 3324
3339 3348
3339 3362
3339 3363
3339 3387
3339 3400
3339 3417
3339 3426
3340 1684
3340 2734
3340 2764
3340 2826
3340 2869
3340 2979
3340 3017
3340 3020
3340 3097
3340 3107
3340 3136
3340 3219
3340 3222
3340 3276
3340 3299
3340 3365
3341 1684
3341 2668
3341 2675
3341 2702
3341 2730
3341 2758
3341 2783
3341 2785
3341 2819
3341 2847
3341 2859
3341 2904
3341 2938
3341 2996
3341 3002
3341 3027
3341 3081
3341 3107
3341 3136
3341 3140
3341 3190
3341 3219
3341 3240
3341 3289
3341 3291
3341 3292
3341 3302
3341 3307
3341 3342
3341 3359
3341 3369
3342 1684
3342 2665
3342 2690
3342 2720
3342 2730
3342 2748
3342 2751
3342 2772
3342 2784
3342 2787
3342 2793
3342 2819
3342 2836
3342 2853
3342 2856
3342 2901
3342 2904
3342 2914
3342 2921
3342 2951
3342 2955
3342 2996
3342 3005
3342 3034
3342 3038
3342 3048
3342 3072
3342 3077
3342 3082
3342 3093
3342 3097
3342 3106
3342 3107
3342 3111
3342 3115
3342 3117
3342 3120
3342 3140
3342 3150
3342 3157
3342 3185
3342 3197
3342 3198
3342 3203
3342 3204
3342 3214
3342 3219
3342 3223
3342 3224
3342 3240
3342 3252
3342 3258
3342 3291
3342 3299
3342 3313
3342 3321
3342 3326
3342 3341
3342 3344
3342 3345
3342 3353
3342 3355
3342 3391
3342 3403
3342 3406
3342 3416
3342 3419
3342 3421
3343 1684
3343 2734
3343 2938
3343 2968
3343 3005
3343 3062
3343 3107
3343 3165
3343 3205
3343 3254
3343 3276
3343 3302
3343 3328
3343 3411
3344 1684
3344 2661
3344 2674
3344 2713
3344 2719
3344 2720
3344 2742
3344 2748
3344 2753
3344 2765
3344 2793
3344 2828
3344 2849
3344 2853
3344 2863
3344 2871
3344 2901
3344 2936
3344 2939
3344 2951
3344 2970
3344 2973
3344 2976
3344 2989
3344 2992
3344 3007
3344 3021
3344 3035
3344 3038
3344 3049
3344 3051
3344 3070
3344 3082
3344 3089
3344 3101
3344 3102
3344 3106
3344 3115
3344 3116
3344 3120
3344 3132
3344 3146
3344 3150
3344 3154
3344 3160
3344 3169
3344 3191
3344 3201
3344 3206
3344 3224
3344 3239
3344 3240
3344 3247
3344 3252
3344 3267
3344 3277
3344 3280
3344 3291
3344 3296
3344 3299
3344 3316
3344 3319
3344 3320
3344 3321
3344 3330
3344 3342
3344 3345
3344 3351
3344 3355
3344 3386
3344 3391
3344 3393
3344 3397
3344 3406
3344 3416
3344 3434
3345 1684
3345 2665
3345 2685
3345 2687
3345 2712
3345 2716
3345 2719
3345 2720
3345 2742
3345 2748
3345 2778
3345 2785
3345 2793
3345 2833
3345 2846
3345 2849
3345 2901
3345 2904
3345 2910
3345 2921
3345 2951
3345 2973
3345 2989
3345 2996
3345 3013
3345 3034
3345 3038
3345 3041
3345 3046
3345 3058
3345 3082
3345 3089
3345 3097
3345 3106
3345 3109
3345 3120
3345 3140
3345 3188
3345 3197
3345 3198
3345 3203
3345 3209
3345 3212
3345 3224
3345 3239
3345 3240
3345 3252
3345 3253
3345 3260
3345 3291
3345 3299
3345 3320
3345 3321
3345 3330
3345 3342
3345 3344
3345 3352
3345 3355
3345 3360
3345 3386
3345 3391
3345 3397
3345 3403
3345 3406
3345 3434
3346 1684
3346 2662
3346 2724
3346 2728
3346 2730
3346 2739
3346 2775
3346 2819
3346 2830
3346 2878
3346 2921
3346 2951
3346 2955
3346 2996
3346 3002
3346 3018
3346 3019
3346 3086
3346 3100
3346 3144
3346 3154
3346 3162
3346 3168
3346 3210
3346 3211
3346 3221
3346 3233
3346 3249
3346 3273
3346 3295
3346 3361
3346 3366
3346 3379
3346 3415
3346 3421
3347 1684
3347 2661
3347 2674
3347 2712
3347 2715
3347 2716
3347 2719
3347 2734
3347 2742
3347 2770
3347 2778
3347 2781
3347 2787
3347 2793
3347 2796
3347 2828
3347 2833
3347 2849
3347 2853
3347 2863
3347 2869
3347 2870
3347 2882
3347 2901
3347 2936
3347 2939
3347 2973
3347 2991
3347 2992
3347 3005
3347 3027
3347 3035
3347 3049
3347 3051
3347 3060
3347 3076
3347 3082
3347 3101
3347 3102
3347 3113
3347 3116
3347 3132
3347 3145
3347 3146
3347 3150
3347 3152
3347 3170
3347 3172
3347 3185
3347 3198
3347 3201
3347 3204
3347 3206
3347 3239
3347 3247
3347 3252
3347 3267
3347 3272
3347 3280
3347 3291
3347 3302
3347 3320
3347 3327
3347 3330
3347 3332
3347 3350
3347 3351
3347 3366
3347 3378
3347 3381
3347 3396
3347 3397
3347 3403
3347 3406
3347 3416
3347 3434
3348 1684
3348 2664
3348 2666
3348 2669
3348 2676
3348 2680
3348 2689
3348 2694
3348 2698
3348 2717
3348 2749
3348 2750
3348 2754
3348 2755
3348 2773
3348 2777
3348 2782
3348 2800
3348 2827
3348 2835
3348 2839
3348 2850
3348 2851
3348 2864
3348 2866
3348 2872
3348 2873
3348 2877
3348 2880
3348 2890
3348 2896
3348 2905
3348 2909
3348 2910
3348 2911
3348 2912
3348 2913
3348 2916
3348 2919
3348 2920
3348 2925
3348 2927
3348 2940
3348 2943
3348 2944
3348 2960
3348 2966
3348 2969
3348 2985
3348 2986
3348 2994
3348 3000
3348 3022
3348 3026
3348 3033
3348 3040
3348 3047
3348 3052
3348 3054
3348 3056
3348 3064
3348 3078
3348 3085
3348 3096
3348 3098
3348 3108
3348 3129
3348 3137
3348 3149
3348 3158
3348 3174
3348 3195
3348 3226
3348 3228
3348 3232
3348 3238
3348 3284
3348 3293
3348 3339
3348 3363
3348 3384
3348 3387
3348 3426
3348 3435
3349 1684
3349 2667
3349 2690
3349 2772
3349 2784
3349 2856
3349 2863
3349 2868
3349 3099
3349 3329
3349 3353
3349 3360
