3350 1684
3350 2661
3350 2672
3350 2674
3350 2684
3350 2701
3350 2708
3350 2712
3350 2716
3350 2718
3350 2719
3350 2733
3350 2742
3350 2748
3350 2753
3350 2778
3350 2781
3350 2793
3350 2796
3350 2797
3350 2818
3350 2823
3350 2828
3350 2833
3350 2849
3350 2869
3350 2875
3350 2894
3350 2937
3350 2958
3350 2991
3350 3011
3350 3019
3350 3049
3350 3051
3350 3060
3350 3070
3350 3076
3350 3079
3350 3082
3350 3100
3350 3101
3350 3111
3350 3113
3350 3115
3350 3116
3350 3120
3350 3132
3350 3145
3350 3150
3350 3152
3350 3157
3350 3160
3350 3170
3350 3172
3350 3179
3350 3182
3350 3185
3350 3186
3350 3201
3350 3207
3350 3258
3350 3261
3350 3262
3350 3272
3350 3274
3350 3280
3350 3288
3350 3296
3350 3298
3350 3302
3350 3319
3350 3320
3350 3332
3350 3335
3350 3347
3350 3355
3350 3360
3350 3381
3350 3386
3350 3396
3350 3411
3351 1684
3351 2661
3351 2672
3351 2674
3351 2712
3351 2719
3351 2742
3351 2765
3351 2770
3351 2778
3351 2780
3351 2781
3351 2793
3351 2796
3351 2828
3351 2833
3351 2849
3351 2853
3351 2863
3351 2869
3351 2901
3351 2939
3351 2950
3351 2970
3351 2973
3351 2991
3351 2996
3351 3021
3351 3035
3351 3038
3351 3049
3351 3051
3351 3070
3351 3079
3351 3082
3351 3101
3351 3102
3351 3113
3351 3115
3351 3116
3351 3120
3351 3132
3351 3145
3351 3146
3351 3150
3351 3152
3351 3169
3351 3172
3351 3179
3351 3182
3351 3185
3351 3198
3351 3201
3351 3204
3351 3206
3351 3224
3351 3239
3351 3247
3351 3252
3351 3265
3351 3267
3351 3272
3351 3277
3351 3280
3351 3291
3351 3296
3351 3297
3351 3299
3351 3302
3351 3306
3351 3321
3351 3330
3351 3335
3351 3344
3351 3347
3351 3357
3351 3360
3351 3381
3351 3391
3351 3397
3351 3416
3351 3419
3351 3431
3351 3434
3352 1684
3352 2716
3352 2742
3352 2780
3352 2785
3352 2846
3352 3013
3352 3041
3352 3046
3352 3058
3352 3188
3352 3345
3352 3360
3353 1684
3353 2661
3353 2662
3353 2667
3353 2690
3353 2716
3353 2719
3353 2720
3353 2751
3353 2762
3353 2768
3353 2783
3353 2793
3353 2795
3353 2818
3353 2832
3353 2871
3353 2904
3353 2921
3353 2937
3353 2951
3353 2958
3353 2984
3353 2989
3353 3002
3353 3017
3353 3027
3353 3035
3353 3038
3353 3051
3353 3072
3353 3076
3353 3101
3353 3111
3353 3118
3353 3140
3353 3152
3353 3172
3353 3182
3353 3192
3353 3198
3353 3224
3353 3274
3353 3276
3353 3279
3353 3287
3353 3291
3353 3299
3353 3306
3353 3320
3353 3331
3353 3332
3353 3342
3353 3349
3353 3355
3353 3360
3353 3385
3353 3386
3353 3397
3353 3403
3353 3422
3353 3434
3354 1684
3354 2799
3354 2861
3354 3053
3354 3105
3354 3122
3354 3141
3354 3200
3354 3218
3355 1642
3355 1684
3355 2661
3355 2719
3355 2720
3355 2742
3355 2748
3355 2753
3355 2793
3355 2833
3355 2901
3355 2936
3355 2973
3355 2989
3355 2992
3355 3035
3355 3038
3355 3051
3355 3070
3355 3082
3355 3089
3355 3101
3355 3106
3355 3120
3355 3132
3355 3154
3355 3160
3355 3191
3355 3201
3355 3206
3355 3212
3355 3224
3355 3239
3355 3240
3355 3247
3355 3252
3355 3287
3355 3288
3355 3291
3355 3320
3355 3321
3355 3330
3355 3332
3355 3342
3355 3344
3355 3345
3355 3350
3355 3353
3355 3386
3355 3391
3355 3396
3355 3397
3355 3406
3355 3434
3356 1684
3356 2724
3356 2728
3356 2779
3356 2829
3356 2900
3356 3001
3356 3002
3356 3019
3356 3077
3356 3086
3356 3162
3356 3176
3356 3207
3356 3233
3356 3285
3356 3295
3356 3302
3356 3366
3356 3412
3357 1684
3357 2668
3357 2712
3357 2751
3357 2772
3357 2863
3357 2950
3357 3043
3357 3075
3357 3082
3357 3093
3357 3178
3357 3335
3357 3351
3357 3360
3358 1684
3358 2895
3358 2932
3358 3087
3358 3199
3358 3256
3358 3264
3358 3330
3358 3331
3358 3369
3358 3385
3359 1684
3359 2724
3359 2728
3359 2730
3359 2870
3359 2951
3359 3002
3359 3019
3359 3103
3359 3162
3359 3191
3359 3207
3359 3233
3359 3236
3359 3275
3359 3341
3359 3366
3359 3412
3360 1684
3360 2661
3360 2687
3360 2696
3360 2716
3360 2742
3360 2748
3360 2780
3360 2785
3360 2833
3360 2846
3360 2871
3360 2875
3360 2901
3360 2904
3360 2914
3360 2921
3360 2950
3360 2951
3360 2973
3360 2976
3360 2989
3360 3013
3360 3034
3360 3035
3360 3038
3360 3041
3360 3043
3360 3046
3360 3058
3360 3060
3360 3089
3360 3097
3360 3101
3360 3109
3360 3116
3360 3140
3360 3144
3360 3148
3360 3150
3360 3160
3360 3185
3360 3188
3360 3194
3360 3201
3360 3204
3360 3209
3360 3212
3360 3224
3360 3248
3360 3258
3360 3260
3360 3272
3360 3274
3360 3280
3360 3288
3360 3291
3360 3299
3360 3320
3360 3321
3360 3335
3360 3345
3360 3349
3360 3350
3360 3351
3360 3352
3360 3353
3360 3357
3360 3386
3360 3397
3360 3406
3360 3415
3360 3431
3360 3434
3361 990
3361 1534
3361 1642
3361 1684
3361 2693
3361 2764
3361 2822
3361 2826
3361 2914
3361 2941
3361 2999
3361 3077
3361 3278
3361 3346
3362 1684
3362 2664
3362 2669
3362 2679
3362 2683
3362 2706
3362 2729
3362 2738
3362 2754
3362 2756
3362 2761
3362 2773
3362 2786
3362 2809
3362 2810
3362 2839
3362 2854
3362 2862
3362 2864
3362 2872
3362 2873
3362 2877
3362 2880
3362 2887
3362 2890
3362 2905
3362 2906
3362 2909
3362 2915
3362 2929
3362 2931
3362 2944
3362 2953
3362 2956
3362 2966
3362 2969
3362 2974
3362 2993
3362 2994
3362 3000
3362 3004
3362 3014
3362 3022
3362 3025
3362 3026
3362 3029
3362 3040
3362 3052
3362 3065
3362 3084
3362 3090
3362 3092
3362 3096
3362 3098
3362 3104
3362 3114
3362 3119
3362 3174
3362 3220
3362 3234
3362 3257
3362 3293
3362 3294
3362 3315
3362 3324
3362 3339
3362 3363
3362 3364
3362 3384
3362 3387
3362 3390
3362 3417
3362 3426
3362 3433
3362 3435
3363 1684
3363 2664
3363 2666
3363 2669
3363 2673
3363 2676
3363 2679
3363 2680
3363 2681
3363 2683
3363 2689
3363 2694
3363 2705
3363 2706
3363 2717
3363 2729
3363 2738
3363 2743
3363 2746
3363 2749
3363 2750
3363 2754
3363 2755
3363 2756
3363 2757
3363 2763
3363 2777
3363 2782
3363 2786
3363 2800
3363 2806
3363 2810
3363 2815
3363 2827
3363 2835
3363 2839
3363 2850
3363 2854
3363 2862
3363 2864
3363 2866
3363 2867
3363 2872
3363 2874
3363 2877
3363 2880
3363 2887
3363 2896
3363 2897
3363 2905
3363 2906
3363 2907
3363 2909
3363 2910
3363 2911
3363 2912
3363 2913
3363 2915
3363 2916
3363 2919
3363 2920
3363 2925
3363 2927
3363 2928
3363 2933
3363 2940
3363 2943
3363 2944
3363 2945
3363 2946
3363 2948
3363 2956
3363 2960
3363 2966
3363 2967
3363 2974
3363 2981
3363 2985
3363 2986
3363 3000
3363 3004
3363 3022
3363 3023
3363 3025
3363 3026
3363 3029
3363 3033
3363 3036
3363 3054
3363 3056
3363 3064
3363 3065
3363 3073
3363 3078
3363 3080
3363 3085
3363 3090
3363 3096
3363 3098
3363 3104
3363 3108
3363 3117
3363 3129
3363 3135
3363 3142
3363 3158
3363 3174
3363 3184
3363 3195
3363 3213
3363 3220
3363 3226
3363 3228
3363 3232
3363 3243
3363 3250
3363 3284
3363 3293
3363 3301
3363 3324
3363 3339
3363 3348
3363 3362
3363 3387
3363 3394
3363 3399
3363 3414
3363 3417
3363 3426
3363 3430
3363 3433
3364 1684
3364 2666
3364 2676
3364 2679
3364 2683
3364 2694
3364 2729
3364 2738
3364 2749
3364 2756
3364 2757
3364 2773
3364 2782
3364 2786
3364 2839
3364 2862
3364 2873
3364 2890
3364 2910
3364 2915
3364 2924
3364 2928
3364 2929
3364 2931
3364 2953
3364 2956
3364 2960
3364 2969
3364 2988
3364 2994
3364 3000
3364 3014
3364 3026
3364 3029
3364 3033
3364 3036
3364 3078
3364 3084
3364 3090
3364 3098
3364 3104
3364 3114
3364 3117
3364 3257
3364 3362
3364 3384
3364 3417
3364 3433
3364 3435
3365 1684
3365 2690
3365 2715
3365 2730
3365 2744
3365 2747
3365 2758
3365 2784
3365 2801
3365 2812
3365 2813
3365 2825
3365 2831
3365 2843
3365 2844
3365 2859
3365 2863
3365 2865
3365 2871
3365 2881
3365 2926
3365 3032
3365 3034
3365 3081
3365 3087
3365 3124
3365 3136
3365 3156
3365 3167
3365 3187
3365 3196
3365 3214
3365 3219
3365 3256
3365 3259
3365 3264
3365 3267
3365 3312
3365 3321
3365 3340
3365 3369
3365 3385
3365 3393
3365 3395
3365 3397
3365 3429
3366 1405
3366 1684
3366 2662
3366 2682
3366 2711
3366 2724
3366 2728
3366 2730
3366 2739
3366 2758
3366 2775
3366 2778
3366 2779
3366 2781
3366 2829
3366 2830
3366 2881
3366 2900
3366 2951
3366 3002
3366 3005
3366 3018
3366 3019
3366 3024
3366 3027
3366 3034
3366 3062
3366 3068
3366 3069
3366 3077
3366 3086
3366 3100
3366 3101
3366 3113
3366 3118
3366 3133
3366 3154
3366 3162
3366 3168
3366 3176
3366 3177
3366 3191
3366 3203
3366 3207
3366 3210
3366 3223
3366 3233
3366 3273
3366 3285
3366 3295
3366 3327
3366 3331
3366 3334
3366 3346
3366 3347
3366 3356
3366 3359
3366 3370
3366 3379
3366 3403
3366 3412
3366 3415
3367 1684
3367 2719
3367 2840
3367 3017
3367 3060
3367 3076
3367 3274
3367 3281
3367 3320
3367 3377
3367 3396
3368 1684
3368 2933
3368 2983
3368 2997
3368 3020
3368 3028
3368 3063
3368 3072
3368 3155
3369 1684
3369 2675
3369 2718
3369 2730
3369 2744
3369 2758
3369 2783
3369 2787
3369 2816
3369 2843
3369 2865
3369 2871
3369 2918
3369 2932
3369 2938
3369 2955
3369 3043
3369 3087
3369 3099
3369 3110
3369 3136
3369 3156
3369 3167
3369 3187
3369 3189
3369 3196
3369 3205
3369 3219
3369 3236
3369 3253
3369 3255
3369 3256
3369 3259
3369 3264
3369 3327
3369 3328
3369 3330
3369 3337
3369 3341
3369 3358
3369 3365
3369 3385
3369 3395
3370 1684
3370 2724
3370 2934
3370 3154
3370 3233
3370 3366
3371 1684
3371 2713
3371 2728
3371 3007
3371 3077
3371 3086
3371 3103
3371 3154
3371 3207
3371 3223
3371 3241
3371 3285
3371 3410
3371 3412
3371 3420
3372 1684
3372 2732
3372 2930
3372 3131
3372 3180
3372 3181
3372 3251
3373 1684
3373 2697
3373 2700
3373 2868
3373 2936
3373 2939
3373 2962
3373 3001
3373 3015
3373 3051
3373 3062
3373 3077
3373 3101
3373 3152
3373 3273
3373 3302
3373 3331
3374 1684
3374 2668
3374 2727
3374 2772
3374 2780
3374 2795
3374 2893
3374 2964
3374 3048
3374 3110
3374 3138
3374 3178
3374 3211
3374 3279
3374 3305
3374 3307
3375 1684
3375 2677
3375 3274
3376 1684
3376 2926
3376 3256
3376 3338
3376 3401
3376 3402
3376 3425
3376 3427
3377 1684
3377 2719
3377 2778
3377 2796
3377 2804
3377 2828
3377 2840
3377 2881
3377 2958
3377 2984
3377 2992
3377 3017
3377 3019
3377 3039
3377 3076
3377 3111
3377 3113
3377 3118
3377 3145
3377 3170
3377 3172
3377 3185
3377 3261
3377 3274
3377 3281
3377 3287
3377 3320
3377 3367
3377 3378
3377 3396
3377 3422
3378 1684
3378 2719
3378 2742
3378 2748
3378 2753
3378 2778
3378 2796
3378 2797
3378 2823
3378 2828
3378 2840
3378 2869
3378 2881
3378 2901
3378 2904
3378 2936
3378 2937
3378 2965
3378 2976
3378 2989
3378 2991
3378 2992
3378 3017
3378 3035
3378 3039
3378 3051
3378 3060
3378 3076
3378 3082
3378 3111
3378 3112
3378 3113
3378 3115
3378 3140
3378 3145
3378 3148
3378 3152
3378 3170
3378 3172
3378 3182
3378 3185
3378 3199
3378 3201
3378 3204
3378 3261
3378 3267
3378 3272
3378 3277
3378 3280
3378 3281
3378 3291
3378 3298
3378 3320
3378 3332
3378 3347
3378 3377
3378 3381
3378 3396
3378 3397
3378 3419
3379 1684
3379 2724
3379 2728
3379 2739
3379 2787
3379 2830
3379 2951
3379 3002
3379 3019
3379 3086
3379 3107
3379 3118
3379 3136
3379 3140
3379 3154
3379 3162
3379 3168
3379 3191
3379 3198
3379 3214
3379 3219
3379 3233
3379 3346
3379 3366
3379 3412
3380 1684
3380 2668
3380 2751
3380 2762
3380 2787
3380 2803
3380 2863
3380 2901
3380 2914
3380 2946
3380 3019
3380 3027
3380 3038
3380 3093
3380 3124
3380 3140
3380 3154
3380 3177
3380 3259
3380 3291
3380 3321
3381 1684
3381 2661
3381 2674
3381 2719
3381 2778
3381 2781
3381 2796
3381 2828
3381 2833
3381 2849
3381 2853
3381 2863
3381 2869
3381 2894
3381 2939
3381 2991
3381 2992
3381 3035
3381 3049
3381 3051
3381 3060
3381 3076
3381 3082
3381 3101
3381 3113
3381 3116
3381 3120
3381 3132
3381 3145
3381 3146
3381 3148
3381 3150
3381 3169
3381 3172
3381 3173
3381 3201
3381 3239
3381 3247
3381 3252
3381 3267
3381 3272
3381 3277
3381 3280
3381 3297
3381 3298
3381 3320
3381 3330
3381 3347
3381 3350
3381 3351
3381 3378
3381 3416
3381 3419
3381 3434
3382 1684
3382 2670
3382 2699
3382 2703
3382 2879
3382 2889
3382 2959
3382 2972
3382 2982
3382 3008
3382 3283
3382 3309
3382 3311
3382 3314
3382 3318
3382 3325
3382 3423
3383 1684
3383 2690
3383 2723
3383 2759
3383 2771
3383 2783
3383 2836
3383 2841
3383 2858
3383 2954
3383 3146
3383 3190
3383 3214
3383 3221
3383 3248
3383 3325
3383 3327
3384 1684
3384 2664
3384 2666
3384 2669
3384 2679
3384 2694
3384 2729
3384 2738
3384 2756
3384 2773
3384 2782
3384 2786
3384 2862
3384 2873
3384 2874
3384 2890
3384 2905
3384 2909
3384 2912
3384 2913
3384 2915
3384 2924
3384 2928
3384 2929
3384 2931
3384 2953
3384 2956
3384 2977
3384 2988
3384 2993
3384 2994
3384 3014
3384 3026
3384 3029
3384 3047
3384 3052
3384 3078
3384 3084
3384 3090
3384 3096
3384 3104
3384 3243
3384 3293
3384 3348
3384 3362
3384 3364
3384 3387
3384 3417
3384 3435
3385 1534
3385 1684
3385 1726
3385 2716
3385 2718
3385 2730
3385 2735
3385 2744
3385 2758
3385 2762
3385 2783
3385 2795
3385 2819
3385 2825
3385 2843
3385 2844
3385 2865
3385 2883
3385 2918
3385 2932
3385 2934
3385 2955
3385 2996
3385 3002
3385 3017
3385 3032
3385 3034
3385 3072
3385 3087
3385 3101
3385 3136
3385 3145
3385 3156
3385 3167
3385 3169
3385 3185
3385 3187
3385 3192
3385 3196
3385 3198
3385 3219
3385 3236
3385 3252
3385 3253
3385 3255
3385 3256
3385 3264
3385 3275
3385 3335
3385 3353
3385 3358
3385 3365
3385 3369
3386 1505
3386 1684
3386 2665
3386 2672
3386 2719
3386 2720
3386 2748
3386 2753
3386 2793
3386 2836
3386 2863
3386 2869
3386 2875
3386 2936
3386 2958
3386 2973
3386 2976
3386 2989
3386 3011
3386 3019
3386 3038
3386 3051
3386 3070
3386 3079
3386 3082
3386 3106
3386 3118
3386 3140
3386 3145
3386 3154
3386 3160
3386 3182
3386 3186
3386 3224
3386 3225
3386 3240
3386 3260
3386 3288
3386 3291
3386 3320
3386 3321
3386 3344
3386 3345
3386 3350
3386 3353
3386 3355
3386 3360
3386 3396
3386 3397
3386 3403
3386 3406
3386 3434
3387 1684
3387 2664
3387 2666
3387 2669
3387 2676
3387 2680
3387 2681
3387 2683
3387 2689
3387 2694
3387 2698
3387 2705
3387 2717
3387 2731
3387 2745
3387 2750
3387 2755
3387 2757
3387 2761
3387 2777
3387 2782
3387 2786
3387 2815
3387 2827
3387 2835
3387 2839
3387 2862
3387 2864
3387 2866
3387 2867
3387 2872
3387 2873
3387 2874
3387 2877
3387 2890
3387 2905
3387 2906
3387 2911
3387 2913
3387 2916
3387 2925
3387 2927
3387 2928
3387 2944
3387 2946
3387 2956
3387 2960
3387 2966
3387 2969
3387 2974
3387 2985
3387 2987
3387 2993
3387 2994
3387 3000
3387 3014
3387 3022
3387 3026
3387 3033
3387 3036
3387 3040
3387 3047
3387 3052
3387 3054
3387 3056
3387 3065
3387 3078
3387 3084
3387 3090
3387 3096
3387 3098
3387 3108
3387 3119
3387 3137
3387 3142
3387 3149
3387 3163
3387 3174
3387 3184
3387 3195
3387 3226
3387 3232
3387 3238
3387 3250
3387 3257
3387 3284
3387 3301
3387 3339
3387 3348
3387 3362
3387 3363
3387 3384
3387 3390
3387 3399
3387 3417
3387 3426
3387 3435
3388 1684
3388 2694
3388 2809
3388 2928
3388 3010
3388 3052
3388 3080
3388 3324
3388 3333
3388 3394
3389 1684
3389 2771
3389 2841
3389 2893
3389 3221
3389 3248
3389 3327
3390 1684
3390 2669
3390 2676
3390 2683
3390 2761
3390 2827
3390 2854
3390 2866
3390 2884
3390 2909
3390 2915
3390 2928
3390 2966
3390 3010
3390 3033
3390 3080
3390 3104
3390 3184
3390 3226
3390 3234
3390 3237
3390 3324
3390 3362
3390 3387
3390 3394
3391 1684
3391 2661
3391 2674
3391 2713
3391 2719
3391 2742
3391 2765
3391 2793
3391 2828
3391 2853
3391 2863
3391 2939
3391 2951
3391 2970
3391 2973
3391 2989
3391 3035
3391 3038
3391 3049
3391 3070
3391 3082
3391 3101
3391 3106
3391 3113
3391 3116
3391 3120
3391 3132
3391 3154
3391 3169
3391 3201
3391 3206
3391 3224
3391 3239
3391 3240
3391 3247
3391 3252
3391 3277
3391 3280
3391 3291
3391 3297
3391 3299
3391 3316
3391 3321
3391 3330
3391 3342
3391 3344
3391 3345
3391 3351
3391 3355
3391 3397
3391 3406
3391 3416
3391 3434
3392 1684
3392 2726
3392 2745
3392 2851
3392 2899
3392 2978
3392 3090
3392 3095
3392 3137
3392 3139
3392 3153
3392 3229
3392 3231
3392 3300
3392 3426
3392 3428
3392 3430
3393 1684
3393 2715
3393 2812
3393 2813
3393 2831
3393 2865
3393 3046
3393 3089
3393 3124
3393 3140
3393 3191
3393 3198
3393 3256
3393 3288
3393 3312
3393 3319
3393 3326
3393 3344
3393 3365
3394 1684
3394 2683
3394 2729
3394 2745
3394 2786
3394 2807
3394 2809
3394 2837
3394 2851
3394 2854
3394 2890
3394 2915
3394 2928
3394 2931
3394 2944
3394 3010
3394 3025
3394 3030
3394 3036
3394 3080
3394 3114
3394 3137
3394 3213
3394 3231
3394 3293
3394 3317
3394 3333
3394 3363
3394 3388
3394 3390
3394 3426
3395 1684
3395 2665
3395 2675
3395 2686
3395 2690
3395 2702
3395 2730
3395 2780
3395 2783
3395 2787
3395 2844
3395 2871
3395 2881
3395 2932
3395 2950
3395 2955
3395 3002
3395 3027
3395 3038
3395 3062
3395 3087
3395 3107
3395 3111
3395 3136
3395 3189
3395 3198
3395 3203
3395 3219
3395 3248
3395 3259
3395 3279
3395 3326
3395 3331
3395 3365
3395 3369
3395 3403
3395 3406
3395 3415
3396 1684
3396 2661
3396 2672
3396 2684
3396 2701
3396 2708
3396 2718
3396 2719
3396 2733
3396 2742
3396 2778
3396 2793
3396 2796
3396 2797
3396 2823
3396 2828
3396 2833
3396 2840
3396 2845
3396 2849
3396 2869
3396 2875
3396 2894
3396 2936
3396 2937
3396 2938
3396 2958
3396 2973
3396 2991
3396 3011
3396 3017
3396 3021
3396 3039
3396 3051
3396 3057
3396 3060
3396 3076
3396 3079
3396 3082
3396 3111
3396 3115
3396 3116
3396 3118
3396 3132
3396 3145
3396 3152
3396 3170
3396 3172
3396 3179
3396 3182
3396 3185
3396 3225
3396 3258
3396 3261
3396 3262
3396 3274
3396 3280
3396 3281
3396 3287
3396 3289
3396 3291
3396 3298
3396 3320
3396 3330
3396 3332
3396 3347
3396 3350
3396 3355
3396 3367
3396 3377
3396 3378
3396 3386
3396 3403
3396 3411
3396 3422
3396 3434
3397 1684
3397 2661
3397 2662
3397 2665
3397 2674
3397 2687
3397 2693
3397 2708
3397 2716
3397 2719
3397 2720
3397 2742
3397 2748
3397 2753
3397 2765
3397 2778
3397 2781
3397 2784
3397 2793
3397 2802
3397 2828
3397 2833
3397 2846
3397 2849
3397 2853
3397 2859
3397 2863
3397 2869
3397 2901
3397 2914
3397 2921
3397 2936
3397 2937
3397 2939
3397 2951
3397 2955
3397 2973
3397 2989
3397 2992
3397 2995
3397 3002
3397 3013
3397 3017
3397 3021
3397 3024
3397 3032
3397 3034
3397 3035
3397 3038
3397 3049
3397 3051
3397 3060
3397 3069
3397 3070
3397 3075
3397 3076
3397 3082
3397 3089
3397 3101
3397 3106
3397 3115
3397 3116
3397 3120
3397 3132
3397 3140
3397 3146
3397 3150
3397 3152
3397 3154
3397 3160
3397 3169
3397 3179
3397 3182
3397 3194
3397 3198
3397 3201
3397 3206
3397 3224
3397 3235
3397 3239
3397 3240
3397 3247
3397 3252
3397 3256
3397 3261
3397 3265
3397 3267
3397 3274
3397 3277
3397 3280
3397 3288
3397 3291
3397 3297
3397 3299
3397 3316
3397 3320
3397 3321
3397 3323
3397 3330
3397 3335
3397 3344
3397 3345
3397 3347
3397 3351
3397 3353
3397 3355
3397 3360
3397 3365
3397 3378
3397 3386
3397 3391
3397 3406
3397 3416
3397 3419
3397 3434
3398 1684
3398 3011
3398 3061
3398 3081
3398 3263
3398 3266
3398 3308
3398 3405
3399 1684
3399 2741
3399 2754
3399 2755
3399 2777
3399 2782
3399 2835
3399 2866
3399 2867
3399 2877
3399 2887
3399 2897
3399 2909
3399 2911
3399 2912
3399 2916
3399 2925
3399 2928
3399 2931
3399 2940
3399 2960
3399 2966
3399 2974
3399 2985
3399 3004
3399 3033
3399 3040
3399 3054
3399 3064
3399 3065
3399 3096
3399 3174
3399 3195
3399 3226
3399 3363
3399 3387
3399 3433
