3400 1684
3400 2683
3400 2698
3400 2729
3400 2731
3400 2738
3400 2743
3400 2754
3400 2800
3400 2807
3400 2874
3400 2887
3400 2927
3400 2928
3400 2956
3400 2981
3400 2986
3400 2988
3400 2994
3400 3000
3400 3022
3400 3025
3400 3026
3400 3036
3400 3080
3400 3084
3400 3114
3400 3123
3400 3137
3400 3166
3400 3231
3400 3232
3400 3234
3400 3269
3400 3339
3401 1684
3401 2926
3401 3256
3401 3338
3401 3376
3401 3402
3401 3425
3401 3427
3402 1684
3402 2718
3402 2843
3402 2865
3402 2926
3402 2955
3402 3187
3402 3196
3402 3256
3402 3264
3402 3338
3402 3376
3402 3401
3402 3425
3402 3427
3403 1684
3403 2716
3403 2730
3403 2768
3403 2787
3403 2812
3403 2823
3403 2840
3403 2845
3403 2894
3403 2936
3403 2955
3403 2976
3403 3002
3403 3005
3403 3017
3403 3027
3403 3034
3403 3039
3403 3060
3403 3072
3403 3076
3403 3089
3403 3101
3403 3107
3403 3110
3403 3111
3403 3118
3403 3145
3403 3148
3403 3172
3403 3178
3403 3185
3403 3196
3403 3225
3403 3245
3403 3261
3403 3263
3403 3287
3403 3299
3403 3302
3403 3320
3403 3332
3403 3342
3403 3345
3403 3347
3403 3353
3403 3366
3403 3386
3403 3395
3403 3396
3403 3422
3404 1405
3404 1684
3404 2675
3404 2686
3404 2858
3404 2932
3404 2942
3404 2951
3404 2955
3404 3087
3404 3171
3404 3187
3404 3219
3404 3253
3404 3259
3404 3264
3404 3304
3404 3330
3405 1684
3405 2685
3405 2724
3405 2848
3405 3061
3405 3081
3405 3159
3405 3168
3405 3263
3405 3266
3405 3308
3405 3331
3405 3398
3406 1405
3406 1684
3406 2661
3406 2665
3406 2713
3406 2716
3406 2719
3406 2720
3406 2742
3406 2748
3406 2753
3406 2772
3406 2793
3406 2828
3406 2833
3406 2849
3406 2870
3406 2901
3406 2904
3406 2921
3406 2937
3406 2951
3406 2973
3406 2989
3406 2996
3406 3009
3406 3034
3406 3038
3406 3046
3406 3051
3406 3082
3406 3087
3406 3089
3406 3101
3406 3106
3406 3120
3406 3140
3406 3150
3406 3151
3406 3189
3406 3201
3406 3203
3406 3212
3406 3223
3406 3224
3406 3239
3406 3240
3406 3252
3406 3260
3406 3263
3406 3287
3406 3291
3406 3299
3406 3307
3406 3320
3406 3321
3406 3342
3406 3344
3406 3345
3406 3347
3406 3355
3406 3360
3406 3386
3406 3391
3406 3395
3406 3397
3406 3409
3406 3421
3406 3422
3406 3434
3407 1684
3407 3268
3408 1684
3408 3187
3409 1505
3409 1684
3409 2768
3409 2784
3409 2813
3409 2914
3409 2979
3409 3082
3409 3136
3409 3150
3409 3151
3409 3185
3409 3219
3409 3254
3409 3329
3409 3406
3410 1419
3410 1684
3410 2713
3410 2728
3410 2739
3410 2951
3410 3077
3410 3086
3410 3103
3410 3207
3410 3223
3410 3241
3410 3285
3410 3371
3410 3412
3410 3420
3411 1684
3411 2661
3411 2665
3411 2672
3411 2675
3411 2712
3411 2742
3411 2748
3411 2770
3411 2772
3411 2828
3411 2833
3411 2875
3411 2894
3411 2901
3411 2904
3411 2914
3411 2921
3411 2923
3411 2950
3411 2951
3411 2970
3411 3005
3411 3011
3411 3049
3411 3060
3411 3076
3411 3079
3411 3082
3411 3101
3411 3115
3411 3116
3411 3132
3411 3148
3411 3150
3411 3152
3411 3154
3411 3172
3411 3179
3411 3182
3411 3185
3411 3188
3411 3198
3411 3201
3411 3208
3411 3210
3411 3242
3411 3252
3411 3253
3411 3254
3411 3258
3411 3262
3411 3288
3411 3296
3411 3319
3411 3330
3411 3332
3411 3335
3411 3343
3411 3350
3411 3396
3411 3434
3412 1405
3412 1684
3412 2662
3412 2711
3412 2713
3412 2724
3412 2728
3412 2730
3412 2758
3412 2779
3412 2829
3412 2830
3412 2892
3412 2900
3412 2951
3412 2990
3412 3002
3412 3007
3412 3018
3412 3019
3412 3020
3412 3068
3412 3077
3412 3086
3412 3103
3412 3118
3412 3154
3412 3162
3412 3168
3412 3176
3412 3177
3412 3191
3412 3207
3412 3223
3412 3233
3412 3241
3412 3273
3412 3295
3412 3356
3412 3359
3412 3366
3412 3371
3412 3379
3412 3410
3412 3420
3413 1684
3413 2766
3413 2821
3414 1684
3414 2673
3414 2706
3414 2757
3414 2761
3414 2763
3414 2806
3414 2839
3414 2854
3414 2928
3414 2948
3414 2960
3414 3023
3414 3184
3414 3193
3414 3286
3414 3324
3414 3363
3415 1684
3415 2662
3415 2712
3415 2724
3415 2739
3415 2853
3415 2871
3415 2892
3415 2951
3415 3019
3415 3068
3415 3077
3415 3109
3415 3111
3415 3154
3415 3162
3415 3168
3415 3177
3415 3178
3415 3189
3415 3210
3415 3219
3415 3233
3415 3295
3415 3296
3415 3346
3415 3360
3415 3366
3415 3395
3416 1684
3416 2661
3416 2674
3416 2742
3416 2765
3416 2770
3416 2778
3416 2793
3416 2804
3416 2828
3416 2849
3416 2853
3416 2863
3416 2869
3416 2939
3416 2970
3416 2991
3416 2992
3416 3016
3416 3021
3416 3035
3416 3049
3416 3070
3416 3082
3416 3101
3416 3102
3416 3106
3416 3116
3416 3120
3416 3132
3416 3146
3416 3169
3416 3201
3416 3206
3416 3239
3416 3240
3416 3247
3416 3252
3416 3265
3416 3267
3416 3277
3416 3291
3416 3297
3416 3316
3416 3342
3416 3344
3416 3347
3416 3351
3416 3381
3416 3391
3416 3397
3416 3419
3416 3434
3417 1684
3417 2679
3417 2683
3417 2689
3417 2694
3417 2698
3417 2706
3417 2729
3417 2738
3417 2741
3417 2743
3417 2749
3417 2754
3417 2755
3417 2756
3417 2757
3417 2763
3417 2773
3417 2777
3417 2786
3417 2794
3417 2800
3417 2806
3417 2810
3417 2827
3417 2835
3417 2839
3417 2862
3417 2864
3417 2867
3417 2873
3417 2874
3417 2880
3417 2890
3417 2906
3417 2907
3417 2910
3417 2912
3417 2913
3417 2915
3417 2916
3417 2919
3417 2920
3417 2927
3417 2928
3417 2929
3417 2940
3417 2943
3417 2944
3417 2945
3417 2953
3417 2956
3417 2960
3417 2966
3417 2974
3417 2986
3417 2988
3417 2993
3417 2994
3417 3000
3417 3004
3417 3014
3417 3026
3417 3029
3417 3042
3417 3047
3417 3073
3417 3084
3417 3090
3417 3104
3417 3119
3417 3135
3417 3158
3417 3184
3417 3213
3417 3220
3417 3226
3417 3232
3417 3243
3417 3286
3417 3324
3417 3339
3417 3362
3417 3363
3417 3364
3417 3384
3417 3387
3417 3433
3417 3435
3418 1684
3418 2718
3418 2735
3418 2803
3418 2901
3418 3116
3418 3124
3418 3173
3418 3196
3418 3256
3419 1684
3419 2661
3419 2674
3419 2742
3419 2765
3419 2770
3419 2778
3419 2780
3419 2781
3419 2796
3419 2802
3419 2849
3419 2853
3419 2863
3419 2869
3419 2955
3419 2970
3419 2991
3419 2992
3419 3016
3419 3018
3419 3021
3419 3035
3419 3049
3419 3051
3419 3082
3419 3101
3419 3113
3419 3115
3419 3116
3419 3120
3419 3124
3419 3132
3419 3136
3419 3145
3419 3146
3419 3150
3419 3152
3419 3169
3419 3185
3419 3198
3419 3201
3419 3204
3419 3214
3419 3239
3419 3247
3419 3252
3419 3265
3419 3267
3419 3277
3419 3280
3419 3288
3419 3297
3419 3316
3419 3330
3419 3335
3419 3342
3419 3351
3419 3378
3419 3381
3419 3397
3419 3416
3419 3434
3420 1419
3420 1684
3420 2677
3420 2713
3420 2728
3420 2730
3420 2739
3420 2779
3420 2892
3420 3002
3420 3007
3420 3077
3420 3086
3420 3103
3420 3176
3420 3177
3420 3207
3420 3223
3420 3241
3420 3285
3420 3371
3420 3410
3420 3412
3421 1684
3421 2812
3421 2819
3421 2836
3421 2951
3421 3038
3421 3082
3421 3107
3421 3110
3421 3203
3421 3224
3421 3240
3421 3249
3421 3291
3421 3299
3421 3321
3421 3327
3421 3342
3421 3346
3421 3406
3422 1684
3422 2719
3422 2778
3422 2783
3422 2796
3422 2841
3422 2881
3422 2937
3422 2973
3422 3017
3422 3039
3422 3076
3422 3111
3422 3112
3422 3115
3422 3116
3422 3145
3422 3148
3422 3172
3422 3185
3422 3192
3422 3198
3422 3225
3422 3261
3422 3272
3422 3274
3422 3280
3422 3287
3422 3288
3422 3291
3422 3306
3422 3320
3422 3321
3422 3330
3422 3353
3422 3377
3422 3396
3422 3403
3422 3406
3422 3434
3423 1684
3423 2670
3423 2703
3423 2834
3423 2879
3423 2889
3423 2959
3423 2972
3423 2982
3423 3008
3423 3283
3423 3309
3423 3314
3423 3318
3423 3325
3423 3382
3424 1684
3424 2771
3424 2836
3424 2841
3424 2898
3424 3248
3424 3327
3425 1684
3425 2781
3425 2926
3425 3187
3425 3256
3425 3338
3425 3376
3425 3401
3425 3402
3425 3427
3426 1684
3426 2663
3426 2664
3426 2666
3426 2669
3426 2673
3426 2676
3426 2679
3426 2680
3426 2683
3426 2689
3426 2694
3426 2698
3426 2705
3426 2706
3426 2710
3426 2717
3426 2738
3426 2749
3426 2750
3426 2754
3426 2757
3426 2759
3426 2761
3426 2763
3426 2777
3426 2782
3426 2786
3426 2800
3426 2815
3426 2827
3426 2839
3426 2850
3426 2854
3426 2866
3426 2867
3426 2872
3426 2877
3426 2890
3426 2896
3426 2905
3426 2906
3426 2908
3426 2909
3426 2910
3426 2911
3426 2912
3426 2913
3426 2916
3426 2919
3426 2920
3426 2925
3426 2927
3426 2928
3426 2931
3426 2940
3426 2943
3426 2944
3426 2956
3426 2960
3426 2966
3426 2967
3426 2969
3426 2974
3426 2978
3426 2985
3426 2986
3426 2993
3426 3004
3426 3022
3426 3025
3426 3026
3426 3033
3426 3040
3426 3042
3426 3047
3426 3054
3426 3056
3426 3064
3426 3078
3426 3084
3426 3090
3426 3095
3426 3096
3426 3104
3426 3108
3426 3114
3426 3129
3426 3137
3426 3139
3426 3142
3426 3149
3426 3174
3426 3195
3426 3226
3426 3228
3426 3232
3426 3237
3426 3257
3426 3284
3426 3293
3426 3300
3426 3301
3426 3303
3426 3324
3426 3339
3426 3348
3426 3362
3426 3363
3426 3387
3426 3392
3426 3394
3426 3430
3427 1684
3427 2926
3427 3087
3427 3256
3427 3338
3427 3376
3427 3401
3427 3402
3427 3425
3428 1684
3428 2663
3428 2789
3428 2807
3428 3042
3428 3139
3428 3153
3428 3392
3429 1684
3429 2863
3429 2926
3429 3256
3429 3365
3430 1684
3430 2663
3430 2698
3430 2745
3430 2806
3430 2851
3430 2854
3430 2866
3430 2872
3430 2919
3430 2927
3430 2978
3430 3090
3430 3114
3430 3123
3430 3137
3430 3139
3430 3300
3430 3363
3430 3392
3430 3426
3431 1684
3431 2700
3431 2785
3431 2825
3431 2841
3431 2901
3431 2996
3431 3048
3431 3116
3431 3117
3431 3144
3431 3151
3431 3157
3431 3171
3431 3173
3431 3208
3431 3211
3431 3248
3431 3253
3431 3280
3431 3329
3431 3351
3431 3360
3432 1684
3432 1758
3432 2760
3432 2893
3432 3057
3432 3279
3433 1684
3433 2679
3433 2681
3433 2683
3433 2689
3433 2729
3433 2738
3433 2741
3433 2743
3433 2754
3433 2755
3433 2756
3433 2773
3433 2777
3433 2786
3433 2794
3433 2800
3433 2810
3433 2839
3433 2862
3433 2864
3433 2867
3433 2873
3433 2874
3433 2890
3433 2907
3433 2910
3433 2915
3433 2920
3433 2924
3433 2927
3433 2928
3433 2929
3433 2931
3433 2940
3433 2943
3433 2944
3433 2945
3433 2956
3433 2960
3433 2974
3433 2986
3433 2988
3433 2994
3433 3000
3433 3029
3433 3054
3433 3056
3433 3065
3433 3073
3433 3084
3433 3090
3433 3135
3433 3158
3433 3220
3433 3226
3433 3238
3433 3243
3433 3257
3433 3293
3433 3362
3433 3363
3433 3364
3433 3399
3433 3417
3434 1684
3434 2661
3434 2674
3434 2684
3434 2708
3434 2712
3434 2716
3434 2719
3434 2733
3434 2753
3434 2765
3434 2770
3434 2778
3434 2781
3434 2793
3434 2796
3434 2823
3434 2828
3434 2830
3434 2833
3434 2849
3434 2863
3434 2901
3434 2904
3434 2936
3434 2937
3434 2939
3434 2970
3434 2973
3434 2976
3434 2989
3434 2991
3434 2992
3434 3007
3434 3017
3434 3021
3434 3035
3434 3038
3434 3046
3434 3049
3434 3051
3434 3070
3434 3076
3434 3079
3434 3082
3434 3101
3434 3102
3434 3106
3434 3111
3434 3113
3434 3115
3434 3116
3434 3120
3434 3132
3434 3146
3434 3148
3434 3152
3434 3154
3434 3169
3434 3170
3434 3172
3434 3179
3434 3182
3434 3185
3434 3188
3434 3191
3434 3198
3434 3199
3434 3201
3434 3204
3434 3206
3434 3212
3434 3224
3434 3239
3434 3240
3434 3247
3434 3252
3434 3258
3434 3261
3434 3277
3434 3280
3434 3288
3434 3291
3434 3296
3434 3299
3434 3320
3434 3321
3434 3330
3434 3332
3434 3335
3434 3344
3434 3345
3434 3347
3434 3351
3434 3353
3434 3355
3434 3360
3434 3381
3434 3386
3434 3391
3434 3396
3434 3397
3434 3406
3434 3411
3434 3416
3434 3419
3434 3422
3435 1684
3435 2679
3435 2683
3435 2729
3435 2743
3435 2755
3435 2773
3435 2786
3435 2827
3435 2862
3435 2873
3435 2874
3435 2890
3435 2896
3435 2915
3435 2928
3435 2929
3435 2931
3435 2945
3435 2953
3435 2956
3435 2966
3435 2977
3435 2993
3435 3000
3435 3022
3435 3025
3435 3026
3435 3029
3435 3033
3435 3078
3435 3084
3435 3090
3435 3104
3435 3114
3435 3119
3435 3129
3435 3149
3435 3163
3435 3238
3435 3243
3435 3257
3435 3293
3435 3348
3435 3362
3435 3364
3435 3384
3435 3387
3435 3417
3436 1684
3436 2673
3436 2896
3436 2948
3436 3129
3436 3195
3436 3301
3437 567
3437 698
3437 857
3437 862
3437 1085
3437 3438
3437 3439
3437 3440
3437 3441
3437 3442
3437 3443
3437 3444
3437 3445
3437 3446
3437 3447
3437 3448
3437 3449
3437 3450
3437 3451
3437 3452
3437 3453
3437 3454
3437 3455
3437 3456
3437 3457
3437 3458
3437 3459
3437 3460
3437 3461
3437 3462
3437 3463
3437 3464
3437 3465
3437 3466
3437 3467
3437 3468
3437 3469
3437 3470
3437 3471
3437 3472
3437 3473
3437 3474
3437 3475
3437 3476
3437 3477
3437 3478
3437 3479
3437 3480
3437 3481
3437 3482
3437 3483
3437 3484
3437 3485
3437 3486
3437 3487
3437 3488
3437 3489
3437 3490
3437 3491
3437 3492
3437 3493
3437 3494
3437 3495
3437 3496
3437 3497
3437 3498
3437 3499
3437 3500
3437 3501
3437 3502
3437 3503
3437 3504
3437 3505
3437 3506
3437 3507
3437 3508
3437 3509
3437 3510
3437 3511
3437 3512
3437 3513
3437 3514
3437 3515
3437 3516
3437 3517
3437 3518
3437 3519
3437 3520
3437 3521
3437 3522
3437 3523
3437 3524
3437 3525
3437 3526
3437 3527
3437 3528
3437 3529
3437 3530
3437 3531
3437 3532
3437 3533
3437 3534
3437 3535
3437 3536
3437 3537
3437 3538
3437 3539
3437 3540
3437 3541
3437 3542
3437 3543
3437 3544
3437 3545
3437 3546
3437 3547
3437 3548
3437 3549
3437 3550
3437 3551
3437 3552
3437 3553
3437 3554
3437 3555
3437 3556
3437 3557
3437 3558
3437 3559
3437 3560
3437 3561
3437 3562
3437 3563
3437 3564
3437 3565
3437 3566
3437 3567
3437 3568
3437 3569
3437 3570
3437 3571
3437 3572
3437 3573
3437 3574
3437 3575
3437 3576
3437 3577
3437 3578
3437 3579
3437 3580
3437 3581
3437 3582
3437 3583
3437 3584
3437 3585
3437 3586
3437 3587
3437 3588
3437 3589
3437 3590
3437 3591
3437 3592
3437 3593
3437 3594
3437 3595
3437 3596
3437 3597
3437 3598
3437 3599
3437 3600
3437 3601
3437 3602
3437 3603
3437 3604
3437 3605
3437 3606
3437 3607
3437 3608
3437 3609
3437 3610
3437 3611
3437 3612
3437 3613
3437 3614
3437 3615
3437 3616
3437 3617
3437 3618
3437 3619
3437 3620
3437 3621
3437 3622
3437 3623
3437 3624
3437 3625
3437 3626
3437 3627
3437 3628
3437 3629
3437 3630
3437 3631
3437 3632
3437 3633
3437 3634
3437 3635
3437 3636
3437 3637
3437 3638
3437 3639
3437 3640
3437 3641
3437 3642
3437 3643
3437 3644
3437 3645
3437 3646
3437 3647
3437 3648
3437 3649
3437 3650
3437 3651
3437 3652
3437 3653
3437 3654
3437 3655
3437 3656
3437 3657
3437 3658
3437 3659
3437 3660
3437 3661
3437 3662
3437 3663
3437 3664
3437 3665
3437 3666
3437 3667
3437 3668
3437 3669
3437 3670
3437 3671
3437 3672
3437 3673
3437 3674
3437 3675
3437 3676
3437 3677
3437 3678
3437 3679
3437 3680
3437 3681
3437 3682
3437 3683
3437 3684
3437 3685
3437 3686
3437 3687
3437 3688
3437 3689
3437 3690
3437 3691
3437 3692
3437 3693
3437 3694
3437 3695
3437 3696
3437 3697
3437 3698
3437 3699
3437 3700
3437 3701
3437 3702
3437 3703
3437 3704
3437 3705
3437 3706
3437 3707
3437 3708
3437 3709
3437 3710
3437 3711
3437 3712
3437 3713
3437 3714
3437 3715
3437 3716
3437 3717
3437 3718
3437 3719
3437 3720
3437 3721
3437 3722
3437 3723
3437 3724
3437 3725
3437 3726
3437 3727
3437 3728
3437 3729
3437 3730
3437 3731
3437 3732
3437 3733
3437 3734
3437 3735
3437 3736
3437 3737
3437 3738
3437 3739
3437 3740
3437 3741
3437 3742
3437 3743
3437 3744
3437 3745
3437 3746
3437 3747
3437 3748
3437 3749
3437 3750
3437 3751
3437 3752
3437 3753
3437 3754
3437 3755
3437 3756
3437 3757
3437 3758
3437 3759
3437 3760
3437 3761
3437 3762
3437 3763
3437 3764
3437 3765
3437 3766
3437 3767
3437 3768
3437 3769
3437 3770
3437 3771
3437 3772
3437 3773
3437 3774
3437 3775
3437 3776
3437 3777
3437 3778
3437 3779
3437 3780
3437 3781
3437 3782
3437 3783
3437 3784
3437 3785
3437 3786
3437 3787
3437 3788
3437 3789
3437 3790
3437 3791
3437 3792
3437 3793
3437 3794
3437 3795
3437 3796
3437 3797
3437 3798
3437 3799
3437 3800
3437 3801
3437 3802
3437 3803
3437 3804
3437 3805
3437 3806
3437 3807
3437 3808
3437 3809
3437 3810
3437 3811
3437 3812
3437 3813
3437 3814
3437 3815
3437 3816
3437 3817
3437 3818
3437 3819
3437 3820
3437 3821
3437 3822
3437 3823
3437 3824
3437 3825
3437 3826
3437 3827
3437 3828
3437 3829
3437 3830
3437 3831
3437 3832
3437 3833
3437 3834
3437 3835
3437 3836
3437 3837
3437 3838
3437 3839
3437 3840
3437 3841
3437 3842
3437 3843
3437 3844
3437 3845
3437 3846
3437 3847
3437 3848
3437 3849
3437 3850
3437 3851
3437 3852
3437 3853
3437 3854
3437 3855
3437 3856
3437 3857
3437 3858
3437 3859
3437 3860
3437 3861
3437 3862
3437 3863
3437 3864
3437 3865
3437 3866
3437 3867
3437 3868
3437 3869
3437 3870
3437 3871
3437 3872
3437 3873
3437 3874
3437 3875
3437 3876
3437 3877
3437 3878
3437 3879
3437 3880
3437 3881
3437 3882
3437 3883
3437 3884
3437 3885
3437 3886
3437 3887
3437 3888
3437 3889
3437 3890
3437 3891
3437 3892
3437 3893
3437 3894
3437 3895
3437 3896
3437 3897
3437 3898
3437 3899
3437 3900
3437 3901
3437 3902
3437 3903
3437 3904
3437 3905
3437 3906
3437 3907
3437 3908
3437 3909
3437 3910
3437 3911
3437 3912
3437 3913
3437 3914
3437 3915
3437 3916
3437 3917
3437 3918
3437 3919
3437 3920
3437 3921
3437 3922
3437 3923
3437 3924
3437 3925
3437 3926
3437 3927
3437 3928
3437 3929
3437 3930
3437 3931
3437 3932
3437 3933
3437 3934
3437 3935
3437 3936
3437 3937
3437 3938
3437 3939
3437 3940
3437 3941
3437 3942
3437 3943
3437 3944
3437 3945
3437 3946
3437 3947
3437 3948
3437 3949
3437 3950
3437 3951
3437 3952
3437 3953
3437 3954
3437 3955
3437 3956
3437 3957
3437 3958
3437 3959
3437 3960
3437 3961
3437 3962
3437 3963
3437 3964
3437 3965
3437 3966
3437 3967
3437 3968
3437 3969
3437 3970
3437 3971
3437 3972
3437 3973
3437 3974
3437 3975
3437 3976
3437 3977
3437 3978
3437 3979
3438 3437
3438 3448
3438 3449
3438 3456
3438 3480
3438 3491
3438 3501
3438 3517
3438 3522
3438 3533
3438 3540
3438 3545
3438 3586
3438 3633
3438 3677
3438 3693
3438 3734
3438 3760
3438 3784
3438 3842
3438 3851
3438 3877
3438 3938
3438 3971
3439 3437
3439 3513
3439 3616
3439 3638
3439 3647
3439 3699
3439 3716
3439 3799
3439 3932
3440 1085
3440 3437
3440 3495
3440 3501
3440 3525
3440 3540
3440 3545
3440 3576
3440 3596
3440 3600
3440 3633
3440 3684
3440 3697
3440 3703
3440 3734
3440 3755
3440 3780
3440 3797
3440 3805
3440 3842
3440 3851
3440 3877
3440 3886
3440 3938
3440 3968
3440 3971
3441 3437
3441 3536
3441 3538
3441 3546
3441 3662
3441 3949
3442 3437
3442 3455
3442 3470
3442 3472
3442 3505
3442 3508
3442 3521
3442 3526
3442 3553
3442 3590
3442 3597
3442 3599
3442 3608
3442 3615
3442 3629
3442 3636
3442 3644
3442 3663
3442 3678
3442 3685
3442 3698
3442 3705
3442 3710
3442 3713
3442 3715
3442 3722
3442 3728
3442 3735
3442 3740
3442 3753
3442 3773
3442 3778
3442 3791
3442 3802
3442 3835
3442 3850
3442 3865
3442 3867
3442 3876
3442 3907
3442 3918
3442 3921
3442 3936
3442 3941
3442 3977
3443 3437
3443 3460
3443 3464
3443 3466
3443 3469
3443 3529
3443 3554
3443 3582
3443 3593
3443 3630
3443 3634
3443 3645
3443 3738
3443 3752
3443 3829
3443 3859
3443 3906
3443 3909
3443 3915
3443 3937
3443 3956
3443 3972
3444 3437
3444 3742
3444 3849
3444 3861
3444 3904
3445 3437
3445 3538
3445 3628
3445 3725
3445 3743
3445 3819
3445 3868
3446 3437
3446 3490
3446 3531
3446 3546
3446 3549
3446 3580
3446 3585
3446 3624
3446 3662
3446 3814
3446 3863
3447 3437
3447 3580
3447 3624
3447 3679
3447 3682
3447 3894
3448 3437
3448 3438
3448 3449
3448 3456
3448 3471
3448 3475
3448 3485
3448 3491
3448 3495
3448 3501
3448 3527
3448 3540
3448 3545
3448 3577
3448 3586
3448 3596
3448 3604
3448 3609
3448 3611
3448 3633
3448 3640
3448 3642
3448 3677
3448 3684
3448 3693
3448 3697
3448 3734
3448 3737
3448 3756
3448 3779
3448 3797
3448 3800
3448 3804
3448 3828
3448 3830
3448 3838
3448 3841
3448 3845
3448 3851
3448 3860
3448 3889
3448 3930
3448 3938
3448 3943
3448 3944
3448 3948
3448 3966
3449 3437
3449 3438
3449 3448
3449 3456
3449 3480
3449 3491
3449 3495
3449 3501
3449 3517
3449 3545
3449 3577
3449 3586
3449 3596
3449 3604
3449 3609
3449 3618
3449 3625
3449 3633
3449 3651
3449 3674
3449 3677
3449 3684
3449 3692
3449 3693
3449 3721
3449 3734
3449 3737
3449 3756
3449 3788
3449 3796
3449 3797
3449 3800
3449 3805
3449 3830
3449 3838
3449 3841
3449 3851
3449 3873
3449 3877
3449 3889
3449 3938
3449 3943
3449 3948
3449 3962
3449 3971
