3450 3437
3450 3497
3450 3528
3450 3545
3450 3596
3450 3604
3450 3605
3450 3642
3450 3672
3450 3730
3450 3731
3450 3737
3450 3790
3450 3804
3450 3838
3450 3860
3450 3913
3450 3930
3451 3437
3452 3437
3452 3462
3452 3488
3452 3545
3452 3573
3452 3576
3452 3596
3452 3603
3452 3611
3452 3658
3452 3824
3452 3838
3452 3877
3452 3891
3452 3902
3452 3966
3453 3437
3454 567
3454 3437
3454 3547
3454 3586
3454 3605
3454 3621
3454 3642
3454 3673
3454 3677
3454 3693
3454 3775
3454 3779
3454 3861
3454 3880
3455 3437
3455 3442
3455 3470
3455 3498
3455 3505
3455 3521
3455 3526
3455 3553
3455 3588
3455 3590
3455 3599
3455 3608
3455 3629
3455 3636
3455 3663
3455 3685
3455 3710
3455 3713
3455 3715
3455 3722
3455 3728
3455 3735
3455 3740
3455 3753
3455 3769
3455 3773
3455 3778
3455 3802
3455 3815
3455 3827
3455 3835
3455 3850
3455 3862
3455 3867
3455 3876
3455 3886
3455 3907
3455 3921
3456 857
3456 862
3456 1085
3456 3437
3456 3438
3456 3448
3456 3449
3456 3461
3456 3495
3456 3501
3456 3514
3456 3545
3456 3557
3456 3577
3456 3586
3456 3596
3456 3604
3456 3609
3456 3618
3456 3633
3456 3651
3456 3654
3456 3674
3456 3677
3456 3687
3456 3692
3456 3693
3456 3697
3456 3703
3456 3734
3456 3750
3456 3756
3456 3762
3456 3797
3456 3800
3456 3804
3456 3824
3456 3830
3456 3831
3456 3841
3456 3842
3456 3851
3456 3858
3456 3873
3456 3884
3456 3938
3456 3943
3456 3948
3456 3962
3456 3968
3456 3971
3457 3437
3457 3703
3457 3830
3457 3831
3457 3938
3457 3944
3458 3437
3458 3468
3458 3493
3458 3506
3458 3569
3458 3584
3458 3593
3458 3643
3458 3648
3458 3711
3458 3718
3458 3719
3458 3792
3458 3793
3458 3810
3458 3822
3458 3900
3458 3903
3458 3951
3458 3969
3459 3437
3459 3469
3459 3529
3459 3534
3459 3564
3459 3614
3459 3645
3459 3758
3459 3763
3459 3770
3459 3782
3459 3793
3459 3812
3459 3825
3459 3945
3460 3437
3460 3443
3460 3464
3460 3466
3460 3469
3460 3474
3460 3515
3460 3529
3460 3568
3460 3601
3460 3602
3460 3630
3460 3634
3460 3726
3460 3752
3460 3761
3460 3768
3460 3782
3460 3786
3460 3829
3460 3881
3460 3900
3460 3915
3460 3931
3460 3937
3460 3945
3460 3956
3460 3972
3461 3437
3461 3456
3461 3495
3461 3559
3461 3831
3461 3930
3461 3934
3461 3968
3462 3437
3462 3452
3462 3488
3462 3559
3462 3576
3462 3596
3462 3604
3462 3611
3462 3672
3462 3756
3462 3762
3462 3800
3462 3824
3462 3838
3462 3877
3462 3891
3462 3926
3462 3930
3462 3934
3462 3966
3463 3437
3463 3486
3463 3506
3463 3555
3463 3558
3463 3569
3463 3591
3463 3593
3463 3680
3463 3705
3463 3706
3463 3714
3463 3793
3463 3794
3463 3822
3463 3826
3463 3861
3463 3869
3463 3906
3463 3909
3463 3924
3463 3931
3463 3947
3463 3951
3464 3437
3464 3443
3464 3460
3464 3466
3464 3469
3464 3474
3464 3510
3464 3529
3464 3554
3464 3583
3464 3601
3464 3602
3464 3604
3464 3612
3464 3617
3464 3630
3464 3634
3464 3668
3464 3680
3464 3724
3464 3726
3464 3738
3464 3761
3464 3764
3464 3777
3464 3823
3464 3829
3464 3895
3464 3915
3464 3945
3464 3956
3465 3437
3465 3476
3465 3519
3465 3571
3465 3579
3465 3675
3465 3701
3465 3708
3465 3757
3465 3759
3465 3774
3465 3836
3465 3837
3465 3918
3465 3957
3465 3975
3466 3437
3466 3443
3466 3460
3466 3464
3466 3469
3466 3510
3466 3529
3466 3554
3466 3583
3466 3602
3466 3634
3466 3652
3466 3668
3466 3680
3466 3726
3466 3738
3466 3761
3466 3784
3466 3821
3466 3829
3466 3881
3466 3915
3466 3937
3466 3945
3466 3956
3466 3972
3467 3437
3467 3533
3467 3830
3468 3437
3468 3458
3468 3524
3468 3529
3468 3532
3468 3534
3468 3535
3468 3568
3468 3584
3468 3601
3468 3622
3468 3623
3468 3645
3468 3680
3468 3718
3468 3758
3468 3764
3468 3777
3468 3782
3468 3810
3468 3823
3468 3826
3468 3866
3468 3878
3468 3881
3468 3900
3468 3927
3468 3945
3468 3956
3469 3437
3469 3443
3469 3459
3469 3460
3469 3464
3469 3466
3469 3474
3469 3510
3469 3529
3469 3554
3469 3561
3469 3604
3469 3630
3469 3634
3469 3668
3469 3726
3469 3738
3469 3752
3469 3761
3469 3764
3469 3825
3469 3829
3469 3881
3469 3915
3469 3927
3469 3945
3469 3956
3469 3972
3470 3437
3470 3442
3470 3455
3470 3520
3470 3521
3470 3553
3470 3599
3470 3629
3470 3710
3470 3753
3470 3767
3470 3769
3470 3773
3470 3778
3470 3796
3470 3876
3471 3437
3471 3448
3471 3475
3471 3484
3471 3485
3471 3526
3471 3540
3471 3543
3471 3545
3471 3611
3471 3672
3471 3684
3471 3702
3471 3838
3471 3845
3471 3851
3471 3852
3471 3873
3471 3877
3471 3902
3471 3930
3471 3938
3471 3940
3471 3966
3471 3971
3472 3437
3472 3442
3472 3482
3472 3505
3472 3508
3472 3521
3472 3526
3472 3553
3472 3598
3472 3629
3472 3644
3472 3685
3472 3698
3472 3840
3472 3850
3473 3437
3473 3538
3473 3541
3473 3567
3473 3595
3473 3628
3473 3725
3473 3739
3473 3743
3473 3819
3473 3857
3473 3868
3473 3871
3473 3874
3473 3892
3473 3912
3473 3917
3474 3437
3474 3460
3474 3464
3474 3469
3474 3554
3474 3602
3474 3604
3474 3630
3474 3634
3474 3738
3474 3761
3474 3764
3474 3823
3474 3829
3474 3915
3474 3945
3474 3956
3474 3967
3475 3437
3475 3448
3475 3471
3475 3484
3475 3485
3475 3488
3475 3501
3475 3526
3475 3543
3475 3545
3475 3586
3475 3611
3475 3642
3475 3672
3475 3684
3475 3702
3475 3828
3475 3838
3475 3842
3475 3845
3475 3851
3475 3852
3475 3873
3475 3877
3475 3902
3475 3926
3475 3930
3475 3938
3475 3940
3475 3948
3475 3966
3475 3971
3476 3437
3476 3465
3476 3519
3476 3579
3476 3675
3476 3701
3476 3708
3476 3757
3476 3759
3476 3774
3476 3809
3476 3836
3476 3837
3476 3957
3476 3975
3477 3437
3477 3565
3477 3637
3477 3651
3477 3756
3477 3847
3478 3437
3478 3500
3478 3587
3478 3607
3478 3655
3478 3696
3478 3747
3478 3766
3478 3776
3478 3783
3478 3791
3478 3809
3478 3920
3478 3933
3478 3960
3478 3964
3478 3967
3479 3437
3479 3481
3479 3516
3479 3523
3479 3562
3479 3581
3479 3594
3479 3613
3479 3639
3479 3649
3479 3695
3479 3830
3479 3883
3479 3898
3479 3919
3480 3437
3480 3438
3480 3449
3480 3491
3480 3540
3480 3545
3480 3586
3480 3604
3480 3625
3480 3633
3480 3651
3480 3667
3480 3674
3480 3677
3480 3684
3480 3692
3480 3693
3480 3734
3480 3756
3480 3799
3480 3830
3480 3841
3480 3938
3480 3968
3480 3971
3481 3437
3481 3479
3481 3516
3481 3562
3481 3581
3481 3594
3481 3613
3481 3639
3481 3649
3481 3695
3481 3830
3481 3883
3481 3898
3481 3919
3482 3437
3482 3472
3482 3505
3482 3508
3482 3521
3482 3553
3482 3598
3482 3644
3482 3685
3482 3698
3482 3832
3482 3850
3482 3901
3483 3437
3483 3499
3483 3524
3483 3617
3483 3690
3483 3724
3483 3754
3483 3782
3483 3793
3483 3821
3483 3878
3483 3895
3483 3937
3484 3437
3484 3471
3484 3475
3484 3501
3484 3521
3484 3568
3484 3633
3484 3684
3484 3817
3484 3831
3484 3842
3484 3873
3484 3940
3484 3968
3484 3971
3485 3437
3485 3448
3485 3471
3485 3475
3485 3488
3485 3514
3485 3518
3485 3528
3485 3559
3485 3611
3485 3627
3485 3681
3485 3790
3485 3804
3485 3817
3485 3838
3485 3845
3485 3930
3485 3966
3486 3437
3486 3463
3486 3493
3486 3506
3486 3509
3486 3569
3486 3572
3486 3591
3486 3593
3486 3680
3486 3705
3486 3706
3486 3711
3486 3714
3486 3793
3486 3794
3486 3803
3486 3822
3486 3826
3486 3833
3486 3855
3486 3869
3486 3870
3486 3900
3486 3906
3486 3909
3486 3924
3486 3951
3486 3969
3486 3976
3487 567
3487 3437
3487 3496
3487 3504
3487 3530
3487 3551
3487 3566
3487 3723
3487 3925
3487 3961
3488 3437
3488 3452
3488 3462
3488 3475
3488 3485
3488 3514
3488 3518
3488 3527
3488 3528
3488 3542
3488 3545
3488 3557
3488 3559
3488 3573
3488 3576
3488 3596
3488 3604
3488 3605
3488 3611
3488 3627
3488 3640
3488 3658
3488 3672
3488 3687
3488 3702
3488 3707
3488 3730
3488 3731
3488 3737
3488 3790
3488 3800
3488 3804
3488 3824
3488 3830
3488 3838
3488 3845
3488 3858
3488 3860
3488 3877
3488 3884
3488 3891
3488 3902
3488 3913
3488 3926
3488 3930
3488 3938
3488 3966
3489 3437
3489 3652
3489 3665
3489 3676
3489 3825
3490 3437
3490 3446
3490 3531
3490 3546
3490 3549
3490 3580
3490 3585
3490 3624
3490 3662
3490 3682
3490 3771
3490 3814
3490 3863
3490 3894
3490 3905
3491 3437
3491 3438
3491 3448
3491 3449
3491 3480
3491 3540
3491 3545
3491 3586
3491 3611
3491 3684
3491 3693
3491 3712
3491 3788
3491 3797
3491 3838
3491 3842
3491 3845
3491 3851
3491 3938
3491 3962
3491 3966
3491 3968
3491 3971
3492 3437
3492 3496
3492 3521
3492 3556
3492 3684
3492 3697
3492 3756
3492 3841
3492 3930
3493 3437
3493 3458
3493 3486
3493 3506
3493 3558
3493 3584
3493 3593
3493 3646
3493 3648
3493 3680
3493 3711
3493 3719
3493 3792
3493 3810
3493 3900
3493 3903
3493 3924
3493 3951
3493 3969
3494 3437
3494 3583
3494 3690
3494 3705
3495 857
3495 862
3495 1085
3495 3437
3495 3440
3495 3448
3495 3449
3495 3456
3495 3461
3495 3501
3495 3525
3495 3545
3495 3548
3495 3577
3495 3586
3495 3596
3495 3609
3495 3618
3495 3621
3495 3625
3495 3633
3495 3651
3495 3667
3495 3684
3495 3687
3495 3692
3495 3697
3495 3721
3495 3734
3495 3750
3495 3756
3495 3796
3495 3797
3495 3824
3495 3830
3495 3831
3495 3842
3495 3851
3495 3860
3495 3872
3495 3873
3495 3877
3495 3880
3495 3884
3495 3908
3495 3929
3495 3930
3495 3934
3495 3938
3495 3943
3495 3944
3495 3948
3495 3962
3495 3968
3495 3971
3495 3978
3496 3437
3496 3487
3496 3492
3496 3505
3496 3520
3496 3521
3496 3547
3496 3550
3496 3551
3496 3629
3496 3672
3496 3677
3496 3684
3496 3722
3496 3750
3496 3775
3496 3817
3496 3831
3496 3861
3497 3437
3497 3450
3497 3518
3497 3527
3497 3528
3497 3542
3497 3543
3497 3545
3497 3576
3497 3596
3497 3604
3497 3611
3497 3658
3497 3672
3497 3707
3497 3790
3497 3804
3497 3824
3497 3838
3497 3852
3497 3902
3497 3926
3497 3940
3497 3966
3498 3437
3498 3455
3498 3521
3498 3599
3498 3615
3498 3629
3498 3636
3498 3705
3498 3713
3498 3715
3498 3722
3498 3728
3498 3740
3498 3835
3498 3862
3498 3867
3498 3907
3498 3921
3499 3437
3499 3483
3499 3532
3499 3534
3499 3535
3499 3564
3499 3617
3499 3671
3499 3680
3499 3690
3499 3719
3499 3758
3499 3764
3499 3793
3499 3821
3499 3825
3499 3829
3499 3834
3499 3843
3499 3881
3499 3947
