350 348
350 369
350 384
350 397
350 407
350 419
350 426
350 433
350 455
350 484
350 497
350 504
350 519
350 527
350 528
350 531
350 543
350 546
350 552
350 561
350 563
351 198
351 348
351 364
351 454
351 564
352 348
352 368
352 375
352 394
352 398
352 404
352 408
352 409
352 412
352 431
352 456
352 462
352 479
352 484
352 492
352 493
352 494
352 503
352 517
352 525
352 536
352 538
352 542
353 107
353 348
353 363
353 366
353 370
353 373
353 376
353 388
353 391
353 394
353 400
353 404
353 408
353 409
353 412
353 417
353 419
353 420
353 428
353 430
353 431
353 432
353 446
353 460
353 462
353 471
353 475
353 482
353 483
353 484
353 487
353 492
353 493
353 496
353 497
353 500
353 503
353 513
353 514
353 515
353 517
353 520
353 524
353 526
353 537
353 538
353 540
353 542
353 544
353 559
353 560
353 561
353 566
353 567
353 580
353 601
353 606
353 637
353 641
353 651
353 930
353 936
353 976
353 1012
353 1075
353 1080
353 1114
353 1122
353 1155
353 1237
353 1313
353 1320
353 1349
353 1358
353 1374
353 1397
353 1425
353 1427
353 1475
353 1487
353 1512
353 1514
353 1529
353 1543
353 1574
353 1606
353 1616
353 1645
353 1673
353 1677
353 1679
353 1692
353 1694
353 1740
353 1744
353 1778
353 1790
353 1844
353 1855
353 1878
353 1881
353 1882
354 348
354 355
354 359
354 361
354 376
354 382
354 396
354 397
354 403
354 450
354 452
354 458
354 463
354 470
354 474
354 481
354 489
354 497
354 500
354 507
354 510
354 519
354 531
354 547
354 555
354 557
355 348
355 354
355 359
355 361
355 367
355 373
355 376
355 382
355 396
355 397
355 402
355 403
355 410
355 412
355 418
355 452
355 455
355 460
355 463
355 470
355 474
355 475
355 481
355 489
355 497
355 500
355 510
355 515
355 519
355 528
355 531
355 543
355 546
355 547
355 548
355 553
355 555
355 557
355 565
356 348
356 411
356 472
357 348
357 369
357 389
357 397
357 419
357 424
357 457
357 459
357 469
357 477
357 486
357 505
357 509
357 516
357 518
357 551
357 554
357 563
358 348
359 348
359 354
359 355
359 361
359 367
359 376
359 391
359 396
359 403
359 405
359 422
359 452
359 455
359 470
359 474
359 475
359 481
359 489
359 491
359 530
359 531
359 546
359 547
359 555
359 557
359 562
360 348
360 362
360 365
360 370
360 373
360 376
360 387
360 388
360 395
360 402
360 412
360 415
360 417
360 422
360 428
360 432
360 438
360 442
360 444
360 460
360 461
360 463
360 495
360 497
360 506
360 507
360 510
360 513
360 514
360 520
360 523
360 524
360 542
360 543
360 544
360 548
360 553
360 555
360 558
360 561
360 565
360 567
360 570
361 348
361 354
361 355
361 359
361 376
361 396
361 405
361 450
361 463
361 470
361 474
361 475
361 481
361 489
361 500
361 519
361 530
361 531
361 547
361 555
361 557
361 562
361 568
362 348
362 360
362 371
362 373
362 412
362 413
362 415
362 445
362 460
362 463
362 473
362 482
362 492
362 495
362 535
362 542
362 558
362 560
362 570
363 107
363 348
363 353
363 366
363 367
363 368
363 370
363 373
363 374
363 376
363 378
363 385
363 388
363 402
363 409
363 412
363 414
363 417
363 419
363 432
363 436
363 444
363 455
363 461
363 463
363 475
363 481
363 482
363 483
363 484
363 487
363 492
363 493
363 497
363 500
363 506
363 507
363 514
363 515
363 517
363 521
363 524
363 525
363 526
363 527
363 538
363 542
363 544
363 553
363 559
363 561
363 565
363 566
363 580
363 591
363 606
363 637
363 651
363 656
363 669
363 936
363 976
363 1080
363 1113
363 1122
363 1155
363 1179
363 1237
363 1318
363 1320
363 1332
363 1349
363 1358
363 1374
363 1400
363 1425
363 1427
363 1506
363 1512
363 1514
363 1529
363 1536
363 1545
363 1574
363 1606
363 1616
363 1645
363 1671
363 1673
363 1677
363 1692
363 1740
363 1744
363 1767
363 1790
363 1844
364 198
364 348
364 351
364 393
364 399
364 441
364 476
364 501
364 564
365 348
365 360
365 408
365 513
365 520
365 556
366 107
366 348
366 353
366 363
366 368
366 373
366 374
366 376
366 378
366 391
366 394
366 395
366 400
366 402
366 404
366 408
366 412
366 417
366 428
366 430
366 431
366 434
366 436
366 438
366 446
366 460
366 475
366 482
366 483
366 484
366 492
366 493
366 496
366 497
366 503
366 513
366 514
366 515
366 517
366 520
366 524
366 526
366 538
366 539
366 542
366 544
366 548
366 553
366 555
366 559
366 566
366 580
366 606
366 637
366 651
366 930
366 936
366 976
366 1001
366 1012
366 1080
366 1113
366 1122
366 1142
366 1155
366 1179
366 1237
366 1300
366 1313
366 1320
366 1349
366 1358
366 1374
366 1397
366 1400
366 1408
366 1427
366 1446
366 1490
366 1512
366 1514
366 1549
366 1574
366 1616
366 1631
366 1645
366 1658
366 1673
366 1692
366 1694
366 1740
366 1767
366 1790
366 1801
366 1844
366 1878
366 1882
367 348
367 355
367 359
367 363
367 373
367 376
367 378
367 391
367 396
367 403
367 412
367 416
367 422
367 452
367 455
367 474
367 475
367 481
367 483
367 489
367 490
367 491
367 502
367 504
367 519
367 525
367 546
367 547
367 548
367 553
367 555
367 566
368 348
368 352
368 363
368 366
368 371
368 374
368 375
368 378
368 395
368 398
368 404
368 408
368 409
368 412
368 416
368 419
368 431
368 456
368 462
368 479
368 493
368 494
368 497
368 500
368 503
368 517
368 521
368 525
368 526
368 527
368 536
368 538
368 553
368 559
369 348
369 350
369 357
369 378
369 380
369 381
369 389
369 397
369 407
369 419
369 424
369 433
369 435
369 442
369 455
369 457
369 469
369 477
369 486
369 509
369 516
369 518
369 551
369 554
369 561
369 563
370 348
370 353
370 360
370 363
370 373
370 374
370 376
370 378
370 387
370 388
370 392
370 395
370 397
370 402
370 412
370 413
370 414
370 415
370 416
370 417
370 419
370 420
370 423
370 428
370 430
370 431
370 432
370 436
370 438
370 439
370 451
370 452
370 456
370 458
370 460
370 461
370 465
370 469
370 471
370 475
370 483
370 492
370 497
370 506
370 507
370 514
370 515
370 520
370 523
370 524
370 525
370 527
370 540
370 542
370 544
370 548
370 553
370 555
370 559
370 561
370 563
370 565
370 566
370 567
370 591
370 604
370 645
370 646
370 666
370 669
370 683
371 348
371 362
371 368
371 460
371 542
372 348
372 410
372 421
372 422
372 429
372 444
372 455
372 460
372 530
372 531
372 539
372 543
372 545
372 547
372 558
372 568
372 570
373 348
373 353
373 355
373 360
373 362
373 363
373 366
373 367
373 370
373 374
373 376
373 378
373 387
373 388
373 390
373 391
373 392
373 395
373 397
373 400
373 402
373 408
373 412
373 413
373 414
373 417
373 421
373 423
373 425
373 428
373 431
373 434
373 436
373 438
373 439
373 446
373 450
373 456
373 460
373 461
373 463
373 465
373 471
373 473
373 475
373 483
373 491
373 492
373 496
373 497
373 498
373 500
373 502
373 506
373 507
373 513
373 514
373 515
373 517
373 520
373 523
373 524
373 525
373 527
373 528
373 542
373 544
373 545
373 546
373 548
373 553
373 556
373 558
373 559
373 561
373 563
373 565
373 566
373 567
373 580
373 587
373 590
373 591
373 604
373 606
373 614
373 634
373 637
373 641
373 645
373 651
373 669
373 680
373 683
374 348
374 363
374 366
374 368
374 370
374 373
374 376
374 378
374 391
374 402
374 412
374 414
374 417
374 418
374 419
374 420
374 430
374 431
374 432
374 438
374 439
374 444
374 451
374 456
374 460
374 461
374 463
374 465
374 475
374 482
374 483
374 488
374 492
374 496
374 497
374 500
374 504
374 506
374 507
374 510
374 513
374 514
374 515
374 517
374 520
374 521
374 523
374 524
374 525
374 526
374 527
374 535
374 544
374 545
374 553
374 556
374 559
374 561
374 563
374 565
374 566
374 567
374 569
374 570
374 591
374 614
374 669
374 683
375 348
375 352
375 368
375 398
375 404
375 408
375 409
375 431
375 456
375 479
375 484
375 493
375 494
375 503
375 525
375 526
375 538
376 107
376 348
376 353
376 354
376 355
376 359
376 360
376 361
376 363
376 366
376 367
376 370
376 373
376 374
376 378
376 387
376 388
376 390
376 391
376 394
376 395
376 396
376 397
376 400
376 402
376 405
376 410
376 412
376 413
376 414
376 417
376 419
376 420
376 423
376 426
376 428
376 431
376 432
376 434
376 436
376 438
376 439
376 442
376 444
376 446
376 450
376 452
376 456
376 458
376 460
376 461
376 463
376 465
376 471
376 473
376 475
376 481
376 482
376 483
376 487
376 488
376 489
376 490
376 491
376 492
376 496
376 497
376 500
376 502
376 506
376 507
376 511
376 513
376 514
376 515
376 517
376 519
376 520
376 523
376 524
376 525
376 526
376 527
376 531
376 538
376 542
376 544
376 545
376 546
376 547
376 548
376 553
376 555
376 556
376 557
376 559
376 561
376 563
376 566
376 567
376 570
376 580
376 586
376 587
376 591
376 604
376 606
376 610
376 614
376 634
376 637
376 645
376 646
376 651
376 652
376 669
376 673
376 676
376 683
376 1095
376 1179
376 1300
376 1313
376 1343
376 1357
376 1358
376 1374
376 1487
376 1536
376 1616
376 1767
376 1777
376 1897
377 348
377 383
378 348
378 363
378 366
378 367
378 368
378 369
378 370
378 373
378 374
378 376
378 391
378 394
378 400
378 412
378 414
378 417
378 423
378 426
378 428
378 431
378 434
378 436
378 452
378 456
378 461
378 465
378 471
378 475
378 482
378 483
378 484
378 487
378 488
378 492
378 495
378 496
378 497
378 500
378 502
378 506
378 513
378 514
378 515
378 517
378 524
378 527
378 542
378 544
378 553
378 559
378 561
378 563
378 566
378 580
378 591
378 604
378 614
378 637
378 641
378 651
378 669
378 676
379 348
379 532
380 348
380 369
380 389
380 424
380 457
380 486
380 505
380 509
380 516
380 518
380 554
381 348
381 369
381 389
381 419
381 424
381 457
381 469
381 486
381 509
381 516
381 551
381 554
382 348
382 354
382 355
382 403
382 410
382 452
382 470
382 474
382 500
382 531
382 547
382 555
383 348
383 377
383 387
384 348
384 350
384 464
384 552
385 348
385 363
385 423
385 436
385 461
385 483
385 507
385 524
386 348
386 401
386 532
387 348
387 360
387 370
387 373
387 376
387 383
387 395
387 400
387 402
387 406
387 408
387 412
387 415
387 417
387 428
387 436
387 438
387 444
387 461
387 465
387 503
387 506
387 507
387 513
387 514
387 517
387 520
387 523
387 524
387 525
387 544
387 556
387 559
387 561
387 567
387 570
388 348
388 353
388 360
388 363
388 370
388 373
388 376
388 400
388 404
388 412
388 415
388 421
388 438
388 444
388 445
388 450
388 452
388 463
388 465
388 475
388 483
388 487
388 492
388 493
388 496
388 497
388 500
388 503
388 507
388 513
388 523
388 537
388 544
388 548
388 557
388 559
388 566
388 567
389 107
389 348
389 357
389 369
389 380
389 381
389 397
389 419
389 424
389 435
389 457
389 459
389 469
389 486
389 497
389 505
389 509
389 516
389 518
389 551
389 554
389 949
389 1010
389 1013
389 1037
389 1041
389 1070
389 1109
389 1121
389 1189
389 1259
389 1275
389 1296
389 1348
389 1385
389 1415
389 1428
389 1469
389 1472
389 1473
389 1496
389 1507
389 1545
389 1630
389 1681
389 1699
389 1745
389 1770
390 348
390 373
390 376
390 450
390 475
390 539
391 348
391 353
391 359
391 366
391 367
391 373
391 374
391 376
391 378
391 394
391 400
391 412
391 414
391 417
391 423
391 428
391 431
391 438
391 446
391 456
391 458
391 460
391 465
391 475
391 482
391 483
391 484
391 487
391 488
391 490
391 491
391 492
391 493
391 497
391 500
391 502
391 503
391 506
391 512
391 513
391 514
391 515
391 517
391 524
391 525
391 527
391 539
391 544
391 548
391 553
391 556
391 559
391 561
391 563
391 566
391 567
391 580
391 591
391 614
391 637
391 669
392 348
392 370
392 373
392 394
392 404
392 412
392 423
392 428
392 430
392 431
392 436
392 456
392 460
392 465
392 473
392 475
392 482
392 483
392 487
392 492
392 493
392 497
392 500
392 503
392 506
392 514
392 515
392 525
392 527
392 537
392 538
392 542
392 553
392 556
392 559
392 560
392 561
392 566
392 567
393 198
393 348
393 364
393 399
393 441
393 501
393 564
394 348
394 352
394 353
394 366
394 376
394 378
394 391
394 392
394 398
394 400
394 408
394 414
394 436
394 438
394 475
394 479
394 488
394 492
394 503
394 511
394 512
394 513
394 515
394 517
394 520
394 538
394 542
394 544
394 556
394 559
394 566
394 601
394 614
394 620
394 676
394 683
395 348
395 360
395 366
395 368
395 370
395 373
395 376
395 387
395 398
395 400
395 402
395 404
395 408
395 412
395 413
395 414
395 417
395 419
395 421
395 422
395 423
395 425
395 428
395 430
395 431
395 436
395 438
395 451
395 452
395 456
395 460
395 461
395 463
395 465
395 471
395 479
395 483
395 488
395 495
395 497
395 506
395 507
395 511
395 512
395 513
395 514
395 515
395 517
395 520
395 523
395 524
395 525
395 527
395 536
395 537
395 538
395 542
395 544
395 545
395 553
395 556
395 559
395 560
395 561
395 567
395 574
395 591
395 601
395 604
395 614
395 620
395 630
395 637
395 645
395 669
395 678
395 683
396 348
396 354
396 355
396 359
396 361
396 367
396 376
396 403
396 410
396 422
396 450
396 470
396 474
396 475
396 481
396 489
396 500
396 510
396 519
396 531
396 546
396 547
396 548
396 555
396 557
396 568
396 570
397 348
397 350
397 354
397 355
397 357
397 369
397 370
397 373
397 376
397 389
397 402
397 418
397 419
397 420
397 421
397 422
397 426
397 432
397 439
397 444
397 449
397 457
397 458
397 469
397 477
397 481
397 483
397 485
397 504
397 506
397 507
397 509
397 510
397 513
397 514
397 516
397 518
397 523
397 531
397 541
397 543
397 544
397 546
397 554
397 557
397 563
397 570
398 348
398 352
398 368
398 375
398 394
398 395
398 404
398 408
398 409
398 412
398 430
398 431
398 445
398 456
398 462
398 479
398 484
398 488
398 493
398 494
398 497
398 503
398 511
398 512
398 517
398 525
398 526
398 527
398 536
398 538
398 545
398 559
398 561
399 198
399 348
399 364
399 393
399 441
399 476
399 501
399 564
