3500 3437
3500 3478
3500 3508
3500 3587
3500 3615
3500 3641
3500 3655
3500 3664
3500 3696
3500 3747
3500 3766
3500 3776
3500 3783
3500 3791
3500 3809
3500 3920
3500 3933
3500 3960
3500 3964
3500 3967
3501 862
3501 1085
3501 3437
3501 3438
3501 3440
3501 3448
3501 3449
3501 3456
3501 3475
3501 3484
3501 3495
3501 3517
3501 3525
3501 3533
3501 3545
3501 3577
3501 3586
3501 3596
3501 3604
3501 3609
3501 3625
3501 3633
3501 3651
3501 3674
3501 3677
3501 3684
3501 3692
3501 3721
3501 3734
3501 3741
3501 3756
3501 3760
3501 3796
3501 3797
3501 3800
3501 3824
3501 3830
3501 3841
3501 3842
3501 3851
3501 3873
3501 3877
3501 3884
3501 3889
3501 3938
3501 3943
3501 3948
3501 3962
3501 3968
3501 3971
3502 3437
3502 3669
3502 3700
3502 3813
3502 3830
3502 3864
3502 3898
3502 3911
3503 3437
3503 3576
3503 3596
3503 3640
3503 3672
3503 3731
3503 3779
3503 3785
3503 3800
3503 3804
3503 3838
3503 3930
3503 3959
3504 3437
3504 3487
3504 3530
3504 3551
3504 3626
3504 3677
3504 3723
3504 3839
3505 3437
3505 3442
3505 3455
3505 3472
3505 3482
3505 3496
3505 3508
3505 3512
3505 3521
3505 3526
3505 3553
3505 3598
3505 3607
3505 3629
3505 3644
3505 3685
3505 3698
3505 3722
3505 3747
3505 3753
3505 3773
3505 3827
3505 3840
3505 3850
3505 3936
3506 3437
3506 3458
3506 3463
3506 3486
3506 3493
3506 3507
3506 3509
3506 3511
3506 3515
3506 3534
3506 3555
3506 3558
3506 3568
3506 3569
3506 3584
3506 3591
3506 3593
3506 3620
3506 3623
3506 3631
3506 3643
3506 3646
3506 3648
3506 3680
3506 3690
3506 3706
3506 3711
3506 3714
3506 3718
3506 3754
3506 3758
3506 3784
3506 3786
3506 3794
3506 3810
3506 3822
3506 3826
3506 3829
3506 3833
3506 3855
3506 3869
3506 3895
3506 3896
3506 3903
3506 3924
3506 3951
3506 3958
3506 3969
3507 3437
3507 3506
3507 3511
3507 3554
3507 3555
3507 3690
3507 3754
3507 3823
3507 3927
3508 3437
3508 3442
3508 3472
3508 3482
3508 3500
3508 3505
3508 3521
3508 3553
3508 3598
3508 3607
3508 3615
3508 3632
3508 3644
3508 3685
3508 3698
3508 3722
3508 3728
3508 3747
3508 3776
3508 3791
3508 3809
3508 3840
3508 3850
3508 3933
3509 3437
3509 3486
3509 3506
3509 3569
3509 3593
3509 3706
3509 3714
3509 3718
3509 3793
3509 3794
3509 3803
3509 3826
3509 3833
3509 3855
3509 3869
3509 3896
3509 3900
3509 3906
3509 3909
3509 3924
3509 3947
3509 3951
3510 3437
3510 3464
3510 3466
3510 3469
3510 3529
3510 3554
3510 3602
3510 3630
3510 3634
3510 3668
3510 3738
3510 3752
3510 3761
3510 3821
3510 3829
3510 3869
3510 3881
3510 3915
3510 3931
3510 3945
3511 3437
3511 3506
3511 3507
3511 3515
3511 3530
3511 3555
3511 3566
3511 3648
3511 3671
3511 3706
3511 3719
3511 3724
3511 3738
3511 3763
3511 3770
3511 3794
3511 3821
3511 3866
3511 3896
3511 3900
3511 3904
3511 3909
3512 3437
3512 3505
3512 3517
3512 3525
3512 3533
3512 3577
3512 3604
3512 3737
3512 3760
3512 3800
3512 3830
3512 3873
3512 3929
3513 3437
3513 3439
3513 3616
3513 3799
3513 3932
3513 3952
3514 3437
3514 3456
3514 3485
3514 3488
3514 3518
3514 3528
3514 3542
3514 3545
3514 3557
3514 3578
3514 3596
3514 3604
3514 3605
3514 3611
3514 3627
3514 3633
3514 3635
3514 3640
3514 3670
3514 3672
3514 3674
3514 3687
3514 3707
3514 3730
3514 3737
3514 3760
3514 3790
3514 3800
3514 3804
3514 3824
3514 3828
3514 3830
3514 3832
3514 3838
3514 3858
3514 3860
3514 3884
3514 3913
3514 3926
3514 3938
3514 3966
3515 3437
3515 3460
3515 3506
3515 3511
3515 3555
3515 3566
3515 3593
3515 3706
3515 3829
3515 3855
3515 3958
3516 3437
3516 3479
3516 3481
3516 3523
3516 3562
3516 3581
3516 3613
3516 3639
3516 3649
3516 3695
3516 3830
3516 3883
3516 3898
3516 3919
3517 862
3517 3437
3517 3438
3517 3449
3517 3501
3517 3512
3517 3533
3517 3577
3517 3586
3517 3633
3517 3677
3517 3756
3517 3760
3517 3830
3517 3851
3517 3877
3517 3948
3518 3437
3518 3485
3518 3488
3518 3497
3518 3514
3518 3528
3518 3542
3518 3545
3518 3557
3518 3578
3518 3596
3518 3604
3518 3605
3518 3611
3518 3635
3518 3640
3518 3670
3518 3687
3518 3702
3518 3707
3518 3730
3518 3737
3518 3790
3518 3800
3518 3804
3518 3824
3518 3830
3518 3832
3518 3838
3518 3858
3518 3860
3518 3902
3518 3938
3519 3437
3519 3465
3519 3476
3519 3571
3519 3579
3519 3675
3519 3701
3519 3705
3519 3708
3519 3757
3519 3759
3519 3774
3519 3836
3519 3837
3519 3918
3519 3957
3519 3975
3520 3437
3520 3470
3520 3496
3520 3526
3520 3550
3520 3625
3520 3667
3520 3672
3520 3684
3520 3971
3521 3437
3521 3442
3521 3455
3521 3470
3521 3472
3521 3482
3521 3484
3521 3492
3521 3496
3521 3498
3521 3505
3521 3508
3521 3526
3521 3550
3521 3553
3521 3556
3521 3573
3521 3590
3521 3592
3521 3597
3521 3598
3521 3608
3521 3615
3521 3618
3521 3625
3521 3629
3521 3666
3521 3672
3521 3684
3521 3685
3521 3698
3521 3705
3521 3710
3521 3713
3521 3722
3521 3728
3521 3735
3521 3740
3521 3753
3521 3769
3521 3773
3521 3778
3521 3797
3521 3802
3521 3815
3521 3827
3521 3831
3521 3835
3521 3840
3521 3842
3521 3850
3521 3867
3521 3876
3521 3907
3521 3921
3521 3936
3521 3948
3521 3962
3522 3437
3522 3438
3522 3592
3522 3677
3522 3779
3522 3872
3522 3930
3522 3950
3522 3979
3523 3437
3523 3479
3523 3516
3523 3562
3523 3581
3523 3594
3523 3613
3523 3639
3523 3649
3523 3695
3523 3830
3523 3883
3523 3898
3523 3919
3524 3437
3524 3468
3524 3483
3524 3535
3524 3568
3524 3584
3524 3601
3524 3602
3524 3623
3524 3645
3524 3768
3524 3770
3524 3782
3524 3786
3524 3866
3524 3906
3525 1085
3525 3437
3525 3440
3525 3495
3525 3501
3525 3512
3525 3540
3525 3550
3525 3551
3525 3563
3525 3573
3525 3577
3525 3596
3525 3625
3525 3651
3525 3656
3525 3674
3525 3677
3525 3683
3525 3692
3525 3721
3525 3734
3525 3737
3525 3756
3525 3780
3525 3841
3525 3842
3525 3851
3525 3873
3525 3886
3525 3889
3525 3948
3525 3950
3525 3962
3525 3968
3525 3970
3526 3437
3526 3442
3526 3455
3526 3471
3526 3472
3526 3475
3526 3505
3526 3520
3526 3521
3526 3543
3526 3553
3526 3559
3526 3563
3526 3573
3526 3590
3526 3599
3526 3629
3526 3684
3526 3685
3526 3698
3526 3713
3526 3722
3526 3753
3526 3769
3526 3773
3526 3831
3526 3840
3526 3850
3526 3862
3526 3865
3527 3437
3527 3448
3527 3488
3527 3497
3527 3528
3527 3542
3527 3545
3527 3557
3527 3604
3527 3611
3527 3672
3527 3702
3527 3707
3527 3785
3527 3800
3527 3804
3527 3838
3527 3851
3527 3902
3527 3926
3527 3930
3527 3938
3527 3966
3528 3437
3528 3450
3528 3485
3528 3488
3528 3497
3528 3514
3528 3518
3528 3527
3528 3542
3528 3545
3528 3557
3528 3559
3528 3576
3528 3596
3528 3604
3528 3605
3528 3611
3528 3627
3528 3640
3528 3681
3528 3687
3528 3702
3528 3707
3528 3730
3528 3737
3528 3790
3528 3800
3528 3804
3528 3824
3528 3832
3528 3838
3528 3858
3528 3860
3528 3926
3528 3930
3528 3938
3529 3437
3529 3443
3529 3459
3529 3460
3529 3464
3529 3466
3529 3468
3529 3469
3529 3510
3529 3554
3529 3568
3529 3601
3529 3602
3529 3614
3529 3630
3529 3634
3529 3668
3529 3726
3529 3738
3529 3752
3529 3758
3529 3761
3529 3777
3529 3793
3529 3829
3529 3869
3529 3900
3529 3906
3529 3909
3529 3915
3529 3937
3529 3945
3529 3947
3529 3956
3529 3972
3530 3437
3530 3487
3530 3504
3530 3511
3530 3551
3530 3673
3530 3723
3530 3925
3531 3437
3531 3446
3531 3490
3531 3546
3531 3549
3531 3662
3531 3771
3531 3863
3531 3949
3532 3437
3532 3468
3532 3499
3532 3535
3532 3564
3532 3610
3532 3617
3532 3622
3532 3767
3532 3777
3532 3803
3532 3829
3532 3927
3532 3931
3532 3956
3533 3437
3533 3438
3533 3467
3533 3501
3533 3512
3533 3517
3533 3633
3533 3674
3533 3734
3533 3760
3533 3795
3533 3830
3533 3877
3533 3929
3533 3948
3534 3437
3534 3459
3534 3468
3534 3499
3534 3506
3534 3535
3534 3564
3534 3568
3534 3593
3534 3612
3534 3614
3534 3617
3534 3705
3534 3758
3534 3761
3534 3770
3534 3793
3534 3810
3534 3825
3534 3829
3534 3881
3534 3906
3534 3937
3535 3437
3535 3468
3535 3499
3535 3524
3535 3532
3535 3534
3535 3584
3535 3601
3535 3623
3535 3645
3535 3694
3535 3758
3535 3782
3535 3821
3535 3823
3535 3825
3535 3866
3535 3881
3535 3927
3536 3437
3536 3441
3536 3549
3536 3606
3536 3624
3536 3662
3536 3679
3536 3682
3536 3727
3536 3812
3536 3922
3537 3437
3537 3664
3537 3887
3537 3901
3538 3437
3538 3441
3538 3445
3538 3473
3538 3541
3538 3567
3538 3595
3538 3628
3538 3657
3538 3725
3538 3739
3538 3743
3538 3819
3538 3857
3538 3868
3538 3871
3538 3874
3538 3892
3538 3912
3538 3917
3539 3437
3539 3583
3539 3584
3539 3678
3539 3690
3539 3724
3539 3823
3539 3890
3539 3895
3539 3904
3540 1085
3540 3437
3540 3438
3540 3440
3540 3448
3540 3471
3540 3480
3540 3491
3540 3525
3540 3556
3540 3563
3540 3596
3540 3618
3540 3656
3540 3667
3540 3674
3540 3677
3540 3684
3540 3692
3540 3693
3540 3734
3540 3750
3540 3760
3540 3780
3540 3797
3540 3830
3540 3841
3540 3842
3540 3851
3540 3886
3540 3962
3540 3966
3540 3968
3540 3971
3541 3437
3541 3473
3541 3538
3541 3595
3541 3628
3541 3657
3541 3725
3541 3743
3541 3868
3541 3874
3541 3892
3541 3912
3542 3437
3542 3488
3542 3497
3542 3514
3542 3518
3542 3527
3542 3528
3542 3543
3542 3545
3542 3559
3542 3596
3542 3604
3542 3611
3542 3628
3542 3635
3542 3658
3542 3672
3542 3687
3542 3702
3542 3707
3542 3730
3542 3790
3542 3800
3542 3804
3542 3817
3542 3824
3542 3838
3542 3852
3542 3902
3542 3926
3542 3930
3542 3940
3542 3966
3543 3437
3543 3471
3543 3475
3543 3497
3543 3526
3543 3542
3543 3576
3543 3605
3543 3859
3543 3940
3544 3437
3544 3674
3544 3775
3544 3808
3544 3888
3545 3437
3545 3438
3545 3440
3545 3448
3545 3449
3545 3450
3545 3452
3545 3456
3545 3471
3545 3475
3545 3480
3545 3488
3545 3491
3545 3495
3545 3497
3545 3501
3545 3514
3545 3518
3545 3527
3545 3528
3545 3542
3545 3557
3545 3559
3545 3576
3545 3577
3545 3578
3545 3586
3545 3596
3545 3604
3545 3605
3545 3611
3545 3627
3545 3633
3545 3640
3545 3642
3545 3651
3545 3654
3545 3672
3545 3674
3545 3677
3545 3681
3545 3684
3545 3687
3545 3697
3545 3702
3545 3703
3545 3722
3545 3730
3545 3731
3545 3734
3545 3737
3545 3755
3545 3756
3545 3785
3545 3788
3545 3790
3545 3800
3545 3804
3545 3824
3545 3828
3545 3830
3545 3831
3545 3838
3545 3841
3545 3842
3545 3845
3545 3851
3545 3852
3545 3858
3545 3860
3545 3884
3545 3889
3545 3891
3545 3902
3545 3913
3545 3926
3545 3930
3545 3938
3545 3943
3545 3962
3545 3966
3545 3968
3545 3971
3546 3437
3546 3441
3546 3446
3546 3490
3546 3531
3546 3549
3546 3580
3546 3624
3546 3662
3546 3679
3546 3811
3546 3863
3546 3894
3546 3939
3546 3949
3546 3963
3547 3437
3547 3454
3547 3496
3547 3548
3547 3628
3547 3677
3547 3684
3547 3693
3547 3747
3547 3750
3547 3775
3547 3779
3547 3950
3548 3437
3548 3495
3548 3547
3548 3661
3548 3737
3548 3897
3548 3908
3548 3948
3549 3437
3549 3446
3549 3490
3549 3531
3549 3536
3549 3546
3549 3566
3549 3585
3549 3624
3549 3662
3549 3682
3549 3812
3549 3814
3549 3863
3549 3905
