3550 862
3550 1085
3550 3437
3550 3496
3550 3520
3550 3521
3550 3525
3550 3552
3550 3573
3550 3625
3550 3633
3550 3667
3550 3672
3550 3684
3550 3797
3550 3872
3550 3950
3550 3968
3550 3971
3551 3437
3551 3487
3551 3496
3551 3504
3551 3525
3551 3530
3551 3723
3551 3925
3551 3961
3552 3437
3552 3550
3552 3573
3552 3625
3552 3672
3552 3830
3552 3886
3553 3437
3553 3442
3553 3455
3553 3470
3553 3472
3553 3482
3553 3505
3553 3508
3553 3521
3553 3526
3553 3563
3553 3598
3553 3599
3553 3629
3553 3644
3553 3663
3553 3685
3553 3698
3553 3705
3553 3710
3553 3722
3553 3728
3553 3753
3553 3769
3553 3773
3553 3778
3553 3802
3553 3827
3553 3835
3553 3840
3553 3867
3553 3921
3553 3936
3554 3437
3554 3443
3554 3464
3554 3466
3554 3469
3554 3474
3554 3507
3554 3510
3554 3529
3554 3561
3554 3634
3554 3680
3554 3726
3554 3752
3554 3761
3554 3794
3554 3829
3554 3915
3554 3945
3554 3956
3554 3972
3555 3437
3555 3463
3555 3506
3555 3507
3555 3511
3555 3515
3555 3584
3555 3591
3555 3593
3555 3600
3555 3604
3555 3617
3555 3754
3555 3758
3555 3767
3555 3777
3555 3803
3555 3810
3555 3829
3555 3956
3556 1085
3556 3437
3556 3492
3556 3521
3556 3540
3556 3611
3556 3625
3556 3684
3556 3688
3556 3693
3556 3817
3556 3851
3556 3971
3557 3437
3557 3456
3557 3488
3557 3514
3557 3518
3557 3527
3557 3528
3557 3545
3557 3574
3557 3596
3557 3604
3557 3611
3557 3627
3557 3635
3557 3640
3557 3642
3557 3670
3557 3687
3557 3702
3557 3730
3557 3731
3557 3737
3557 3790
3557 3800
3557 3804
3557 3824
3557 3828
3557 3838
3557 3858
3557 3860
3557 3938
3558 3437
3558 3463
3558 3493
3558 3506
3558 3568
3558 3584
3558 3593
3558 3620
3558 3643
3558 3646
3558 3648
3558 3711
3558 3719
3558 3738
3558 3758
3558 3768
3558 3782
3558 3786
3558 3792
3558 3793
3558 3794
3558 3810
3558 3826
3558 3829
3558 3855
3558 3866
3558 3869
3558 3870
3558 3881
3558 3903
3558 3906
3558 3909
3558 3924
3558 3945
3558 3947
3558 3951
3558 3958
3558 3969
3559 3437
3559 3461
3559 3462
3559 3485
3559 3488
3559 3526
3559 3528
3559 3542
3559 3545
3559 3573
3559 3576
3559 3604
3559 3627
3559 3681
3559 3731
3559 3762
3559 3804
3559 3831
3559 3838
3559 3877
3559 3884
3559 3891
3559 3902
3559 3926
3559 3930
3559 3934
3559 3944
3560 3437
3560 3691
3560 3830
3561 1085
3561 3437
3561 3469
3561 3554
3561 3604
3561 3612
3561 3738
3561 3752
3561 3803
3561 3825
3561 3927
3561 3942
3561 3945
3561 3964
3562 3437
3562 3479
3562 3481
3562 3516
3562 3523
3562 3581
3562 3594
3562 3613
3562 3639
3562 3649
3562 3695
3562 3830
3562 3883
3562 3898
3562 3919
3563 3437
3563 3525
3563 3526
3563 3540
3563 3553
3563 3656
3563 3667
3563 3683
3563 3684
3563 3741
3563 3830
3563 3852
3563 3873
3563 3886
3563 3948
3563 3962
3563 3968
3564 3437
3564 3459
3564 3499
3564 3532
3564 3534
3564 3568
3564 3617
3564 3622
3564 3678
3564 3680
3564 3690
3564 3719
3564 3803
3564 3821
3564 3825
3564 3878
3564 3927
3565 3437
3565 3477
3565 3637
3565 3756
3566 3437
3566 3487
3566 3511
3566 3515
3566 3549
3566 3662
3566 3723
3566 3780
3566 3961
3567 3437
3567 3473
3567 3538
3567 3595
3567 3628
3567 3657
3567 3725
3567 3739
3567 3743
3567 3857
3567 3868
3567 3874
3567 3912
3567 3917
3568 3437
3568 3460
3568 3468
3568 3484
3568 3506
3568 3524
3568 3529
3568 3534
3568 3558
3568 3564
3568 3593
3568 3601
3568 3614
3568 3617
3568 3623
3568 3645
3568 3680
3568 3758
3568 3764
3568 3768
3568 3782
3568 3786
3568 3793
3568 3810
3568 3818
3568 3825
3568 3834
3568 3843
3568 3866
3568 3906
3568 3914
3568 3915
3568 3931
3568 3947
3568 3973
3569 3437
3569 3458
3569 3463
3569 3486
3569 3506
3569 3509
3569 3591
3569 3593
3569 3680
3569 3705
3569 3706
3569 3714
3569 3793
3569 3794
3569 3803
3569 3822
3569 3826
3569 3833
3569 3869
3569 3900
3569 3906
3569 3909
3569 3924
3569 3947
3569 3951
3569 3969
3570 3437
3571 3437
3571 3465
3571 3519
3571 3579
3571 3675
3571 3701
3571 3708
3571 3757
3571 3759
3571 3774
3571 3836
3571 3837
3571 3899
3571 3918
3571 3957
3571 3965
3571 3975
3572 3437
3572 3486
3572 3705
3572 3706
3572 3714
3572 3794
3572 3822
3572 3869
3573 3437
3573 3452
3573 3488
3573 3521
3573 3525
3573 3526
3573 3550
3573 3552
3573 3559
3573 3576
3573 3611
3573 3625
3573 3672
3573 3702
3573 3797
3573 3838
3573 3852
3573 3877
3573 3891
3573 3902
3573 3930
3573 3966
3574 3437
3574 3557
3574 3576
3574 3596
3574 3605
3574 3611
3574 3635
3574 3640
3574 3642
3574 3731
3574 3762
3574 3828
3574 3830
3574 3877
3574 3891
3575 3437
3575 3672
3575 3872
3576 3437
3576 3440
3576 3452
3576 3462
3576 3488
3576 3497
3576 3503
3576 3528
3576 3543
3576 3545
3576 3559
3576 3573
3576 3574
3576 3577
3576 3596
3576 3604
3576 3605
3576 3611
3576 3640
3576 3642
3576 3658
3576 3670
3576 3702
3576 3707
3576 3731
3576 3756
3576 3785
3576 3790
3576 3800
3576 3824
3576 3828
3576 3830
3576 3838
3576 3858
3576 3860
3576 3877
3576 3891
3576 3902
3576 3926
3576 3930
3576 3938
3576 3966
3577 862
3577 1085
3577 3437
3577 3448
3577 3449
3577 3456
3577 3495
3577 3501
3577 3512
3577 3517
3577 3525
3577 3545
3577 3576
3577 3586
3577 3596
3577 3604
3577 3609
3577 3611
3577 3618
3577 3625
3577 3633
3577 3642
3577 3651
3577 3656
3577 3674
3577 3677
3577 3684
3577 3692
3577 3693
3577 3721
3577 3734
3577 3741
3577 3756
3577 3780
3577 3797
3577 3800
3577 3828
3577 3830
3577 3841
3577 3842
3577 3851
3577 3873
3577 3877
3577 3886
3577 3889
3577 3929
3577 3938
3577 3943
3577 3944
3577 3948
3577 3962
3577 3968
3578 3437
3578 3514
3578 3518
3578 3545
3578 3596
3578 3604
3578 3611
3578 3633
3578 3640
3578 3670
3578 3683
3578 3730
3578 3731
3578 3737
3578 3790
3578 3804
3578 3824
3578 3828
3578 3830
3578 3838
3578 3858
3578 3860
3578 3877
3578 3938
3579 3437
3579 3465
3579 3476
3579 3519
3579 3571
3579 3675
3579 3701
3579 3708
3579 3757
3579 3759
3579 3774
3579 3836
3579 3837
3579 3918
3579 3957
3579 3975
3580 3437
3580 3446
3580 3447
3580 3490
3580 3546
3580 3585
3580 3679
3580 3894
3580 3905
3581 3437
3581 3479
3581 3481
3581 3516
3581 3523
3581 3562
3581 3594
3581 3613
3581 3649
3581 3695
3581 3883
3581 3898
3582 3437
3582 3443
3582 3752
3583 3437
3583 3464
3583 3466
3583 3494
3583 3539
3583 3600
3583 3758
3583 3825
3583 3869
3583 3931
3584 3437
3584 3458
3584 3468
3584 3493
3584 3506
3584 3524
3584 3535
3584 3539
3584 3555
3584 3558
3584 3593
3584 3617
3584 3620
3584 3631
3584 3643
3584 3646
3584 3690
3584 3711
3584 3718
3584 3719
3584 3758
3584 3763
3584 3764
3584 3768
3584 3782
3584 3784
3584 3792
3584 3793
3584 3794
3584 3810
3584 3818
3584 3821
3584 3826
3584 3833
3584 3866
3584 3870
3584 3893
3584 3896
3584 3900
3584 3903
3584 3904
3584 3906
3584 3924
3584 3927
3584 3947
3584 3951
3584 3969
3584 3973
3584 3976
3585 3437
3585 3446
3585 3490
3585 3549
3585 3580
3585 3679
3585 3863
3585 3949
3586 857
3586 862
3586 3437
3586 3438
3586 3448
3586 3449
3586 3454
3586 3456
3586 3475
3586 3480
3586 3491
3586 3495
3586 3501
3586 3517
3586 3545
3586 3577
3586 3596
3586 3604
3586 3633
3586 3651
3586 3674
3586 3677
3586 3684
3586 3692
3586 3693
3586 3697
3586 3712
3586 3734
3586 3756
3586 3760
3586 3765
3586 3788
3586 3796
3586 3797
3586 3800
3586 3830
3586 3839
3586 3841
3586 3851
3586 3889
3586 3930
3586 3938
3586 3948
3586 3971
3587 3437
3587 3478
3587 3500
3587 3641
3587 3655
3587 3696
3587 3747
3587 3766
3587 3776
3587 3783
3587 3791
3587 3809
3587 3920
3587 3933
3587 3960
3587 3964
3587 3967
3588 3437
3588 3455
3588 3827
3588 3862
3589 3437
3589 3592
3590 3437
3590 3442
3590 3455
3590 3521
3590 3526
3590 3599
3590 3608
3590 3615
3590 3629
3590 3636
3590 3663
3590 3666
3590 3705
3590 3710
3590 3713
3590 3715
3590 3722
3590 3728
3590 3740
3590 3756
3590 3815
3590 3835
3590 3862
3590 3867
3590 3907
3590 3921
3590 3944
3591 3437
3591 3463
3591 3486
3591 3506
3591 3555
3591 3569
3591 3593
3591 3680
3591 3706
3591 3714
3591 3793
3591 3794
3591 3822
3591 3826
3591 3833
3591 3855
3591 3900
3591 3924
3591 3951
3592 862
3592 1085
3592 3437
3592 3521
3592 3522
3592 3589
3592 3626
3592 3677
3592 3847
3592 3888
3592 3891
3592 3916
3592 3979
3593 3437
3593 3443
3593 3458
3593 3463
3593 3486
3593 3493
3593 3506
3593 3509
3593 3515
3593 3534
3593 3555
3593 3558
3593 3568
3593 3569
3593 3584
3593 3591
3593 3601
3593 3623
3593 3631
3593 3634
3593 3646
3593 3648
3593 3680
3593 3706
3593 3711
3593 3714
3593 3718
3593 3719
3593 3738
3593 3758
3593 3764
3593 3768
3593 3782
3593 3786
3593 3793
3593 3794
3593 3810
3593 3818
3593 3829
3593 3833
3593 3855
3593 3869
3593 3906
3593 3924
3593 3931
3593 3947
3593 3951
3594 3437
3594 3479
3594 3481
3594 3523
3594 3562
3594 3581
3594 3613
3594 3649
3594 3695
3594 3830
3594 3883
3594 3898
3595 3437
3595 3473
3595 3538
3595 3541
3595 3567
3595 3628
3595 3657
3595 3725
3595 3739
3595 3743
3595 3857
3595 3868
3595 3912
3595 3917
3596 3437
3596 3440
3596 3448
3596 3449
3596 3450
3596 3452
3596 3456
3596 3462
3596 3488
3596 3495
3596 3497
3596 3501
3596 3503
3596 3514
3596 3518
3596 3525
3596 3528
3596 3540
3596 3542
3596 3545
3596 3557
3596 3574
3596 3576
3596 3577
3596 3578
3596 3586
3596 3603
3596 3604
3596 3605
3596 3611
3596 3627
3596 3633
3596 3635
3596 3640
3596 3642
3596 3658
3596 3670
3596 3672
3596 3674
3596 3677
3596 3681
3596 3684
3596 3686
3596 3687
3596 3692
3596 3693
3596 3702
3596 3721
3596 3730
3596 3731
3596 3734
3596 3737
3596 3750
3596 3756
3596 3762
3596 3779
3596 3780
3596 3785
3596 3788
3596 3790
3596 3797
3596 3800
3596 3804
3596 3824
3596 3828
3596 3830
3596 3832
3596 3838
3596 3841
3596 3851
3596 3858
3596 3860
3596 3877
3596 3880
3596 3884
3596 3889
3596 3902
3596 3913
3596 3926
3596 3930
3596 3938
3596 3943
3596 3948
3596 3962
3596 3966
3596 3971
3597 3437
3597 3442
3597 3521
3598 3437
3598 3472
3598 3482
3598 3505
3598 3508
3598 3521
3598 3553
3598 3685
3598 3698
3598 3850
3598 3936
3599 3437
3599 3442
3599 3455
3599 3470
3599 3498
3599 3526
3599 3553
3599 3590
3599 3608
3599 3615
3599 3629
3599 3636
3599 3663
3599 3666
3599 3705
3599 3710
3599 3713
3599 3715
3599 3722
3599 3728
3599 3735
3599 3740
3599 3753
3599 3769
3599 3773
3599 3802
3599 3815
3599 3835
3599 3850
3599 3862
3599 3867
3599 3907
3599 3921
