3600 3437
3600 3440
3600 3555
3600 3583
3600 3612
3600 3825
3600 3861
3601 3437
3601 3460
3601 3464
3601 3468
3601 3524
3601 3529
3601 3535
3601 3568
3601 3593
3601 3604
3601 3623
3601 3645
3601 3768
3601 3782
3601 3786
3601 3818
3601 3823
3601 3825
3601 3866
3601 3881
3601 3906
3602 3437
3602 3460
3602 3464
3602 3466
3602 3474
3602 3510
3602 3524
3602 3529
3602 3630
3602 3634
3602 3738
3602 3761
3602 3770
3602 3829
3602 3869
3602 3945
3602 3972
3603 3437
3603 3452
3603 3596
3603 3640
3603 3672
3603 3756
3603 3790
3603 3828
3603 3838
3604 3437
3604 3448
3604 3449
3604 3450
3604 3456
3604 3462
3604 3464
3604 3469
3604 3474
3604 3480
3604 3488
3604 3497
3604 3501
3604 3512
3604 3514
3604 3518
3604 3527
3604 3528
3604 3542
3604 3545
3604 3555
3604 3557
3604 3559
3604 3561
3604 3576
3604 3577
3604 3578
3604 3586
3604 3596
3604 3601
3604 3605
3604 3611
3604 3617
3604 3627
3604 3633
3604 3635
3604 3640
3604 3645
3604 3658
3604 3672
3604 3674
3604 3677
3604 3687
3604 3721
3604 3730
3604 3731
3604 3734
3604 3737
3604 3756
3604 3770
3604 3788
3604 3790
3604 3800
3604 3804
3604 3828
3604 3830
3604 3838
3604 3841
3604 3845
3604 3851
3604 3852
3604 3858
3604 3860
3604 3861
3604 3869
3604 3889
3604 3902
3604 3913
3604 3914
3604 3915
3604 3926
3604 3938
3604 3943
3604 3948
3604 3962
3604 3966
3605 3437
3605 3450
3605 3454
3605 3488
3605 3514
3605 3518
3605 3528
3605 3543
3605 3545
3605 3574
3605 3576
3605 3596
3605 3604
3605 3611
3605 3635
3605 3640
3605 3670
3605 3672
3605 3687
3605 3702
3605 3707
3605 3730
3605 3731
3605 3737
3605 3756
3605 3785
3605 3790
3605 3800
3605 3804
3605 3824
3605 3828
3605 3830
3605 3838
3605 3860
3605 3877
3605 3880
3605 3926
3605 3938
3605 3948
3606 3437
3606 3536
3606 3662
3606 3727
3606 3745
3607 3437
3607 3478
3607 3505
3607 3508
3607 3644
3607 3698
3607 3747
3607 3933
3608 3437
3608 3442
3608 3455
3608 3521
3608 3590
3608 3599
3608 3615
3608 3694
3608 3705
3608 3710
3608 3713
3608 3722
3608 3728
3608 3735
3608 3740
3608 3862
3608 3867
3608 3907
3608 3921
3609 862
3609 1085
3609 3437
3609 3448
3609 3449
3609 3456
3609 3495
3609 3501
3609 3577
3609 3618
3609 3633
3609 3692
3609 3721
3609 3741
3609 3750
3609 3756
3609 3779
3609 3797
3609 3830
3609 3851
3609 3877
3609 3886
3609 3938
3609 3943
3609 3948
3609 3962
3609 3968
3610 3437
3610 3532
3610 3659
3610 3660
3610 3674
3610 3732
3610 3764
3610 3772
3610 3779
3610 3847
3610 3888
3610 3927
3610 3950
3610 3953
3610 3979
3611 3437
3611 3448
3611 3452
3611 3462
3611 3471
3611 3475
3611 3485
3611 3488
3611 3491
3611 3497
3611 3514
3611 3518
3611 3527
3611 3528
3611 3542
3611 3545
3611 3556
3611 3557
3611 3573
3611 3574
3611 3576
3611 3577
3611 3578
3611 3596
3611 3604
3611 3605
3611 3633
3611 3635
3611 3640
3611 3672
3611 3731
3611 3734
3611 3737
3611 3762
3611 3785
3611 3790
3611 3800
3611 3804
3611 3817
3611 3824
3611 3830
3611 3838
3611 3842
3611 3845
3611 3851
3611 3852
3611 3858
3611 3860
3611 3877
3611 3891
3611 3902
3611 3913
3611 3926
3611 3930
3611 3938
3611 3966
3611 3971
3612 3437
3612 3464
3612 3534
3612 3561
3612 3600
3612 3673
3612 3758
3612 3759
3612 3764
3612 3810
3612 3825
3612 3836
3612 3837
3612 3869
3612 3893
3612 3895
3612 3937
3612 3941
3612 3945
3613 3437
3613 3479
3613 3481
3613 3516
3613 3523
3613 3562
3613 3581
3613 3594
3613 3639
3613 3649
3613 3695
3613 3830
3613 3883
3613 3898
3613 3919
3614 3437
3614 3459
3614 3529
3614 3534
3614 3568
3614 3652
3614 3758
3614 3825
3614 3900
3614 3945
3615 3437
3615 3442
3615 3498
3615 3500
3615 3508
3615 3521
3615 3590
3615 3599
3615 3608
3615 3629
3615 3636
3615 3664
3615 3705
3615 3740
3615 3776
3615 3815
3615 3835
3615 3867
3615 3907
3615 3921
3616 3437
3616 3439
3616 3513
3616 3638
3616 3647
3616 3699
3616 3716
3616 3799
3616 3844
3616 3848
3616 3918
3616 3932
3617 3437
3617 3464
3617 3483
3617 3499
3617 3532
3617 3534
3617 3555
3617 3564
3617 3568
3617 3584
3617 3604
3617 3622
3617 3645
3617 3680
3617 3690
3617 3719
3617 3724
3617 3738
3617 3754
3617 3758
3617 3777
3617 3793
3617 3803
3617 3821
3617 3823
3617 3825
3617 3830
3617 3834
3617 3869
3617 3878
3617 3895
3617 3927
3617 3931
3618 3437
3618 3449
3618 3456
3618 3495
3618 3521
3618 3540
3618 3577
3618 3609
3618 3625
3618 3633
3618 3684
3618 3692
3618 3734
3618 3750
3618 3797
3618 3842
3618 3851
3618 3873
3618 3968
3618 3971
3619 3437
3619 3760
3619 3880
3619 3970
3620 3437
3620 3506
3620 3558
3620 3584
3620 3646
3620 3648
3620 3711
3620 3714
3620 3718
3620 3764
3620 3792
3620 3810
3620 3870
3620 3900
3620 3906
3620 3969
3621 857
3621 862
3621 3437
3621 3454
3621 3495
3621 3684
3621 3689
3621 3721
3621 3797
3621 3861
3621 3902
3622 3437
3622 3468
3622 3532
3622 3564
3622 3617
3622 3690
3622 3719
3622 3803
3622 3821
3622 3878
3622 3927
3622 3931
3623 3437
3623 3468
3623 3506
3623 3524
3623 3535
3623 3568
3623 3593
3623 3601
3623 3645
3623 3758
3623 3768
3623 3782
3623 3786
3623 3793
3623 3810
3623 3818
3623 3866
3623 3906
3623 3947
3624 3437
3624 3446
3624 3447
3624 3490
3624 3536
3624 3546
3624 3549
3624 3662
3624 3679
3624 3806
3624 3814
3624 3863
3624 3905
3624 3949
3625 3437
3625 3449
3625 3480
3625 3495
3625 3501
3625 3520
3625 3521
3625 3525
3625 3550
3625 3552
3625 3556
3625 3573
3625 3577
3625 3618
3625 3633
3625 3656
3625 3667
3625 3672
3625 3674
3625 3677
3625 3684
3625 3692
3625 3721
3625 3734
3625 3756
3625 3797
3625 3830
3625 3841
3625 3842
3625 3851
3625 3873
3625 3886
3625 3938
3625 3948
3625 3962
3625 3968
3625 3978
3626 857
3626 3437
3626 3504
3626 3592
3626 3839
3626 3847
3626 3916
3626 3979
3627 3437
3627 3485
3627 3488
3627 3514
3627 3528
3627 3545
3627 3557
3627 3559
3627 3596
3627 3604
3627 3635
3627 3640
3627 3681
3627 3702
3627 3707
3627 3730
3627 3790
3627 3804
3627 3824
3628 3437
3628 3445
3628 3473
3628 3538
3628 3541
3628 3542
3628 3547
3628 3567
3628 3595
3628 3657
3628 3725
3628 3739
3628 3743
3628 3760
3628 3819
3628 3857
3628 3868
3628 3871
3628 3874
3628 3892
3628 3912
3628 3917
3628 3962
3629 3437
3629 3442
3629 3455
3629 3470
3629 3472
3629 3496
3629 3498
3629 3505
3629 3521
3629 3526
3629 3553
3629 3590
3629 3599
3629 3615
3629 3636
3629 3666
3629 3698
3629 3705
3629 3710
3629 3713
3629 3722
3629 3728
3629 3735
3629 3740
3629 3753
3629 3769
3629 3778
3629 3815
3629 3835
3629 3840
3629 3850
3629 3862
3629 3867
3629 3876
3629 3907
3629 3921
3629 3977
3630 3437
3630 3443
3630 3460
3630 3464
3630 3469
3630 3474
3630 3510
3630 3529
3630 3602
3630 3634
3630 3738
3630 3829
3630 3945
3631 3437
3631 3506
3631 3584
3631 3593
3631 3648
3631 3711
3631 3786
3631 3792
3631 3833
3631 3903
3632 3437
3632 3508
3632 3720
3632 3787
3632 3791
3632 3918
3633 862
3633 1085
3633 3437
3633 3438
3633 3440
3633 3448
3633 3449
3633 3456
3633 3480
3633 3484
3633 3495
3633 3501
3633 3514
3633 3517
3633 3533
3633 3545
3633 3550
3633 3577
3633 3578
3633 3586
3633 3596
3633 3604
3633 3609
3633 3611
3633 3618
3633 3625
3633 3651
3633 3654
3633 3656
3633 3667
3633 3674
3633 3677
3633 3684
3633 3687
3633 3692
3633 3693
3633 3721
3633 3734
3633 3741
3633 3750
3633 3756
3633 3760
3633 3788
3633 3796
3633 3797
3633 3800
3633 3804
3633 3824
3633 3828
3633 3830
3633 3841
3633 3842
3633 3851
3633 3860
3633 3873
3633 3877
3633 3884
3633 3889
3633 3928
3633 3938
3633 3943
3633 3948
3633 3962
3633 3968
3633 3971
3634 3437
3634 3443
3634 3460
3634 3464
3634 3466
3634 3469
3634 3474
3634 3510
3634 3529
3634 3554
3634 3593
3634 3602
3634 3630
3634 3738
3634 3752
3634 3761
3634 3829
3634 3915
3634 3937
3634 3945
3634 3956
3634 3972
3635 3437
3635 3514
3635 3518
3635 3542
3635 3557
3635 3574
3635 3596
3635 3604
3635 3605
3635 3611
3635 3627
3635 3640
3635 3670
3635 3686
3635 3702
3635 3730
3635 3731
3635 3790
3635 3800
3635 3804
3635 3830
3635 3832
3635 3838
3635 3926
3635 3930
3635 3938
3635 3948
3636 3437
3636 3442
3636 3455
3636 3498
3636 3590
3636 3599
3636 3615
3636 3629
3636 3666
3636 3705
3636 3710
3636 3713
3636 3722
3636 3728
3636 3735
3636 3740
3636 3753
3636 3769
3636 3802
3636 3815
3636 3835
3636 3862
3636 3867
3636 3907
3636 3921
3637 3437
3637 3477
3637 3565
3637 3659
3637 3756
3638 3437
3638 3439
3638 3616
3638 3647
3638 3716
3638 3799
3638 3844
3638 3848
3638 3918
3638 3932
3638 3952
3639 3437
3639 3479
3639 3481
3639 3516
3639 3523
3639 3562
3639 3613
3639 3649
3639 3695
3639 3830
3639 3883
3639 3898
3640 3437
3640 3448
3640 3488
3640 3503
3640 3514
3640 3518
3640 3528
3640 3545
3640 3557
3640 3574
3640 3576
3640 3578
3640 3596
3640 3603
3640 3604
3640 3605
3640 3611
3640 3627
3640 3635
3640 3642
3640 3670
3640 3687
3640 3702
3640 3707
3640 3730
3640 3731
3640 3734
3640 3737
3640 3762
3640 3785
3640 3790
3640 3800
3640 3804
3640 3824
3640 3828
3640 3832
3640 3838
3640 3858
3640 3860
3640 3884
3640 3926
3640 3938
3641 3437
3641 3500
3641 3587
3641 3655
3641 3696
3641 3907
3641 3920
3641 3933
3641 3960
3641 3967
3642 3437
3642 3448
3642 3450
3642 3454
3642 3475
3642 3545
3642 3557
3642 3574
3642 3576
3642 3577
3642 3596
3642 3640
3642 3658
3642 3659
3642 3730
3642 3731
3642 3737
3642 3779
3642 3828
3642 3838
3642 3860
3642 3930
3642 3938
3643 3437
3643 3458
3643 3506
3643 3558
3643 3584
3643 3646
3643 3648
3643 3680
3643 3711
3643 3718
3643 3719
3643 3794
3643 3810
3643 3826
3643 3833
3643 3855
3643 3870
3643 3895
3643 3896
3643 3903
3643 3909
3643 3924
3643 3951
3643 3976
3644 3437
3644 3442
3644 3472
3644 3482
3644 3505
3644 3508
3644 3553
3644 3607
3644 3685
3644 3698
3644 3747
3644 3840
3644 3850
3645 3437
3645 3443
3645 3459
3645 3468
3645 3524
3645 3535
3645 3568
3645 3601
3645 3604
3645 3617
3645 3623
3645 3680
3645 3764
3645 3782
3645 3786
3645 3843
3645 3866
3645 3941
3646 3437
3646 3493
3646 3506
3646 3558
3646 3584
3646 3593
3646 3620
3646 3643
3646 3648
3646 3711
3646 3719
3646 3758
3646 3763
3646 3810
3646 3924
3646 3951
3646 3969
3647 3437
3647 3439
3647 3616
3647 3638
3647 3716
3647 3799
3647 3918
3647 3932
3648 3437
3648 3458
3648 3493
3648 3506
3648 3511
3648 3558
3648 3593
3648 3620
3648 3631
3648 3643
3648 3646
3648 3706
3648 3711
3648 3719
3648 3758
3648 3763
3648 3792
3648 3810
3648 3816
3648 3903
3648 3924
3649 3437
3649 3479
3649 3481
3649 3516
3649 3523
3649 3562
3649 3581
3649 3594
3649 3613
3649 3639
3649 3695
3649 3830
3649 3883
3649 3898
3649 3919
