3650 3437
3651 1085
3651 3437
3651 3449
3651 3456
3651 3477
3651 3480
3651 3495
3651 3501
3651 3525
3651 3545
3651 3577
3651 3586
3651 3633
3651 3674
3651 3677
3651 3683
3651 3734
3651 3750
3651 3756
3651 3824
3651 3828
3651 3830
3651 3841
3651 3851
3651 3858
3651 3873
3651 3877
3651 3884
3651 3886
3651 3929
3651 3938
3651 3948
3652 3437
3652 3466
3652 3489
3652 3614
3652 3665
3652 3676
3652 3825
3653 3437
3653 3720
3653 3789
3653 3918
3654 3437
3654 3456
3654 3545
3654 3633
3654 3697
3654 3703
3654 3755
3654 3804
3654 3824
3654 3830
3654 3930
3654 3938
3655 3437
3655 3478
3655 3500
3655 3587
3655 3641
3655 3696
3655 3747
3655 3776
3655 3783
3655 3791
3655 3920
3655 3933
3655 3960
3655 3964
3655 3967
3656 3437
3656 3525
3656 3540
3656 3563
3656 3577
3656 3625
3656 3633
3656 3667
3656 3677
3656 3683
3656 3684
3656 3692
3656 3734
3656 3750
3656 3756
3656 3830
3656 3841
3656 3842
3656 3886
3656 3929
3656 3948
3656 3968
3657 3437
3657 3538
3657 3541
3657 3567
3657 3595
3657 3628
3657 3725
3657 3739
3657 3743
3657 3819
3657 3857
3657 3868
3657 3892
3658 3437
3658 3452
3658 3488
3658 3497
3658 3542
3658 3576
3658 3596
3658 3604
3658 3642
3658 3731
3658 3756
3658 3785
3658 3800
3658 3828
3658 3891
3658 3966
3659 3437
3659 3610
3659 3637
3659 3642
3659 3772
3659 3779
3659 3888
3659 3930
3659 3950
3659 3979
3660 3437
3660 3610
3660 3775
3660 3780
3660 3847
3660 3870
3661 3437
3661 3548
3661 3737
3661 3897
3661 3908
3661 3948
3662 3437
3662 3441
3662 3446
3662 3490
3662 3531
3662 3536
3662 3546
3662 3549
3662 3566
3662 3606
3662 3624
3662 3682
3662 3745
3662 3812
3662 3814
3662 3863
3662 3905
3663 3437
3663 3442
3663 3455
3663 3553
3663 3590
3663 3599
3663 3710
3663 3713
3663 3728
3663 3735
3663 3740
3663 3862
3663 3921
3663 3977
3664 3437
3664 3500
3664 3537
3664 3615
3664 3696
3664 3776
3664 3901
3664 3918
3664 3933
3664 3960
3665 3437
3665 3489
3665 3652
3665 3676
3665 3825
3665 3931
3666 3437
3666 3521
3666 3590
3666 3599
3666 3629
3666 3636
3666 3710
3666 3728
3666 3921
3667 3437
3667 3480
3667 3495
3667 3520
3667 3540
3667 3550
3667 3563
3667 3625
3667 3633
3667 3656
3667 3683
3667 3684
3667 3692
3667 3734
3667 3736
3667 3842
3667 3852
3667 3873
3667 3886
3667 3902
3667 3948
3667 3962
3667 3968
3668 3437
3668 3464
3668 3466
3668 3469
3668 3510
3668 3529
3668 3738
3668 3761
3668 3829
3668 3945
3668 3956
3669 3437
3669 3502
3669 3700
3669 3813
3669 3830
3669 3864
3669 3911
3670 3437
3670 3514
3670 3518
3670 3557
3670 3576
3670 3578
3670 3596
3670 3605
3670 3635
3670 3640
3670 3686
3670 3687
3670 3702
3670 3731
3670 3790
3670 3804
3670 3824
3670 3830
3670 3858
3670 3880
3670 3938
3670 3948
3671 3437
3671 3499
3671 3511
3671 3768
3671 3770
3671 3793
3671 3821
3671 3882
3671 3958
3672 3437
3672 3450
3672 3462
3672 3471
3672 3475
3672 3488
3672 3496
3672 3497
3672 3503
3672 3514
3672 3520
3672 3521
3672 3527
3672 3542
3672 3545
3672 3550
3672 3552
3672 3573
3672 3575
3672 3596
3672 3603
3672 3604
3672 3605
3672 3611
3672 3625
3672 3684
3672 3702
3672 3707
3672 3737
3672 3785
3672 3797
3672 3804
3672 3838
3672 3845
3672 3851
3672 3852
3672 3872
3672 3877
3672 3891
3672 3902
3672 3926
3672 3928
3672 3930
3672 3938
3672 3940
3672 3962
3672 3966
3673 3437
3673 3454
3673 3530
3673 3612
3674 1085
3674 3437
3674 3449
3674 3456
3674 3480
3674 3501
3674 3514
3674 3525
3674 3533
3674 3540
3674 3544
3674 3545
3674 3577
3674 3586
3674 3596
3674 3604
3674 3610
3674 3625
3674 3633
3674 3651
3674 3677
3674 3692
3674 3693
3674 3734
3674 3750
3674 3756
3674 3760
3674 3788
3674 3830
3674 3841
3674 3847
3674 3851
3674 3886
3674 3888
3674 3938
3674 3948
3674 3962
3674 3979
3675 3437
3675 3465
3675 3476
3675 3519
3675 3571
3675 3579
3675 3708
3675 3757
3675 3759
3675 3774
3675 3836
3675 3837
3675 3899
3675 3957
3676 3437
3676 3489
3676 3652
3676 3665
3676 3825
3677 862
3677 1085
3677 3437
3677 3438
3677 3448
3677 3449
3677 3454
3677 3456
3677 3480
3677 3496
3677 3501
3677 3504
3677 3517
3677 3522
3677 3525
3677 3540
3677 3545
3677 3547
3677 3577
3677 3586
3677 3592
3677 3596
3677 3604
3677 3625
3677 3633
3677 3651
3677 3656
3677 3674
3677 3684
3677 3692
3677 3693
3677 3697
3677 3712
3677 3734
3677 3756
3677 3788
3677 3797
3677 3800
3677 3828
3677 3839
3677 3841
3677 3847
3677 3851
3677 3888
3677 3930
3677 3938
3677 3943
3677 3948
3677 3962
3677 3968
3678 3437
3678 3442
3678 3539
3678 3564
3678 3791
3679 3437
3679 3447
3679 3536
3679 3546
3679 3580
3679 3585
3679 3624
3679 3806
3679 3863
3679 3894
3679 3905
3679 3939
3679 3963
3680 3437
3680 3463
3680 3464
3680 3466
3680 3468
3680 3486
3680 3493
3680 3499
3680 3506
3680 3554
3680 3564
3680 3568
3680 3569
3680 3591
3680 3593
3680 3617
3680 3643
3680 3645
3680 3690
3680 3706
3680 3711
3680 3714
3680 3718
3680 3794
3680 3803
3680 3822
3680 3826
3680 3830
3680 3833
3680 3843
3680 3869
3680 3870
3680 3878
3680 3882
3680 3895
3680 3900
3680 3909
3680 3924
3680 3931
3680 3951
3680 3955
3680 3958
3680 3969
3681 3437
3681 3485
3681 3528
3681 3545
3681 3559
3681 3596
3681 3627
3681 3707
3681 3790
3681 3804
3682 3437
3682 3447
3682 3490
3682 3536
3682 3549
3682 3662
3682 3812
3682 3814
3682 3949
3683 3437
3683 3525
3683 3563
3683 3578
3683 3651
3683 3656
3683 3667
3683 3692
3683 3756
3683 3790
3683 3830
3683 3842
3683 3877
3683 3886
3683 3944
3683 3948
3683 3968
3684 862
3684 1085
3684 3437
3684 3440
3684 3448
3684 3449
3684 3471
3684 3475
3684 3480
3684 3484
3684 3491
3684 3492
3684 3495
3684 3496
3684 3501
3684 3520
3684 3521
3684 3526
3684 3540
3684 3545
3684 3547
3684 3550
3684 3556
3684 3563
3684 3577
3684 3586
3684 3596
3684 3618
3684 3621
3684 3625
3684 3633
3684 3656
3684 3667
3684 3672
3684 3677
3684 3692
3684 3693
3684 3697
3684 3702
3684 3721
3684 3734
3684 3736
3684 3741
3684 3750
3684 3756
3684 3780
3684 3797
3684 3817
3684 3828
3684 3830
3684 3831
3684 3841
3684 3842
3684 3851
3684 3852
3684 3872
3684 3873
3684 3877
3684 3886
3684 3902
3684 3926
3684 3938
3684 3948
3684 3962
3684 3966
3684 3968
3684 3971
3685 3437
3685 3442
3685 3455
3685 3472
3685 3482
3685 3505
3685 3508
3685 3521
3685 3526
3685 3553
3685 3598
3685 3644
3685 3698
3685 3840
3685 3850
3686 3437
3686 3596
3686 3635
3686 3670
3687 3437
3687 3456
3687 3488
3687 3495
3687 3514
3687 3518
3687 3528
3687 3542
3687 3545
3687 3557
3687 3596
3687 3604
3687 3605
3687 3633
3687 3640
3687 3670
3687 3702
3687 3730
3687 3731
3687 3737
3687 3762
3687 3790
3687 3800
3687 3804
3687 3824
3687 3830
3687 3838
3687 3858
3687 3860
3687 3884
3687 3926
3687 3938
3687 3966
3688 3437
3688 3556
3689 3437
3689 3621
3689 3721
3690 3437
3690 3483
3690 3494
3690 3499
3690 3506
3690 3507
3690 3539
3690 3564
3690 3584
3690 3617
3690 3622
3690 3680
3690 3758
3690 3768
3690 3781
3690 3782
3690 3803
3690 3821
3690 3866
3690 3869
3690 3870
3690 3878
3690 3895
3690 3927
3690 3946
3690 3955
3691 3437
3691 3560
3691 3830
3692 1085
3692 3437
3692 3449
3692 3456
3692 3480
3692 3495
3692 3501
3692 3525
3692 3540
3692 3577
3692 3586
3692 3596
3692 3609
3692 3618
3692 3625
3692 3633
3692 3656
3692 3667
3692 3674
3692 3677
3692 3683
3692 3684
3692 3693
3692 3712
3692 3721
3692 3734
3692 3756
3692 3797
3692 3830
3692 3841
3692 3851
3692 3873
3692 3877
3692 3886
3692 3938
3692 3948
3692 3962
3692 3968
3693 3437
3693 3438
3693 3448
3693 3449
3693 3454
3693 3456
3693 3480
3693 3491
3693 3540
3693 3547
3693 3556
3693 3577
3693 3586
3693 3596
3693 3633
3693 3674
3693 3677
3693 3684
3693 3692
3693 3734
3693 3756
3693 3838
3693 3841
3693 3845
3693 3851
3693 3938
3693 3948
3693 3970
3693 3971
3694 3437
3694 3535
3694 3608
3694 3816
3694 3867
3695 3437
3695 3479
3695 3481
3695 3516
3695 3523
3695 3562
3695 3581
3695 3594
3695 3613
3695 3639
3695 3649
3695 3830
3695 3883
3695 3898
3695 3919
3696 3437
3696 3478
3696 3500
3696 3587
3696 3641
3696 3655
3696 3664
3696 3747
3696 3776
3696 3783
3696 3791
3696 3920
3696 3933
3696 3960
3696 3967
3697 3437
3697 3440
3697 3448
3697 3456
3697 3492
3697 3495
3697 3545
3697 3586
3697 3654
3697 3677
3697 3684
3697 3756
3697 3797
3697 3824
3697 3830
3697 3831
3697 3842
3697 3858
3697 3884
3697 3938
3697 3971
3698 3437
3698 3442
3698 3472
3698 3482
3698 3505
3698 3508
3698 3521
3698 3526
3698 3553
3698 3598
3698 3607
3698 3629
3698 3644
3698 3685
3698 3728
3698 3747
3698 3840
3698 3850
3699 3437
3699 3439
3699 3616
