3700 3437
3700 3502
3700 3669
3700 3813
3700 3830
3700 3864
3700 3911
3701 3437
3701 3465
3701 3476
3701 3519
3701 3571
3701 3579
3701 3757
3701 3759
3701 3774
3701 3836
3701 3837
3701 3910
3701 3957
3701 3965
3701 3975
3702 3437
3702 3471
3702 3475
3702 3488
3702 3518
3702 3527
3702 3528
3702 3542
3702 3545
3702 3557
3702 3573
3702 3576
3702 3596
3702 3605
3702 3627
3702 3635
3702 3640
3702 3670
3702 3672
3702 3684
3702 3687
3702 3721
3702 3731
3702 3737
3702 3790
3702 3800
3702 3804
3702 3824
3702 3830
3702 3832
3702 3838
3702 3845
3702 3877
3702 3891
3702 3902
3702 3938
3702 3948
3702 3966
3703 3437
3703 3440
3703 3456
3703 3457
3703 3545
3703 3654
3703 3755
3703 3830
3703 3831
3703 3842
3703 3902
3703 3926
3703 3938
3703 3968
3703 3971
3704 3437
3704 3891
3705 3437
3705 3442
3705 3463
3705 3486
3705 3494
3705 3498
3705 3519
3705 3521
3705 3534
3705 3553
3705 3569
3705 3572
3705 3590
3705 3599
3705 3608
3705 3615
3705 3629
3705 3636
3705 3706
3705 3713
3705 3714
3705 3722
3705 3740
3705 3759
3705 3763
3705 3793
3705 3794
3705 3802
3705 3818
3705 3822
3705 3826
3705 3835
3705 3867
3705 3869
3705 3906
3705 3907
3705 3921
3705 3924
3706 3437
3706 3463
3706 3486
3706 3506
3706 3509
3706 3511
3706 3515
3706 3569
3706 3572
3706 3591
3706 3593
3706 3648
3706 3680
3706 3705
3706 3714
3706 3793
3706 3794
3706 3803
3706 3822
3706 3833
3706 3869
3706 3870
3706 3900
3706 3906
3706 3924
3707 3437
3707 3488
3707 3497
3707 3514
3707 3518
3707 3527
3707 3528
3707 3542
3707 3576
3707 3605
3707 3627
3707 3640
3707 3672
3707 3681
3707 3730
3707 3731
3707 3737
3707 3756
3707 3785
3707 3828
3707 3838
3707 3891
3707 3913
3707 3930
3708 3437
3708 3465
3708 3476
3708 3519
3708 3571
3708 3579
3708 3675
3708 3757
3708 3759
3708 3774
3708 3836
3708 3837
3708 3918
3708 3957
3708 3975
3709 3437
3710 3437
3710 3442
3710 3455
3710 3470
3710 3521
3710 3553
3710 3590
3710 3599
3710 3608
3710 3629
3710 3636
3710 3663
3710 3666
3710 3713
3710 3715
3710 3722
3710 3728
3710 3735
3710 3740
3710 3753
3710 3769
3710 3835
3710 3862
3710 3867
3710 3907
3710 3921
3711 3437
3711 3458
3711 3486
3711 3493
3711 3506
3711 3558
3711 3584
3711 3593
3711 3620
3711 3631
3711 3643
3711 3646
3711 3648
3711 3680
3711 3718
3711 3719
3711 3758
3711 3784
3711 3792
3711 3794
3711 3810
3711 3826
3711 3870
3711 3881
3711 3896
3711 3903
3711 3924
3711 3951
3711 3969
3712 3437
3712 3491
3712 3586
3712 3677
3712 3692
3712 3734
3712 3838
3712 3938
3713 3437
3713 3442
3713 3455
3713 3498
3713 3521
3713 3526
3713 3590
3713 3599
3713 3608
3713 3629
3713 3636
3713 3663
3713 3705
3713 3710
3713 3715
3713 3722
3713 3728
3713 3735
3713 3740
3713 3753
3713 3802
3713 3835
3713 3862
3713 3867
3713 3907
3713 3921
3714 3437
3714 3463
3714 3486
3714 3506
3714 3509
3714 3569
3714 3572
3714 3591
3714 3593
3714 3620
3714 3680
3714 3705
3714 3706
3714 3793
3714 3794
3714 3803
3714 3822
3714 3823
3714 3829
3714 3833
3714 3869
3714 3870
3714 3900
3714 3906
3714 3924
3714 3951
3715 3437
3715 3442
3715 3455
3715 3498
3715 3590
3715 3599
3715 3710
3715 3713
3715 3740
3715 3815
3715 3835
3715 3867
3715 3907
3715 3921
3716 3437
3716 3439
3716 3616
3716 3638
3716 3647
3716 3799
3716 3932
3717 3437
3717 3744
3717 3830
3718 3437
3718 3458
3718 3468
3718 3506
3718 3509
3718 3584
3718 3593
3718 3620
3718 3643
3718 3680
3718 3711
3718 3758
3718 3792
3718 3793
3718 3810
3718 3822
3718 3826
3718 3833
3718 3870
3718 3896
3718 3900
3718 3903
3718 3906
3718 3924
3718 3947
3718 3951
3718 3969
3719 3437
3719 3458
3719 3493
3719 3499
3719 3511
3719 3558
3719 3564
3719 3584
3719 3593
3719 3617
3719 3622
3719 3643
3719 3646
3719 3648
3719 3711
3719 3758
3719 3764
3719 3770
3719 3810
3719 3895
3719 3924
3719 3927
3719 3951
3720 3437
3720 3632
3720 3653
3720 3749
3720 3751
3720 3787
3720 3789
3720 3802
3720 3918
3720 3923
3721 862
3721 1085
3721 3437
3721 3449
3721 3495
3721 3501
3721 3525
3721 3577
3721 3596
3721 3604
3721 3609
3721 3621
3721 3625
3721 3633
3721 3684
3721 3689
3721 3692
3721 3702
3721 3741
3721 3756
3721 3796
3721 3797
3721 3830
3721 3858
3721 3860
3721 3873
3721 3877
3721 3938
3721 3948
3721 3968
3722 3437
3722 3442
3722 3455
3722 3496
3722 3498
3722 3505
3722 3508
3722 3521
3722 3526
3722 3545
3722 3553
3722 3590
3722 3599
3722 3608
3722 3629
3722 3636
3722 3705
3722 3710
3722 3713
3722 3728
3722 3740
3722 3753
3722 3773
3722 3778
3722 3802
3722 3827
3722 3835
3722 3850
3722 3862
3722 3876
3722 3907
3722 3918
3722 3921
3723 567
3723 3437
3723 3487
3723 3504
3723 3530
3723 3551
3723 3566
3723 3961
3724 3437
3724 3464
3724 3483
3724 3511
3724 3539
3724 3617
3725 3437
3725 3445
3725 3473
3725 3538
3725 3541
3725 3567
3725 3595
3725 3628
3725 3657
3725 3739
3725 3743
3725 3819
3725 3857
3725 3868
3725 3871
3725 3874
3725 3892
3725 3912
3725 3917
3726 3437
3726 3460
3726 3464
3726 3466
3726 3469
3726 3529
3726 3554
3726 3738
3726 3752
3726 3829
3726 3861
3726 3909
3726 3945
3726 3956
3726 3972
3727 3437
3727 3536
3727 3606
3727 3745
3727 3771
3727 3949
3728 3437
3728 3442
3728 3455
3728 3498
3728 3508
3728 3521
3728 3553
3728 3590
3728 3599
3728 3608
3728 3629
3728 3636
3728 3663
3728 3666
3728 3698
3728 3710
3728 3713
3728 3722
3728 3735
3728 3740
3728 3753
3728 3769
3728 3815
3728 3835
3728 3862
3728 3867
3728 3907
3728 3921
3729 3437
3730 3437
3730 3450
3730 3488
3730 3514
3730 3518
3730 3528
3730 3542
3730 3545
3730 3557
3730 3578
3730 3596
3730 3604
3730 3605
3730 3627
3730 3635
3730 3640
3730 3642
3730 3687
3730 3707
3730 3731
3730 3737
3730 3790
3730 3800
3730 3804
3730 3824
3730 3832
3730 3913
3730 3926
3731 3437
3731 3450
3731 3488
3731 3503
3731 3545
3731 3557
3731 3559
3731 3574
3731 3576
3731 3578
3731 3596
3731 3604
3731 3605
3731 3611
3731 3635
3731 3640
3731 3642
3731 3658
3731 3670
3731 3687
3731 3702
3731 3707
3731 3730
3731 3736
3731 3762
3731 3785
3731 3790
3731 3800
3731 3804
3731 3824
3731 3858
3731 3860
3731 3877
3731 3884
3731 3891
3731 3902
3731 3913
3731 3926
3731 3938
3731 3966
3732 3437
3732 3610
3733 3437
3733 3861
3733 3954
3734 3437
3734 3438
3734 3440
3734 3448
3734 3449
3734 3456
3734 3480
3734 3495
3734 3501
3734 3525
3734 3533
3734 3540
3734 3545
3734 3577
3734 3586
3734 3596
3734 3604
3734 3611
3734 3618
3734 3625
3734 3633
3734 3640
3734 3651
3734 3656
3734 3667
3734 3674
3734 3677
3734 3684
3734 3692
3734 3693
3734 3712
3734 3737
3734 3756
3734 3760
3734 3788
3734 3800
3734 3824
3734 3830
3734 3841
3734 3851
3734 3873
3734 3877
3734 3884
3734 3929
3734 3938
3734 3948
3734 3962
3734 3968
3734 3971
3735 3437
3735 3442
3735 3455
3735 3521
3735 3599
3735 3608
3735 3629
3735 3636
3735 3663
3735 3710
3735 3713
3735 3728
3735 3740
3735 3753
3735 3867
3735 3921
3736 3437
3736 3667
3736 3684
3736 3731
3736 3785
3736 3830
3736 3831
3736 3842
3736 3873
3736 3938
3736 3948
3736 3968
3737 3437
3737 3448
3737 3449
3737 3450
3737 3488
3737 3512
3737 3514
3737 3518
3737 3525
3737 3528
3737 3545
3737 3548
3737 3557
3737 3578
3737 3596
3737 3604
3737 3605
3737 3611
3737 3640
3737 3642
3737 3661
3737 3672
3737 3687
3737 3702
3737 3707
3737 3730
3737 3734
3737 3790
3737 3800
3737 3804
3737 3824
3737 3838
3737 3858
3737 3860
3737 3873
3737 3884
3737 3930
3737 3938
3737 3966
3738 3437
3738 3443
3738 3464
3738 3466
3738 3469
3738 3474
3738 3510
3738 3511
3738 3529
3738 3558
3738 3561
3738 3593
3738 3602
3738 3617
3738 3630
3738 3634
3738 3668
3738 3726
3738 3752
3738 3754
3738 3761
3738 3782
3738 3821
3738 3829
3738 3859
3738 3915
3738 3937
3738 3945
3738 3956
3738 3972
3739 3437
3739 3473
3739 3538
3739 3567
3739 3595
3739 3628
3739 3657
3739 3725
3739 3743
3739 3819
3739 3868
3739 3871
3739 3874
3739 3892
3739 3912
3740 3437
3740 3442
3740 3455
3740 3498
3740 3521
3740 3590
3740 3599
3740 3608
3740 3615
3740 3629
3740 3636
3740 3663
3740 3705
3740 3710
3740 3713
3740 3715
3740 3722
3740 3728
3740 3735
3740 3815
3740 3835
3740 3862
3740 3865
3740 3867
3740 3907
3740 3921
3740 3977
3741 1085
3741 3437
3741 3501
3741 3563
3741 3577
3741 3609
3741 3633
3741 3684
3741 3721
3741 3780
3741 3797
3741 3830
3741 3851
3741 3852
3741 3877
3741 3938
3741 3948
3741 3966
3742 3437
3742 3444
3742 3849
3742 3861
3742 3954
3743 3437
3743 3445
3743 3473
3743 3538
3743 3541
3743 3567
3743 3595
3743 3628
3743 3657
3743 3725
3743 3739
3743 3819
3743 3857
3743 3868
3743 3871
3743 3874
3743 3892
3743 3912
3743 3917
3744 3437
3744 3717
3744 3830
3745 3437
3745 3606
3745 3662
3745 3727
3745 3812
3745 3949
3746 3437
3746 3846
3747 3437
3747 3478
3747 3500
3747 3505
3747 3508
3747 3547
3747 3587
3747 3607
3747 3644
3747 3655
3747 3696
3747 3698
3747 3766
3747 3776
3747 3783
3747 3791
3747 3809
3747 3920
3747 3933
3747 3960
3747 3964
3747 3967
3748 3437
3749 3437
3749 3720
3749 3751
3749 3789
3749 3918
3749 3923
