3750 1085
3750 3437
3750 3456
3750 3495
3750 3496
3750 3540
3750 3547
3750 3596
3750 3609
3750 3618
3750 3633
3750 3651
3750 3656
3750 3674
3750 3684
3750 3756
3750 3779
3750 3795
3750 3797
3750 3830
3750 3831
3750 3851
3750 3877
3750 3884
3750 3938
3750 3948
3750 3950
3750 3968
3750 3971
3751 3437
3751 3720
3751 3749
3751 3787
3751 3789
3751 3923
3752 3437
3752 3443
3752 3460
3752 3469
3752 3510
3752 3529
3752 3554
3752 3561
3752 3582
3752 3634
3752 3726
3752 3738
3752 3761
3752 3764
3752 3829
3752 3915
3752 3937
3752 3945
3752 3972
3753 3437
3753 3442
3753 3455
3753 3470
3753 3505
3753 3521
3753 3526
3753 3553
3753 3599
3753 3629
3753 3636
3753 3710
3753 3713
3753 3722
3753 3728
3753 3735
3753 3773
3753 3778
3753 3802
3753 3835
3753 3850
3753 3867
3753 3876
3753 3907
3753 3921
3754 3437
3754 3483
3754 3506
3754 3507
3754 3555
3754 3617
3754 3738
3754 3927
3755 3437
3755 3440
3755 3545
3755 3654
3755 3703
3755 3830
3755 3926
3755 3971
3756 1085
3756 3437
3756 3448
3756 3449
3756 3456
3756 3462
3756 3477
3756 3480
3756 3492
3756 3495
3756 3501
3756 3517
3756 3525
3756 3545
3756 3565
3756 3576
3756 3577
3756 3586
3756 3590
3756 3596
3756 3603
3756 3604
3756 3605
3756 3609
3756 3625
3756 3633
3756 3637
3756 3651
3756 3656
3756 3658
3756 3674
3756 3677
3756 3683
3756 3684
3756 3692
3756 3693
3756 3697
3756 3707
3756 3721
3756 3734
3756 3750
3756 3772
3756 3785
3756 3797
3756 3800
3756 3824
3756 3828
3756 3830
3756 3841
3756 3851
3756 3877
3756 3884
3756 3886
3756 3889
3756 3929
3756 3938
3756 3943
3756 3944
3756 3948
3756 3962
3756 3968
3757 3437
3757 3465
3757 3476
3757 3519
3757 3571
3757 3579
3757 3675
3757 3701
3757 3708
3757 3759
3757 3774
3757 3836
3757 3837
3757 3899
3757 3918
3757 3957
3757 3975
3758 3437
3758 3459
3758 3468
3758 3499
3758 3506
3758 3529
3758 3534
3758 3535
3758 3555
3758 3558
3758 3568
3758 3583
3758 3584
3758 3593
3758 3612
3758 3614
3758 3617
3758 3623
3758 3646
3758 3648
3758 3690
3758 3711
3758 3718
3758 3719
3758 3761
3758 3764
3758 3768
3758 3777
3758 3782
3758 3786
3758 3793
3758 3810
3758 3818
3758 3825
3758 3829
3758 3833
3758 3855
3758 3906
3758 3924
3758 3937
3758 3945
3758 3947
3758 3951
3758 3969
3759 3437
3759 3465
3759 3476
3759 3519
3759 3571
3759 3579
3759 3612
3759 3675
3759 3701
3759 3705
3759 3708
3759 3757
3759 3774
3759 3836
3759 3837
3759 3918
3759 3957
3759 3965
3759 3975
3760 3437
3760 3438
3760 3501
3760 3512
3760 3514
3760 3517
3760 3533
3760 3540
3760 3586
3760 3619
3760 3628
3760 3633
3760 3674
3760 3734
3760 3830
3760 3948
3760 3962
3761 3437
3761 3460
3761 3464
3761 3466
3761 3469
3761 3474
3761 3510
3761 3529
3761 3534
3761 3554
3761 3602
3761 3634
3761 3668
3761 3738
3761 3752
3761 3758
3761 3829
3761 3915
3761 3945
3761 3956
3761 3972
3762 3437
3762 3456
3762 3462
3762 3559
3762 3574
3762 3596
3762 3611
3762 3640
3762 3687
3762 3731
3762 3800
3762 3804
3762 3824
3762 3884
3762 3902
3762 3930
3762 3934
3763 3437
3763 3459
3763 3511
3763 3584
3763 3646
3763 3648
3763 3705
3763 3782
3763 3793
3763 3799
3763 3810
3763 3924
3764 3437
3764 3464
3764 3468
3764 3469
3764 3474
3764 3499
3764 3568
3764 3584
3764 3593
3764 3610
3764 3612
3764 3620
3764 3645
3764 3719
3764 3752
3764 3758
3764 3767
3764 3793
3764 3810
3764 3818
3764 3821
3764 3825
3764 3834
3764 3881
3764 3895
3764 3915
3764 3927
3764 3931
3764 3972
3765 3437
3765 3586
3765 3830
3765 3930
3766 3437
3766 3478
3766 3500
3766 3587
3766 3747
3766 3776
3766 3791
3766 3809
3766 3933
3766 3964
3767 3437
3767 3470
3767 3532
3767 3555
3767 3764
3767 3782
3767 3803
3767 3829
3767 3927
3767 3958
3768 3437
3768 3460
3768 3524
3768 3558
3768 3568
3768 3584
3768 3593
3768 3601
3768 3623
3768 3671
3768 3690
3768 3758
3768 3770
3768 3782
3768 3786
3768 3793
3768 3810
3768 3818
3768 3866
3768 3906
3768 3914
3768 3945
3768 3947
3769 3437
3769 3455
3769 3470
3769 3521
3769 3526
3769 3553
3769 3599
3769 3629
3769 3636
3769 3710
3769 3728
3769 3778
3769 3977
3770 3437
3770 3459
3770 3511
3770 3524
3770 3534
3770 3602
3770 3604
3770 3671
3770 3719
3770 3768
3771 3437
3771 3490
3771 3531
3771 3727
3771 3855
3771 3949
3771 3956
3772 3437
3772 3610
3772 3659
3772 3756
3772 3779
3772 3847
3772 3950
3772 3968
3773 3437
3773 3442
3773 3455
3773 3470
3773 3505
3773 3521
3773 3526
3773 3553
3773 3599
3773 3722
3773 3753
3773 3778
3773 3802
3773 3850
3774 3437
3774 3465
3774 3476
3774 3519
3774 3571
3774 3579
3774 3675
3774 3701
3774 3708
3774 3757
3774 3759
3774 3836
3774 3837
3774 3899
3774 3910
3774 3918
3774 3957
3774 3975
3775 3437
3775 3454
3775 3496
3775 3544
3775 3547
3775 3660
3775 3847
3775 3895
3775 3953
3776 3437
3776 3478
3776 3500
3776 3508
3776 3587
3776 3615
3776 3655
3776 3664
3776 3696
3776 3747
3776 3766
3776 3783
3776 3791
3776 3809
3776 3920
3776 3933
3776 3960
3776 3964
3776 3967
3777 3437
3777 3464
3777 3468
3777 3529
3777 3532
3777 3555
3777 3617
3777 3758
3777 3803
3777 3829
3778 3437
3778 3442
3778 3455
3778 3470
3778 3521
3778 3553
3778 3629
3778 3722
3778 3753
3778 3769
3778 3773
3778 3827
3778 3876
3779 862
3779 3437
3779 3448
3779 3454
3779 3503
3779 3522
3779 3547
3779 3596
3779 3609
3779 3610
3779 3642
3779 3659
3779 3750
3779 3772
3779 3872
3779 3930
3779 3938
3779 3941
3779 3979
3780 3437
3780 3440
3780 3525
3780 3540
3780 3566
3780 3577
3780 3596
3780 3660
3780 3684
3780 3741
3780 3842
3780 3851
3780 3877
3780 3929
3780 3966
3780 3971
3781 3437
3781 3690
3781 3823
3781 3946
3782 3437
3782 3459
3782 3460
3782 3468
3782 3483
3782 3524
3782 3535
3782 3558
3782 3568
3782 3584
3782 3593
3782 3601
3782 3623
3782 3645
3782 3690
3782 3738
3782 3758
3782 3763
3782 3767
3782 3768
3782 3786
3782 3793
3782 3810
3782 3818
3782 3836
3782 3866
3782 3881
3782 3906
3782 3927
3782 3931
3782 3945
3782 3947
3783 3437
3783 3478
3783 3500
3783 3587
3783 3655
3783 3696
3783 3747
3783 3776
3783 3791
3783 3809
3783 3920
3783 3933
3783 3960
3784 3437
3784 3438
3784 3466
3784 3506
3784 3584
3784 3711
3784 3793
3784 3833
3784 3896
3784 3906
3784 3947
3784 3973
3785 3437
3785 3503
3785 3527
3785 3545
3785 3576
3785 3596
3785 3605
3785 3611
3785 3640
3785 3658
3785 3672
3785 3707
3785 3731
3785 3736
3785 3756
3785 3800
3785 3858
3785 3860
3785 3966
3786 3437
3786 3460
3786 3506
3786 3524
3786 3558
3786 3568
3786 3593
3786 3601
3786 3623
3786 3631
3786 3645
3786 3758
3786 3768
3786 3782
3786 3793
3786 3810
3786 3822
3786 3900
3786 3906
3786 3945
3786 3947
3787 3437
3787 3632
3787 3720
3787 3751
3787 3923
3788 3437
3788 3449
3788 3491
3788 3545
3788 3586
3788 3596
3788 3604
3788 3633
3788 3674
3788 3677
3788 3734
3788 3841
3789 3437
3789 3653
3789 3720
3789 3749
3789 3751
3789 3807
3789 3918
3789 3923
3790 3437
3790 3450
3790 3485
3790 3488
3790 3497
3790 3514
3790 3518
3790 3528
3790 3542
3790 3545
3790 3557
3790 3576
3790 3578
3790 3596
3790 3603
3790 3604
3790 3605
3790 3611
3790 3627
3790 3635
3790 3640
3790 3670
3790 3681
3790 3683
3790 3687
3790 3702
3790 3730
3790 3731
3790 3737
3790 3800
3790 3804
3790 3824
3790 3828
3790 3830
3790 3832
3790 3838
3790 3845
3790 3851
3790 3858
3790 3860
3790 3884
3790 3902
3790 3913
3790 3926
3790 3938
3791 3437
3791 3442
3791 3478
3791 3500
3791 3508
3791 3587
3791 3632
3791 3655
3791 3678
3791 3696
3791 3747
3791 3766
3791 3776
3791 3783
3791 3809
3791 3901
3791 3920
3791 3933
3791 3960
3791 3964
3791 3967
3792 3437
3792 3458
3792 3493
3792 3558
3792 3584
3792 3620
3792 3631
3792 3648
3792 3711
3792 3718
3792 3822
3792 3882
3792 3924
3792 3951
3792 3969
3793 3437
3793 3458
3793 3459
3793 3463
3793 3483
3793 3486
3793 3499
3793 3509
3793 3529
3793 3534
3793 3558
3793 3568
3793 3569
3793 3584
3793 3591
3793 3593
3793 3617
3793 3623
3793 3671
3793 3705
3793 3706
3793 3714
3793 3718
3793 3758
3793 3763
3793 3764
3793 3768
3793 3782
3793 3784
3793 3786
3793 3794
3793 3803
3793 3810
3793 3818
3793 3822
3793 3825
3793 3826
3793 3833
3793 3866
3793 3870
3793 3896
3793 3900
3793 3906
3793 3924
3793 3931
3793 3947
3793 3951
3793 3973
3793 3976
3794 3437
3794 3463
3794 3486
3794 3506
3794 3509
3794 3511
3794 3554
3794 3558
3794 3569
3794 3572
3794 3584
3794 3591
3794 3593
3794 3643
3794 3680
3794 3705
3794 3706
3794 3711
3794 3714
3794 3793
3794 3822
3794 3826
3794 3833
3794 3855
3794 3869
3794 3870
3794 3900
3794 3903
3794 3906
3794 3909
3794 3914
3794 3924
3794 3947
3794 3951
3794 3969
3795 3437
3795 3533
3795 3750
3795 3830
3795 3929
3796 3437
3796 3449
3796 3470
3796 3495
3796 3501
3796 3586
3796 3633
3796 3721
3796 3797
3796 3851
3796 3950
3797 857
3797 862
3797 1085
3797 3437
3797 3440
3797 3448
3797 3449
3797 3456
3797 3491
3797 3495
3797 3501
3797 3521
3797 3540
3797 3550
3797 3573
3797 3577
3797 3586
3797 3596
3797 3609
3797 3618
3797 3621
3797 3625
3797 3633
3797 3672
3797 3677
3797 3684
3797 3692
3797 3697
3797 3721
3797 3741
3797 3750
3797 3756
3797 3796
3797 3830
3797 3842
3797 3851
3797 3872
3797 3886
3797 3938
3797 3948
3797 3962
3797 3968
3797 3971
3798 3437
3799 3437
3799 3439
3799 3480
3799 3513
3799 3616
3799 3638
3799 3647
3799 3716
3799 3763
3799 3844
3799 3848
3799 3918
3799 3932
3799 3952
