3800 3437
3800 3448
3800 3449
3800 3456
3800 3462
3800 3488
3800 3501
3800 3503
3800 3512
3800 3514
3800 3518
3800 3527
3800 3528
3800 3542
3800 3545
3800 3557
3800 3576
3800 3577
3800 3586
3800 3596
3800 3604
3800 3605
3800 3611
3800 3633
3800 3635
3800 3640
3800 3658
3800 3677
3800 3687
3800 3702
3800 3730
3800 3731
3800 3734
3800 3737
3800 3756
3800 3762
3800 3785
3800 3790
3800 3804
3800 3824
3800 3830
3800 3838
3800 3851
3800 3913
3800 3926
3800 3938
3800 3943
3800 3944
3800 3962
3801 3437
3801 3885
3801 3921
3802 3437
3802 3442
3802 3455
3802 3521
3802 3553
3802 3599
3802 3636
3802 3705
3802 3713
3802 3720
3802 3722
3802 3753
3802 3773
3802 3835
3802 3907
3802 3921
3803 3437
3803 3486
3803 3509
3803 3532
3803 3555
3803 3561
3803 3564
3803 3569
3803 3617
3803 3622
3803 3680
3803 3690
3803 3706
3803 3714
3803 3767
3803 3777
3803 3793
3803 3821
3803 3869
3803 3890
3803 3906
3804 3437
3804 3448
3804 3450
3804 3456
3804 3485
3804 3488
3804 3497
3804 3503
3804 3514
3804 3518
3804 3527
3804 3528
3804 3542
3804 3545
3804 3557
3804 3559
3804 3578
3804 3596
3804 3604
3804 3605
3804 3611
3804 3627
3804 3633
3804 3635
3804 3640
3804 3654
3804 3670
3804 3672
3804 3681
3804 3687
3804 3702
3804 3730
3804 3731
3804 3737
3804 3762
3804 3790
3804 3800
3804 3824
3804 3830
3804 3838
3804 3845
3804 3858
3804 3860
3804 3884
3804 3902
3804 3913
3804 3926
3804 3930
3804 3938
3805 3437
3805 3440
3805 3449
3805 3916
3805 3950
3806 3437
3806 3624
3806 3679
3806 3894
3806 3905
3806 3963
3807 3437
3807 3789
3808 3437
3808 3544
3809 3437
3809 3476
3809 3478
3809 3500
3809 3508
3809 3587
3809 3747
3809 3766
3809 3776
3809 3783
3809 3791
3809 3887
3809 3901
3809 3920
3809 3933
3809 3960
3810 3437
3810 3458
3810 3468
3810 3493
3810 3506
3810 3534
3810 3555
3810 3558
3810 3568
3810 3584
3810 3593
3810 3612
3810 3620
3810 3623
3810 3643
3810 3646
3810 3648
3810 3711
3810 3718
3810 3719
3810 3758
3810 3763
3810 3764
3810 3768
3810 3782
3810 3786
3810 3793
3810 3833
3810 3855
3810 3881
3810 3896
3810 3906
3810 3924
3810 3947
3810 3951
3811 3437
3811 3546
3811 3949
3812 3437
3812 3459
3812 3536
3812 3549
3812 3662
3812 3682
3812 3745
3813 3437
3813 3502
3813 3669
3813 3700
3813 3830
3813 3864
3813 3911
3814 3437
3814 3446
3814 3490
3814 3549
3814 3624
3814 3662
3814 3682
3814 3949
3815 3437
3815 3455
3815 3521
3815 3590
3815 3599
3815 3615
3815 3629
3815 3636
3815 3715
3815 3728
3815 3740
3815 3835
3815 3867
3815 3907
3815 3921
3816 3437
3816 3648
3816 3694
3817 3437
3817 3484
3817 3485
3817 3496
3817 3542
3817 3556
3817 3611
3817 3684
3817 3831
3817 3842
3817 3851
3817 3971
3818 3437
3818 3568
3818 3584
3818 3593
3818 3601
3818 3623
3818 3705
3818 3758
3818 3764
3818 3768
3818 3782
3818 3793
3818 3866
3818 3896
3819 3437
3819 3445
3819 3473
3819 3538
3819 3628
3819 3657
3819 3725
3819 3739
3819 3743
3819 3868
3819 3874
3819 3912
3819 3917
3820 3437
3821 3437
3821 3466
3821 3483
3821 3499
3821 3510
3821 3511
3821 3535
3821 3564
3821 3584
3821 3617
3821 3622
3821 3671
3821 3690
3821 3738
3821 3764
3821 3803
3821 3825
3821 3829
3821 3834
3821 3878
3821 3881
3821 3906
3821 3927
3821 3931
3821 3933
3821 3947
3822 3437
3822 3458
3822 3463
3822 3486
3822 3506
3822 3569
3822 3572
3822 3591
3822 3680
3822 3705
3822 3706
3822 3714
3822 3718
3822 3786
3822 3792
3822 3793
3822 3794
3822 3826
3822 3833
3822 3855
3822 3869
3822 3870
3822 3896
3822 3900
3822 3906
3822 3909
3822 3924
3822 3951
3822 3969
3822 3976
3823 3437
3823 3464
3823 3468
3823 3474
3823 3507
3823 3535
3823 3539
3823 3601
3823 3617
3823 3714
3823 3781
3823 3927
3823 3946
3823 3956
3824 3437
3824 3452
3824 3456
3824 3462
3824 3488
3824 3495
3824 3497
3824 3501
3824 3514
3824 3518
3824 3528
3824 3542
3824 3545
3824 3557
3824 3576
3824 3578
3824 3596
3824 3605
3824 3611
3824 3627
3824 3633
3824 3640
3824 3651
3824 3654
3824 3670
3824 3687
3824 3697
3824 3702
3824 3730
3824 3731
3824 3734
3824 3737
3824 3756
3824 3762
3824 3790
3824 3800
3824 3804
3824 3830
3824 3831
3824 3838
3824 3858
3824 3860
3824 3873
3824 3877
3824 3884
3824 3902
3824 3913
3824 3926
3824 3938
3824 3966
3825 3437
3825 3459
3825 3469
3825 3489
3825 3499
3825 3534
3825 3535
3825 3561
3825 3564
3825 3568
3825 3583
3825 3600
3825 3601
3825 3612
3825 3614
3825 3617
3825 3652
3825 3665
3825 3676
3825 3758
3825 3764
3825 3793
3825 3821
3825 3843
3825 3893
3825 3927
3825 3931
3826 3437
3826 3463
3826 3468
3826 3486
3826 3506
3826 3509
3826 3558
3826 3569
3826 3584
3826 3591
3826 3643
3826 3680
3826 3705
3826 3711
3826 3718
3826 3793
3826 3794
3826 3822
3826 3833
3826 3869
3826 3870
3826 3890
3826 3896
3826 3900
3826 3906
3826 3909
3826 3924
3826 3947
3826 3951
3826 3958
3826 3969
3826 3976
3827 3437
3827 3455
3827 3505
3827 3521
3827 3553
3827 3588
3827 3722
3827 3778
3828 3437
3828 3448
3828 3475
3828 3514
3828 3545
3828 3557
3828 3574
3828 3576
3828 3577
3828 3578
3828 3596
3828 3603
3828 3604
3828 3605
3828 3633
3828 3640
3828 3642
3828 3651
3828 3658
3828 3677
3828 3684
3828 3707
3828 3756
3828 3790
3828 3838
3828 3860
3828 3938
3828 3966
3829 3437
3829 3443
3829 3460
3829 3464
3829 3466
3829 3469
3829 3474
3829 3499
3829 3506
3829 3510
3829 3515
3829 3529
3829 3532
3829 3534
3829 3554
3829 3555
3829 3558
3829 3593
3829 3602
3829 3630
3829 3634
3829 3668
3829 3714
3829 3726
3829 3738
3829 3752
3829 3758
3829 3761
3829 3767
3829 3777
3829 3821
3829 3843
3829 3900
3829 3915
3829 3945
3829 3956
3829 3972
3830 1085
3830 3437
3830 3448
3830 3449
3830 3456
3830 3457
3830 3467
3830 3479
3830 3480
3830 3481
3830 3488
3830 3495
3830 3501
3830 3502
3830 3512
3830 3514
3830 3516
3830 3517
3830 3518
3830 3523
3830 3533
3830 3540
3830 3545
3830 3552
3830 3560
3830 3562
3830 3563
3830 3574
3830 3576
3830 3577
3830 3578
3830 3586
3830 3594
3830 3596
3830 3604
3830 3605
3830 3609
3830 3611
3830 3613
3830 3617
3830 3625
3830 3633
3830 3635
3830 3639
3830 3649
3830 3651
3830 3654
3830 3656
3830 3669
3830 3670
3830 3674
3830 3680
3830 3683
3830 3684
3830 3687
3830 3691
3830 3692
3830 3695
3830 3697
3830 3700
3830 3702
3830 3703
3830 3717
3830 3721
3830 3734
3830 3736
3830 3741
3830 3744
3830 3750
3830 3755
3830 3756
3830 3760
3830 3765
3830 3790
3830 3795
3830 3797
3830 3800
3830 3804
3830 3813
3830 3824
3830 3831
3830 3832
3830 3841
3830 3842
3830 3851
3830 3858
3830 3860
3830 3864
3830 3873
3830 3880
3830 3883
3830 3886
3830 3898
3830 3902
3830 3911
3830 3913
3830 3918
3830 3919
3830 3926
3830 3930
3830 3943
3830 3948
3830 3957
3830 3962
3830 3966
3830 3968
3830 3970
3830 3971
3831 3437
3831 3456
3831 3457
3831 3461
3831 3484
3831 3495
3831 3496
3831 3521
3831 3526
3831 3545
3831 3559
3831 3684
3831 3697
3831 3703
3831 3736
3831 3750
3831 3817
3831 3824
3831 3830
3831 3842
3831 3851
3831 3884
3831 3938
3831 3968
3831 3971
3832 3437
3832 3482
3832 3514
3832 3518
3832 3528
3832 3596
3832 3635
3832 3640
3832 3702
3832 3730
3832 3790
3832 3830
3833 3437
3833 3486
3833 3506
3833 3509
3833 3569
3833 3584
3833 3591
3833 3593
3833 3631
3833 3643
3833 3680
3833 3706
3833 3714
3833 3718
3833 3758
3833 3784
3833 3793
3833 3794
3833 3810
3833 3822
3833 3826
3833 3869
3833 3896
3833 3900
3833 3906
3833 3909
3833 3924
3833 3947
3833 3951
3833 3969
3833 3973
3833 3976
3834 3437
3834 3499
3834 3568
3834 3617
3834 3764
3834 3821
3834 3881
3835 3437
3835 3442
3835 3455
3835 3498
3835 3521
3835 3553
3835 3590
3835 3599
3835 3615
3835 3629
3835 3636
3835 3705
3835 3710
3835 3713
3835 3715
3835 3722
3835 3728
3835 3740
3835 3753
3835 3802
3835 3815
3835 3850
3835 3862
3835 3867
3835 3907
3835 3921
3836 3437
3836 3465
3836 3476
3836 3519
3836 3571
3836 3579
3836 3612
3836 3675
3836 3701
3836 3708
3836 3757
3836 3759
3836 3774
3836 3782
3836 3837
3836 3893
3836 3899
3836 3910
3836 3918
3836 3957
3836 3964
3836 3975
3837 3437
3837 3465
3837 3476
3837 3519
3837 3571
3837 3579
3837 3612
3837 3675
3837 3701
3837 3708
3837 3757
3837 3759
3837 3774
3837 3836
3837 3918
3837 3957
3837 3975
3838 3437
3838 3448
3838 3449
3838 3450
3838 3452
3838 3462
3838 3471
3838 3475
3838 3485
3838 3488
3838 3491
3838 3497
3838 3503
3838 3514
3838 3518
3838 3527
3838 3528
3838 3542
3838 3545
3838 3557
3838 3559
3838 3573
3838 3576
3838 3578
3838 3596
3838 3603
3838 3604
3838 3605
3838 3611
3838 3635
3838 3640
3838 3642
3838 3672
3838 3687
3838 3693
3838 3702
3838 3707
3838 3712
3838 3737
3838 3790
3838 3800
3838 3804
3838 3824
3838 3828
3838 3845
3838 3851
3838 3852
3838 3860
3838 3877
3838 3884
3838 3891
3838 3902
3838 3926
3838 3930
3838 3934
3838 3938
3838 3940
3838 3943
3838 3944
3838 3966
3838 3971
3839 3437
3839 3504
3839 3586
3839 3626
3839 3677
3840 3437
3840 3472
3840 3505
3840 3508
3840 3521
3840 3526
3840 3553
3840 3629
3840 3644
3840 3685
3840 3698
3840 3850
3841 3437
3841 3448
3841 3449
3841 3456
3841 3480
3841 3492
3841 3501
3841 3525
3841 3540
3841 3545
3841 3577
3841 3586
3841 3596
3841 3604
3841 3625
3841 3633
3841 3651
3841 3656
3841 3674
3841 3677
3841 3684
3841 3692
3841 3693
3841 3734
3841 3756
3841 3788
3841 3830
3841 3851
3841 3929
3841 3938
3841 3948
3841 3950
3841 3962
3842 3437
3842 3438
3842 3440
3842 3456
3842 3475
3842 3484
3842 3491
3842 3495
3842 3501
3842 3521
3842 3525
3842 3540
3842 3545
3842 3577
3842 3611
3842 3618
3842 3625
3842 3633
3842 3656
3842 3667
3842 3683
3842 3684
3842 3697
3842 3703
3842 3736
3842 3780
3842 3797
3842 3817
3842 3830
3842 3831
3842 3851
3842 3873
3842 3877
3842 3886
3842 3908
3842 3929
3842 3938
3842 3948
3842 3966
3842 3968
3842 3971
3843 3437
3843 3499
3843 3568
3843 3645
3843 3680
3843 3825
3843 3829
3843 3927
3844 3437
3844 3616
3844 3638
3844 3799
3844 3848
3845 3437
3845 3448
3845 3471
3845 3475
3845 3485
3845 3488
3845 3491
3845 3545
3845 3604
3845 3611
3845 3672
3845 3693
3845 3702
3845 3790
3845 3804
3845 3838
3845 3851
3845 3891
3845 3902
3845 3966
3846 3437
3846 3746
3847 3437
3847 3477
3847 3592
3847 3610
3847 3626
3847 3660
3847 3674
3847 3677
3847 3772
3847 3775
3847 3916
3847 3953
3847 3979
3848 3437
3848 3616
3848 3638
3848 3799
3848 3844
3848 3918
3849 3437
3849 3444
3849 3742
3849 3861
3849 3904
