3850 3437
3850 3442
3850 3455
3850 3472
3850 3482
3850 3505
3850 3508
3850 3521
3850 3526
3850 3598
3850 3599
3850 3629
3850 3644
3850 3685
3850 3698
3850 3722
3850 3753
3850 3773
3850 3835
3850 3840
3851 1085
3851 3437
3851 3438
3851 3440
3851 3448
3851 3449
3851 3456
3851 3471
3851 3475
3851 3491
3851 3495
3851 3501
3851 3517
3851 3525
3851 3527
3851 3540
3851 3545
3851 3556
3851 3577
3851 3586
3851 3596
3851 3604
3851 3609
3851 3611
3851 3618
3851 3625
3851 3633
3851 3651
3851 3672
3851 3674
3851 3677
3851 3684
3851 3692
3851 3693
3851 3734
3851 3741
3851 3750
3851 3756
3851 3780
3851 3790
3851 3796
3851 3797
3851 3800
3851 3817
3851 3830
3851 3831
3851 3838
3851 3841
3851 3842
3851 3845
3851 3873
3851 3877
3851 3889
3851 3938
3851 3943
3851 3948
3851 3966
3851 3968
3851 3971
3852 3437
3852 3471
3852 3475
3852 3497
3852 3542
3852 3545
3852 3563
3852 3573
3852 3604
3852 3611
3852 3667
3852 3672
3852 3684
3852 3741
3852 3838
3852 3873
3852 3877
3852 3886
3852 3902
3852 3926
3852 3966
3852 3971
3853 3437
3854 3437
3854 3918
3855 3437
3855 3486
3855 3506
3855 3509
3855 3515
3855 3558
3855 3591
3855 3593
3855 3643
3855 3758
3855 3771
3855 3794
3855 3810
3855 3822
3855 3976
3856 3437
3857 3437
3857 3473
3857 3538
3857 3567
3857 3595
3857 3628
3857 3657
3857 3725
3857 3743
3857 3868
3857 3917
3858 3437
3858 3456
3858 3488
3858 3514
3858 3518
3858 3528
3858 3545
3858 3557
3858 3576
3858 3578
3858 3596
3858 3604
3858 3611
3858 3640
3858 3651
3858 3670
3858 3687
3858 3697
3858 3721
3858 3731
3858 3737
3858 3785
3858 3790
3858 3804
3858 3824
3858 3830
3858 3860
3858 3884
3858 3913
3858 3926
3858 3930
3858 3938
3859 3437
3859 3443
3859 3543
3859 3738
3859 3861
3859 3870
3860 3437
3860 3448
3860 3450
3860 3488
3860 3495
3860 3514
3860 3518
3860 3528
3860 3545
3860 3557
3860 3576
3860 3578
3860 3596
3860 3604
3860 3605
3860 3611
3860 3633
3860 3640
3860 3642
3860 3687
3860 3721
3860 3731
3860 3737
3860 3785
3860 3790
3860 3804
3860 3824
3860 3828
3860 3830
3860 3838
3860 3858
3860 3884
3860 3902
3860 3913
3860 3930
3860 3938
3860 3966
3861 567
3861 3437
3861 3444
3861 3454
3861 3463
3861 3496
3861 3600
3861 3604
3861 3621
3861 3726
3861 3733
3861 3742
3861 3849
3861 3859
3861 3904
3861 3954
3862 3437
3862 3455
3862 3498
3862 3526
3862 3588
3862 3590
3862 3599
3862 3608
3862 3629
3862 3636
3862 3663
3862 3710
3862 3713
3862 3722
3862 3728
3862 3740
3862 3835
3862 3867
3862 3921
3863 3437
3863 3446
3863 3490
3863 3531
3863 3546
3863 3549
3863 3585
3863 3624
3863 3662
3863 3679
3863 3894
3864 3437
3864 3502
3864 3669
3864 3700
3864 3813
3864 3830
3864 3911
3865 3437
3865 3442
3865 3526
3865 3740
3866 3437
3866 3468
3866 3511
3866 3524
3866 3535
3866 3558
3866 3568
3866 3584
3866 3601
3866 3623
3866 3645
3866 3690
3866 3768
3866 3782
3866 3793
3866 3818
3866 3881
3866 3906
3866 3947
3867 3437
3867 3442
3867 3455
3867 3498
3867 3521
3867 3553
3867 3590
3867 3599
3867 3608
3867 3615
3867 3629
3867 3636
3867 3694
3867 3705
3867 3710
3867 3713
3867 3715
3867 3728
3867 3735
3867 3740
3867 3753
3867 3815
3867 3835
3867 3862
3867 3907
3867 3921
3868 3437
3868 3445
3868 3473
3868 3538
3868 3541
3868 3567
3868 3595
3868 3628
3868 3657
3868 3725
3868 3739
3868 3743
3868 3819
3868 3857
3868 3874
3868 3892
3868 3912
3868 3917
3869 3437
3869 3463
3869 3486
3869 3506
3869 3509
3869 3510
3869 3529
3869 3558
3869 3569
3869 3572
3869 3583
3869 3593
3869 3602
3869 3604
3869 3612
3869 3617
3869 3680
3869 3690
3869 3705
3869 3706
3869 3714
3869 3794
3869 3803
3869 3822
3869 3826
3869 3833
3869 3870
3869 3900
3869 3906
3869 3924
3869 3931
3869 3947
3870 3437
3870 3486
3870 3558
3870 3584
3870 3620
3870 3643
3870 3660
3870 3680
3870 3690
3870 3706
3870 3711
3870 3714
3870 3718
3870 3793
3870 3794
3870 3822
3870 3826
3870 3859
3870 3869
3870 3896
3870 3900
3870 3903
3870 3906
3870 3924
3870 3947
3870 3951
3871 3437
3871 3473
3871 3538
3871 3628
3871 3725
3871 3739
3871 3743
3871 3917
3872 862
3872 1085
3872 3437
3872 3495
3872 3522
3872 3550
3872 3575
3872 3672
3872 3684
3872 3779
3872 3797
3872 3888
3872 3950
3872 3979
3873 3437
3873 3449
3873 3456
3873 3471
3873 3475
3873 3484
3873 3495
3873 3501
3873 3512
3873 3525
3873 3563
3873 3577
3873 3618
3873 3625
3873 3633
3873 3651
3873 3667
3873 3684
3873 3692
3873 3721
3873 3734
3873 3736
3873 3737
3873 3824
3873 3830
3873 3842
3873 3851
3873 3852
3873 3877
3873 3886
3873 3902
3873 3938
3873 3943
3873 3948
3873 3962
3873 3966
3873 3968
3873 3971
3874 3437
3874 3473
3874 3538
3874 3541
3874 3567
3874 3628
3874 3725
3874 3739
3874 3743
3874 3819
3874 3868
3874 3892
3874 3912
3874 3917
3875 3437
3875 3887
3876 3437
3876 3442
3876 3455
3876 3470
3876 3521
3876 3629
3876 3722
3876 3753
3876 3778
3877 1085
3877 3437
3877 3438
3877 3440
3877 3449
3877 3452
3877 3462
3877 3471
3877 3475
3877 3488
3877 3495
3877 3501
3877 3517
3877 3533
3877 3559
3877 3573
3877 3574
3877 3576
3877 3577
3877 3578
3877 3596
3877 3605
3877 3609
3877 3611
3877 3633
3877 3651
3877 3672
3877 3683
3877 3684
3877 3692
3877 3702
3877 3721
3877 3731
3877 3734
3877 3741
3877 3750
3877 3756
3877 3780
3877 3824
3877 3838
3877 3842
3877 3851
3877 3852
3877 3873
3877 3886
3877 3902
3877 3929
3877 3930
3877 3938
3877 3943
3877 3948
3877 3962
3877 3966
3877 3968
3877 3971
3878 3437
3878 3468
3878 3483
3878 3564
3878 3617
3878 3622
3878 3680
3878 3690
3878 3821
3878 3903
3879 3437
3879 3918
3880 3437
3880 3454
3880 3495
3880 3596
3880 3605
3880 3619
3880 3670
3880 3830
3880 3908
3880 3970
3881 3437
3881 3460
3881 3466
3881 3468
3881 3469
3881 3499
3881 3510
3881 3534
3881 3535
3881 3558
3881 3601
3881 3711
3881 3764
3881 3782
3881 3810
3881 3821
3881 3834
3881 3866
3882 3437
3882 3671
3882 3680
3882 3792
3883 3437
3883 3479
3883 3481
3883 3516
3883 3523
3883 3562
3883 3581
3883 3594
3883 3613
3883 3639
3883 3649
3883 3695
3883 3830
3883 3898
3883 3919
3884 3437
3884 3456
3884 3488
3884 3495
3884 3501
3884 3514
3884 3545
3884 3559
3884 3596
3884 3633
3884 3640
3884 3651
3884 3687
3884 3697
3884 3731
3884 3734
3884 3737
3884 3750
3884 3756
3884 3762
3884 3790
3884 3804
3884 3824
3884 3831
3884 3838
3884 3858
3884 3860
3884 3902
3884 3926
3884 3930
3884 3938
3884 3948
3884 3968
3884 3971
3885 3437
3885 3801
3886 1085
3886 3437
3886 3440
3886 3455
3886 3525
3886 3540
3886 3552
3886 3563
3886 3577
3886 3609
3886 3625
3886 3651
3886 3656
3886 3667
3886 3674
3886 3683
3886 3684
3886 3692
3886 3756
3886 3797
3886 3830
3886 3842
3886 3852
3886 3873
3886 3877
3886 3948
3886 3962
3886 3968
3886 3971
3887 3437
3887 3537
3887 3809
3887 3875
3887 3931
3888 3437
3888 3544
3888 3592
3888 3610
3888 3659
3888 3674
3888 3677
3888 3872
3888 3950
3888 3979
3889 3437
3889 3448
3889 3449
3889 3501
3889 3525
3889 3545
3889 3577
3889 3586
3889 3596
3889 3604
3889 3633
3889 3756
3889 3851
3889 3938
3889 3943
3890 3437
3890 3539
3890 3803
3890 3826
3890 3927
3891 3437
3891 3452
3891 3462
3891 3488
3891 3545
3891 3559
3891 3573
3891 3574
3891 3576
3891 3592
3891 3611
3891 3658
3891 3672
3891 3702
3891 3704
3891 3707
3891 3731
3891 3838
3891 3845
3891 3902
3891 3916
3891 3926
3891 3930
3891 3966
3892 3437
3892 3473
3892 3538
3892 3541
3892 3628
3892 3657
3892 3725
3892 3739
3892 3743
3892 3868
3892 3874
3892 3912
3892 3917
3893 3437
3893 3584
3893 3612
3893 3825
3893 3836
3893 3941
3894 3437
3894 3447
3894 3490
3894 3546
3894 3580
3894 3679
3894 3806
3894 3863
3894 3963
3895 3437
3895 3464
3895 3483
3895 3506
3895 3539
3895 3612
3895 3617
3895 3643
3895 3680
3895 3690
3895 3719
3895 3764
3895 3775
3896 3437
3896 3506
3896 3509
3896 3511
3896 3584
3896 3643
3896 3711
3896 3718
3896 3784
3896 3793
3896 3810
3896 3818
3896 3822
3896 3826
3896 3833
3896 3870
3896 3903
3896 3924
3896 3951
3896 3969
3896 3976
3897 3437
3897 3548
3897 3661
3897 3908
3898 3437
3898 3479
3898 3481
3898 3502
3898 3516
3898 3523
3898 3562
3898 3581
3898 3594
3898 3613
3898 3639
3898 3649
3898 3695
3898 3830
3898 3883
3898 3919
3899 3437
3899 3571
3899 3675
3899 3757
3899 3774
3899 3836
3899 3957
