3900 3437
3900 3458
3900 3460
3900 3468
3900 3486
3900 3493
3900 3509
3900 3511
3900 3529
3900 3569
3900 3584
3900 3591
3900 3614
3900 3620
3900 3680
3900 3706
3900 3714
3900 3718
3900 3786
3900 3793
3900 3794
3900 3822
3900 3826
3900 3829
3900 3833
3900 3869
3900 3870
3900 3906
3900 3909
3900 3924
3900 3947
3900 3951
3900 3969
3900 3976
3901 3437
3901 3482
3901 3537
3901 3664
3901 3791
3901 3809
3901 3918
3901 3933
3902 3437
3902 3452
3902 3471
3902 3475
3902 3488
3902 3497
3902 3518
3902 3527
3902 3542
3902 3545
3902 3559
3902 3573
3902 3576
3902 3596
3902 3604
3902 3611
3902 3621
3902 3667
3902 3672
3902 3684
3902 3702
3902 3703
3902 3731
3902 3762
3902 3790
3902 3804
3902 3824
3902 3830
3902 3838
3902 3845
3902 3852
3902 3860
3902 3873
3902 3877
3902 3884
3902 3891
3902 3926
3902 3930
3902 3934
3902 3938
3902 3940
3902 3966
3903 3437
3903 3458
3903 3493
3903 3506
3903 3558
3903 3584
3903 3631
3903 3643
3903 3648
3903 3711
3903 3718
3903 3794
3903 3870
3903 3878
3903 3896
3903 3924
3903 3951
3903 3969
3904 3437
3904 3444
3904 3511
3904 3539
3904 3584
3904 3849
3904 3861
3905 3437
3905 3490
3905 3549
3905 3580
3905 3624
3905 3662
3905 3679
3905 3806
3906 3437
3906 3443
3906 3463
3906 3486
3906 3509
3906 3524
3906 3529
3906 3534
3906 3558
3906 3568
3906 3569
3906 3584
3906 3593
3906 3601
3906 3620
3906 3623
3906 3705
3906 3706
3906 3714
3906 3718
3906 3758
3906 3768
3906 3782
3906 3784
3906 3786
3906 3793
3906 3794
3906 3803
3906 3810
3906 3821
3906 3822
3906 3826
3906 3833
3906 3866
3906 3869
3906 3870
3906 3900
3906 3909
3906 3924
3906 3931
3906 3937
3906 3969
3906 3973
3906 3976
3907 3437
3907 3442
3907 3455
3907 3498
3907 3521
3907 3590
3907 3599
3907 3608
3907 3615
3907 3629
3907 3636
3907 3641
3907 3705
3907 3710
3907 3713
3907 3715
3907 3722
3907 3728
3907 3740
3907 3753
3907 3802
3907 3815
3907 3835
3907 3867
3907 3921
3907 3960
3908 3437
3908 3495
3908 3548
3908 3661
3908 3842
3908 3880
3908 3897
3909 3437
3909 3443
3909 3463
3909 3486
3909 3509
3909 3511
3909 3529
3909 3558
3909 3569
3909 3643
3909 3680
3909 3726
3909 3794
3909 3822
3909 3826
3909 3833
3909 3900
3909 3906
3909 3924
3909 3931
3909 3945
3909 3976
3910 3437
3910 3701
3910 3774
3910 3836
3911 3437
3911 3502
3911 3669
3911 3700
3911 3813
3911 3830
3911 3864
3912 3437
3912 3473
3912 3538
3912 3541
3912 3567
3912 3595
3912 3628
3912 3725
3912 3739
3912 3743
3912 3819
3912 3868
3912 3874
3912 3892
3912 3917
3913 3437
3913 3450
3913 3488
3913 3514
3913 3545
3913 3596
3913 3604
3913 3611
3913 3707
3913 3730
3913 3731
3913 3790
3913 3800
3913 3804
3913 3824
3913 3830
3913 3858
3913 3860
3914 3437
3914 3568
3914 3604
3914 3768
3914 3794
3914 3915
3914 3967
3914 3978
3915 3437
3915 3443
3915 3460
3915 3464
3915 3466
3915 3469
3915 3474
3915 3510
3915 3529
3915 3554
3915 3568
3915 3604
3915 3634
3915 3738
3915 3752
3915 3761
3915 3764
3915 3829
3915 3914
3915 3945
3915 3956
3915 3972
3916 3437
3916 3592
3916 3626
3916 3805
3916 3847
3916 3891
3916 3950
3917 3437
3917 3473
3917 3538
3917 3567
3917 3595
3917 3628
3917 3725
3917 3743
3917 3819
3917 3857
3917 3868
3917 3871
3917 3874
3917 3892
3917 3912
3918 3437
3918 3442
3918 3465
3918 3519
3918 3571
3918 3579
3918 3616
3918 3632
3918 3638
3918 3647
3918 3653
3918 3664
3918 3708
3918 3720
3918 3722
3918 3749
3918 3757
3918 3759
3918 3774
3918 3789
3918 3799
3918 3830
3918 3836
3918 3837
3918 3848
3918 3854
3918 3879
3918 3901
3918 3923
3918 3957
3918 3975
3919 3437
3919 3479
3919 3481
3919 3516
3919 3523
3919 3562
3919 3613
3919 3649
3919 3695
3919 3830
3919 3883
3919 3898
3920 3437
3920 3478
3920 3500
3920 3587
3920 3641
3920 3655
3920 3696
3920 3747
3920 3776
3920 3783
3920 3791
3920 3809
3920 3933
3920 3960
3920 3964
3920 3967
3921 3437
3921 3442
3921 3455
3921 3498
3921 3521
3921 3553
3921 3590
3921 3599
3921 3608
3921 3615
3921 3629
3921 3636
3921 3663
3921 3666
3921 3705
3921 3710
3921 3713
3921 3715
3921 3722
3921 3728
3921 3735
3921 3740
3921 3753
3921 3801
3921 3802
3921 3815
3921 3835
3921 3862
3921 3867
3921 3907
3922 3437
3922 3536
3923 3437
3923 3720
3923 3749
3923 3751
3923 3787
3923 3789
3923 3918
3924 3437
3924 3463
3924 3486
3924 3493
3924 3506
3924 3509
3924 3558
3924 3569
3924 3584
3924 3591
3924 3593
3924 3643
3924 3646
3924 3648
3924 3680
3924 3705
3924 3706
3924 3711
3924 3714
3924 3718
3924 3719
3924 3758
3924 3763
3924 3792
3924 3793
3924 3794
3924 3810
3924 3822
3924 3826
3924 3833
3924 3869
3924 3870
3924 3896
3924 3900
3924 3903
3924 3906
3924 3909
3924 3947
3924 3951
3924 3969
3924 3976
3925 3437
3925 3487
3925 3530
3925 3551
3925 3961
3926 3437
3926 3462
3926 3475
3926 3488
3926 3497
3926 3514
3926 3527
3926 3528
3926 3542
3926 3545
3926 3559
3926 3576
3926 3596
3926 3604
3926 3605
3926 3611
3926 3635
3926 3640
3926 3672
3926 3684
3926 3687
3926 3703
3926 3730
3926 3731
3926 3755
3926 3790
3926 3800
3926 3804
3926 3824
3926 3830
3926 3838
3926 3852
3926 3858
3926 3884
3926 3891
3926 3902
3926 3930
3926 3934
3926 3938
3926 3943
3926 3966
3926 3968
3926 3971
3927 3437
3927 3468
3927 3469
3927 3507
3927 3532
3927 3535
3927 3561
3927 3564
3927 3584
3927 3610
3927 3617
3927 3622
3927 3690
3927 3719
3927 3754
3927 3764
3927 3767
3927 3782
3927 3821
3927 3823
3927 3825
3927 3843
3927 3890
3927 3945
3928 3437
3928 3633
3928 3672
3929 3437
3929 3495
3929 3512
3929 3533
3929 3577
3929 3651
3929 3656
3929 3734
3929 3756
3929 3780
3929 3795
3929 3841
3929 3842
3929 3877
3929 3948
3930 3437
3930 3448
3930 3450
3930 3461
3930 3462
3930 3471
3930 3475
3930 3485
3930 3488
3930 3492
3930 3495
3930 3503
3930 3522
3930 3527
3930 3528
3930 3542
3930 3545
3930 3559
3930 3573
3930 3576
3930 3586
3930 3596
3930 3611
3930 3635
3930 3642
3930 3654
3930 3659
3930 3672
3930 3677
3930 3707
3930 3737
3930 3762
3930 3765
3930 3779
3930 3804
3930 3830
3930 3838
3930 3858
3930 3860
3930 3877
3930 3884
3930 3891
3930 3902
3930 3926
3930 3934
3930 3938
3930 3941
3931 3437
3931 3460
3931 3463
3931 3510
3931 3532
3931 3568
3931 3583
3931 3593
3931 3617
3931 3622
3931 3665
3931 3680
3931 3764
3931 3782
3931 3793
3931 3821
3931 3825
3931 3869
3931 3887
3931 3906
3931 3909
3931 3947
3932 3437
3932 3439
3932 3513
3932 3616
3932 3638
3932 3647
3932 3716
3932 3799
3933 3437
3933 3478
3933 3500
3933 3508
3933 3587
3933 3607
3933 3641
3933 3655
3933 3664
3933 3696
3933 3747
3933 3766
3933 3776
3933 3783
3933 3791
3933 3809
3933 3821
3933 3901
3933 3920
3933 3960
3933 3964
3933 3967
3934 3437
3934 3461
3934 3462
3934 3495
3934 3559
3934 3762
3934 3838
3934 3902
3934 3926
3934 3930
3935 3437
3936 3437
3936 3442
3936 3505
3936 3521
3936 3553
3936 3598
3937 3437
3937 3443
3937 3460
3937 3466
3937 3483
3937 3529
3937 3534
3937 3612
3937 3634
3937 3738
3937 3752
3937 3758
3937 3906
3937 3945
3938 3437
3938 3438
3938 3440
3938 3448
3938 3449
3938 3456
3938 3457
3938 3471
3938 3475
3938 3480
3938 3488
3938 3491
3938 3495
3938 3501
3938 3514
3938 3518
3938 3527
3938 3528
3938 3545
3938 3557
3938 3576
3938 3577
3938 3578
3938 3586
3938 3596
3938 3604
3938 3605
3938 3609
3938 3611
3938 3625
3938 3633
3938 3635
3938 3640
3938 3642
3938 3651
3938 3654
3938 3670
3938 3672
3938 3674
3938 3677
3938 3684
3938 3687
3938 3692
3938 3693
3938 3697
3938 3702
3938 3703
3938 3712
3938 3721
3938 3731
3938 3734
3938 3736
3938 3737
3938 3741
3938 3750
3938 3756
3938 3779
3938 3790
3938 3797
3938 3800
3938 3804
3938 3824
3938 3828
3938 3831
3938 3838
3938 3841
3938 3842
3938 3851
3938 3858
3938 3860
3938 3873
3938 3877
3938 3884
3938 3889
3938 3902
3938 3926
3938 3930
3938 3943
3938 3948
3938 3962
3938 3966
3938 3968
3938 3971
3939 3437
3939 3546
3939 3679
3939 3963
3940 3437
3940 3471
3940 3475
3940 3484
3940 3497
3940 3542
3940 3543
3940 3672
3940 3838
3940 3902
3940 3966
3941 3437
3941 3442
3941 3612
3941 3645
3941 3779
3941 3893
3941 3930
3942 3437
3942 3561
3943 1085
3943 3437
3943 3448
3943 3449
3943 3456
3943 3495
3943 3501
3943 3545
3943 3577
3943 3596
3943 3604
3943 3609
3943 3633
3943 3677
3943 3756
3943 3800
3943 3830
3943 3838
3943 3851
3943 3873
3943 3877
3943 3889
3943 3926
3943 3938
3943 3948
3944 3437
3944 3448
3944 3457
3944 3495
3944 3559
3944 3577
3944 3590
3944 3683
3944 3756
3944 3800
3944 3838
3944 3948
3944 3962
3945 3437
3945 3459
3945 3460
3945 3464
3945 3466
3945 3468
3945 3469
3945 3474
3945 3510
3945 3529
3945 3554
3945 3558
3945 3561
3945 3602
3945 3612
3945 3614
3945 3630
3945 3634
3945 3668
3945 3726
3945 3738
3945 3752
3945 3758
3945 3761
3945 3768
3945 3782
3945 3786
3945 3829
3945 3909
3945 3915
3945 3927
3945 3937
3945 3956
3945 3972
3946 3437
3946 3690
3946 3781
3946 3823
3947 3437
3947 3463
3947 3499
3947 3509
3947 3529
3947 3558
3947 3568
3947 3569
3947 3584
3947 3593
3947 3623
3947 3718
3947 3758
3947 3768
3947 3782
3947 3784
3947 3786
3947 3793
3947 3794
3947 3810
3947 3821
3947 3826
3947 3833
3947 3866
3947 3869
3947 3870
3947 3900
3947 3924
3947 3931
3947 3951
3947 3973
3947 3976
3948 862
3948 1085
3948 3437
3948 3448
3948 3449
3948 3456
3948 3475
3948 3495
3948 3501
3948 3517
3948 3521
3948 3525
3948 3533
3948 3548
3948 3563
3948 3577
3948 3586
3948 3596
3948 3604
3948 3605
3948 3609
3948 3625
3948 3633
3948 3635
3948 3651
3948 3656
3948 3661
3948 3667
3948 3670
3948 3674
3948 3677
3948 3683
3948 3684
3948 3692
3948 3693
3948 3702
3948 3721
3948 3734
3948 3736
3948 3741
3948 3750
3948 3756
3948 3760
3948 3797
3948 3830
3948 3841
3948 3842
3948 3851
3948 3873
3948 3877
3948 3884
3948 3886
3948 3929
3948 3938
3948 3943
3948 3944
3948 3962
3948 3968
3948 3971
3949 3437
3949 3441
3949 3531
3949 3546
3949 3585
3949 3624
3949 3682
3949 3727
3949 3745
3949 3771
3949 3811
3949 3814
