3950 3437
3950 3522
3950 3525
3950 3547
3950 3550
3950 3610
3950 3659
3950 3750
3950 3772
3950 3796
3950 3805
3950 3841
3950 3872
3950 3888
3950 3916
3950 3979
3951 3437
3951 3458
3951 3463
3951 3486
3951 3493
3951 3506
3951 3509
3951 3558
3951 3569
3951 3584
3951 3591
3951 3593
3951 3643
3951 3646
3951 3680
3951 3711
3951 3714
3951 3718
3951 3719
3951 3758
3951 3792
3951 3793
3951 3794
3951 3810
3951 3822
3951 3826
3951 3833
3951 3870
3951 3896
3951 3900
3951 3903
3951 3924
3951 3947
3951 3958
3951 3969
3952 3437
3952 3513
3952 3638
3952 3799
3953 3437
3953 3610
3953 3775
3953 3847
3954 3437
3954 3733
3954 3742
3954 3861
3955 3437
3955 3680
3955 3690
3956 3437
3956 3443
3956 3460
3956 3464
3956 3466
3956 3468
3956 3469
3956 3474
3956 3529
3956 3532
3956 3554
3956 3555
3956 3634
3956 3668
3956 3726
3956 3738
3956 3761
3956 3771
3956 3823
3956 3829
3956 3915
3956 3945
3956 3964
3956 3972
3957 3437
3957 3465
3957 3476
3957 3519
3957 3571
3957 3579
3957 3675
3957 3701
3957 3708
3957 3757
3957 3759
3957 3774
3957 3830
3957 3836
3957 3837
3957 3899
3957 3918
3957 3975
3958 3437
3958 3506
3958 3515
3958 3558
3958 3671
3958 3680
3958 3767
3958 3826
3958 3951
3959 3437
3959 3503
3960 3437
3960 3478
3960 3500
3960 3587
3960 3641
3960 3655
3960 3664
3960 3696
3960 3747
3960 3776
3960 3783
3960 3791
3960 3809
3960 3907
3960 3920
3960 3933
3960 3967
3961 567
3961 3437
3961 3487
3961 3551
3961 3566
3961 3723
3961 3925
3962 1085
3962 3437
3962 3449
3962 3456
3962 3491
3962 3495
3962 3501
3962 3521
3962 3525
3962 3540
3962 3545
3962 3563
3962 3577
3962 3596
3962 3604
3962 3609
3962 3625
3962 3628
3962 3633
3962 3667
3962 3672
3962 3674
3962 3677
3962 3684
3962 3692
3962 3734
3962 3756
3962 3760
3962 3797
3962 3800
3962 3830
3962 3841
3962 3873
3962 3877
3962 3886
3962 3938
3962 3944
3962 3948
3962 3968
3963 3437
3963 3546
3963 3679
3963 3806
3963 3894
3963 3939
3964 3437
3964 3478
3964 3500
3964 3561
3964 3587
3964 3655
3964 3747
3964 3766
3964 3776
3964 3791
3964 3836
3964 3920
3964 3933
3964 3956
3964 3967
3965 3437
3965 3571
3965 3701
3965 3759
3966 3437
3966 3448
3966 3452
3966 3462
3966 3471
3966 3475
3966 3485
3966 3488
3966 3491
3966 3497
3966 3514
3966 3527
3966 3540
3966 3542
3966 3545
3966 3573
3966 3576
3966 3596
3966 3604
3966 3611
3966 3658
3966 3672
3966 3684
3966 3687
3966 3702
3966 3731
3966 3737
3966 3741
3966 3780
3966 3785
3966 3824
3966 3828
3966 3830
3966 3838
3966 3842
3966 3845
3966 3851
3966 3852
3966 3860
3966 3873
3966 3877
3966 3891
3966 3902
3966 3926
3966 3938
3966 3940
3966 3971
3967 3437
3967 3474
3967 3478
3967 3500
3967 3587
3967 3641
3967 3655
3967 3696
3967 3747
3967 3776
3967 3791
3967 3914
3967 3920
3967 3933
3967 3960
3967 3964
3968 3437
3968 3440
3968 3456
3968 3461
3968 3480
3968 3484
3968 3491
3968 3495
3968 3501
3968 3525
3968 3540
3968 3545
3968 3550
3968 3563
3968 3577
3968 3609
3968 3618
3968 3625
3968 3633
3968 3656
3968 3667
3968 3677
3968 3683
3968 3684
3968 3692
3968 3703
3968 3721
3968 3734
3968 3736
3968 3750
3968 3756
3968 3772
3968 3797
3968 3830
3968 3831
3968 3842
3968 3851
3968 3873
3968 3877
3968 3884
3968 3886
3968 3926
3968 3938
3968 3948
3968 3962
3968 3971
3969 3437
3969 3458
3969 3486
3969 3493
3969 3506
3969 3558
3969 3569
3969 3584
3969 3620
3969 3646
3969 3680
3969 3711
3969 3718
3969 3758
3969 3792
3969 3794
3969 3822
3969 3826
3969 3833
3969 3896
3969 3900
3969 3903
3969 3906
3969 3924
3969 3951
3970 3437
3970 3525
3970 3619
3970 3693
3970 3830
3970 3880
3971 3437
3971 3438
3971 3440
3971 3449
3971 3456
3971 3471
3971 3475
3971 3480
3971 3484
3971 3491
3971 3495
3971 3501
3971 3520
3971 3540
3971 3545
3971 3550
3971 3556
3971 3586
3971 3596
3971 3611
3971 3618
3971 3633
3971 3684
3971 3693
3971 3697
3971 3703
3971 3734
3971 3750
3971 3755
3971 3780
3971 3797
3971 3817
3971 3830
3971 3831
3971 3838
3971 3842
3971 3851
3971 3852
3971 3873
3971 3877
3971 3884
3971 3886
3971 3926
3971 3938
3971 3948
3971 3966
3971 3968
3972 3437
3972 3443
3972 3460
3972 3466
3972 3469
3972 3529
3972 3554
3972 3602
3972 3634
3972 3726
3972 3738
3972 3752
3972 3761
3972 3764
3972 3829
3972 3915
3972 3945
3972 3956
3973 3437
3973 3568
3973 3584
3973 3784
3973 3793
3973 3833
3973 3906
3973 3947
3974 3437
3975 3437
3975 3465
3975 3476
3975 3519
3975 3571
3975 3579
3975 3701
3975 3708
3975 3757
3975 3759
3975 3774
3975 3836
3975 3837
3975 3918
3975 3957
3976 3437
3976 3486
3976 3584
3976 3643
3976 3793
3976 3822
3976 3826
3976 3833
3976 3855
3976 3896
3976 3900
3976 3906
3976 3909
3976 3924
3976 3947
3977 3437
3977 3442
3977 3629
3977 3663
3977 3740
3977 3769
3978 3437
3978 3495
3978 3625
3978 3914
3979 3437
3979 3522
3979 3592
3979 3610
3979 3626
3979 3659
3979 3674
3979 3779
3979 3847
3979 3872
3979 3888
3979 3950
3980 594
3980 3981
3980 3982
3980 3983
3980 3984
3980 3985
3980 3986
3980 3987
3980 3988
3980 3989
3980 3990
3980 3991
3980 3992
3980 3993
3980 3994
3980 3995
3980 3996
3980 3997
3980 3998
3980 3999
3980 4000
3980 4001
3980 4002
3980 4003
3980 4004
3980 4005
3980 4006
3980 4007
3980 4008
3980 4009
3980 4010
3980 4011
3980 4012
3980 4013
3980 4014
3980 4015
3980 4016
3980 4017
3980 4018
3980 4019
3980 4020
3980 4021
3980 4022
3980 4023
3980 4024
3980 4025
3980 4026
3980 4027
3980 4028
3980 4029
3980 4030
3980 4031
3980 4032
3980 4033
3980 4034
3980 4035
3980 4036
3980 4037
3980 4038
3981 3980
3981 3994
3981 3997
3981 3998
3981 4009
3981 4018
3981 4019
3981 4023
3982 3980
3982 3986
3982 3988
3982 3994
3982 3997
3982 3998
3982 4003
3982 4009
3982 4014
3982 4021
3982 4023
3982 4026
3982 4030
3982 4037
3983 3980
3983 4017
3984 3980
3985 3980
3985 3988
3985 3993
3985 3995
3985 4004
3985 4014
3986 3980
3986 3982
3986 4000
3986 4014
3986 4017
3986 4021
3986 4026
3986 4030
3986 4033
3987 3980
3987 4012
3988 3980
3988 3982
3988 3985
3988 3993
3988 3995
3988 4021
3988 4030
3989 594
3989 3980
3989 3991
3989 4011
3989 4013
3989 4038
3990 3980
3990 4007
3990 4016
3990 4025
3991 3980
3991 3989
3991 4031
3992 3980
3992 4000
3992 4017
3993 3980
3993 3985
3993 3988
3993 3995
3993 4004
3993 4030
3994 3980
3994 3981
3994 3982
3994 3996
3994 3997
3994 3998
3994 4009
3994 4018
3994 4019
3994 4023
3994 4030
3995 3980
3995 3985
3995 3988
3995 3993
3995 4000
3995 4004
3995 4014
3995 4023
3995 4026
3996 3980
3996 3994
3996 4002
3996 4028
3997 3980
3997 3981
3997 3982
3997 3994
3997 3998
3997 4009
3997 4018
3997 4019
3997 4021
3997 4023
3997 4030
3998 3980
3998 3981
3998 3982
3998 3994
3998 3997
3998 3999
3998 4002
3998 4005
3998 4009
3998 4014
3998 4018
3998 4019
3998 4021
3998 4023
3999 3980
3999 3998
3999 4005
3999 4036
4000 3980
4000 3986
4000 3992
4000 3995
4000 4017
4000 4021
4000 4026
4000 4030
4000 4033
4001 3980
4001 4029
4002 3980
4002 3996
4002 3998
4002 4020
4002 4023
4002 4027
4002 4031
4003 3980
4003 3982
4003 4009
4003 4023
4003 4030
4004 3980
4004 3985
4004 3993
4004 3995
4004 4013
4004 4020
4004 4023
4004 4030
4004 4031
4004 4038
4005 3980
4005 3998
4005 3999
4006 3980
4006 4027
4007 3980
4007 3990
4007 4016
4007 4025
4008 3980
4009 3980
4009 3981
4009 3982
4009 3994
4009 3997
4009 3998
4009 4003
4009 4019
4009 4023
4009 4030
4010 3980
4011 594
4011 3980
4011 3989
4011 4031
4012 3980
4012 3987
4013 3980
4013 3989
4013 4004
4013 4023
4013 4031
4013 4038
4014 3980
4014 3982
4014 3985
4014 3986
4014 3995
4014 3998
4014 4017
4014 4021
4014 4023
4014 4030
4014 4037
4014 4038
4015 3980
4016 3980
4016 3990
4016 4007
4016 4025
4017 3980
4017 3983
4017 3986
4017 3992
4017 4000
4017 4014
4017 4021
4017 4026
4017 4030
4018 3980
4018 3981
4018 3994
4018 3997
4018 3998
4018 4023
4018 4030
4019 3980
4019 3981
4019 3994
4019 3997
4019 3998
4019 4009
4019 4026
4019 4030
4020 3980
4020 4002
4020 4004
4020 4027
4020 4030
4020 4031
4020 4037
4020 4038
4021 3980
4021 3982
4021 3986
4021 3988
4021 3997
4021 3998
4021 4000
4021 4014
4021 4017
4021 4026
4021 4030
4022 3980
4023 3980
4023 3981
4023 3982
4023 3994
4023 3995
4023 3997
4023 3998
4023 4002
4023 4003
4023 4004
4023 4009
4023 4013
4023 4014
4023 4018
4023 4030
4023 4031
4023 4034
4023 4038
4024 3980
4025 3980
4025 3990
4025 4007
4025 4016
4026 3980
4026 3982
4026 3986
4026 3995
4026 4000
4026 4017
4026 4019
4026 4021
4026 4030
4027 3980
4027 4002
4027 4006
4027 4020
4027 4031
4027 4032
4027 4038
4028 3980
4028 3996
4029 3980
4029 4001
4030 3980
4030 3982
4030 3986
4030 3988
4030 3993
4030 3994
4030 3997
4030 4000
4030 4003
4030 4004
4030 4009
4030 4014
4030 4017
4030 4018
4030 4019
4030 4020
4030 4021
4030 4023
4030 4026
4031 594
4031 3980
4031 3991
4031 4002
4031 4004
4031 4011
4031 4013
4031 4020
4031 4023
4031 4027
4031 4038
4032 3980
4032 4027
4033 3980
4033 3986
4033 4000
4034 3980
4034 4023
4035 3980
4036 3980
4036 3999
4037 3980
4037 3982
4037 4014
4037 4020
4038 3980
4038 3989
4038 4004
4038 4013
4038 4014
4038 4020
4038 4023
4038 4027
4038 4031
