400 348
400 353
400 366
400 373
400 376
400 378
400 387
400 388
400 391
400 394
400 395
400 404
400 408
400 409
400 412
400 414
400 415
400 417
400 419
400 420
400 421
400 428
400 431
400 432
400 434
400 436
400 438
400 444
400 445
400 456
400 461
400 465
400 475
400 482
400 484
400 487
400 488
400 492
400 493
400 497
400 500
400 503
400 506
400 511
400 512
400 513
400 514
400 515
400 517
400 524
400 525
400 537
400 538
400 539
400 542
400 544
400 553
400 556
400 559
400 561
400 566
400 567
400 580
400 591
400 601
400 606
400 614
400 637
400 641
400 651
400 669
400 676
400 683
401 348
401 386
402 348
402 355
402 360
402 363
402 366
402 370
402 373
402 374
402 376
402 387
402 395
402 397
402 412
402 413
402 415
402 417
402 421
402 422
402 425
402 428
402 432
402 436
402 438
402 444
402 451
402 458
402 460
402 463
402 465
402 475
402 482
402 493
402 495
402 497
402 500
402 506
402 507
402 508
402 513
402 514
402 515
402 517
402 520
402 523
402 524
402 542
402 543
402 544
402 545
402 553
402 558
402 559
402 561
402 563
402 566
402 567
402 570
403 348
403 354
403 355
403 359
403 367
403 382
403 396
403 452
403 458
403 470
403 475
403 489
403 497
403 510
403 515
403 519
403 546
403 547
403 553
403 555
404 348
404 352
404 353
404 366
404 368
404 375
404 388
404 392
404 395
404 398
404 400
404 408
404 409
404 415
404 419
404 421
404 428
404 431
404 440
404 444
404 445
404 452
404 456
404 462
404 465
404 479
404 482
404 483
404 484
404 487
404 493
404 494
404 496
404 500
404 503
404 506
404 511
404 512
404 515
404 525
404 526
404 536
404 537
404 538
404 542
404 545
404 556
404 559
404 560
404 561
404 566
405 348
405 359
405 361
405 376
405 418
405 428
405 478
405 513
405 531
405 563
405 568
406 348
406 387
406 437
406 532
407 348
407 350
407 369
407 426
407 433
407 455
407 458
407 490
407 504
407 510
407 513
407 528
407 533
407 543
407 563
408 348
408 352
408 353
408 365
408 366
408 368
408 373
408 375
408 387
408 394
408 395
408 398
408 400
408 404
408 409
408 412
408 417
408 419
408 428
408 430
408 431
408 438
408 439
408 440
408 444
408 445
408 456
408 461
408 465
408 473
408 479
408 483
408 484
408 487
408 488
408 493
408 500
408 503
408 511
408 512
408 513
408 514
408 517
408 520
408 524
408 525
408 526
408 536
408 537
408 538
408 545
408 556
408 559
408 560
408 561
409 348
409 352
409 353
409 363
409 368
409 375
409 398
409 400
409 404
409 408
409 412
409 419
409 431
409 456
409 460
409 462
409 479
409 487
409 492
409 493
409 494
409 497
409 500
409 503
409 512
409 515
409 517
409 521
409 525
409 526
409 536
409 538
409 542
409 561
410 348
410 355
410 372
410 376
410 382
410 396
410 463
410 474
410 475
410 500
410 547
410 548
410 555
410 557
410 568
411 348
411 356
411 498
412 348
412 352
412 353
412 355
412 360
412 362
412 363
412 366
412 367
412 368
412 370
412 373
412 374
412 376
412 378
412 387
412 388
412 391
412 392
412 395
412 398
412 400
412 402
412 408
412 409
412 414
412 416
412 417
412 418
412 422
412 423
412 428
412 430
412 431
412 432
412 434
412 436
412 438
412 442
412 452
412 455
412 456
412 460
412 461
412 473
412 481
412 482
412 483
412 484
412 487
412 488
412 492
412 493
412 494
412 496
412 500
412 503
412 504
412 506
412 507
412 512
412 513
412 515
412 517
412 520
412 523
412 524
412 525
412 526
412 527
412 528
412 529
412 533
412 537
412 538
412 542
412 544
412 547
412 548
412 549
412 555
412 558
412 559
412 560
412 561
412 565
412 566
412 567
412 569
412 580
412 591
412 593
412 604
412 609
412 614
412 645
412 669
412 676
412 683
413 348
413 362
413 370
413 373
413 376
413 395
413 402
413 415
413 445
413 448
413 460
413 461
413 463
413 465
413 473
413 535
413 542
414 34
414 107
414 173
414 348
414 363
414 370
414 373
414 374
414 376
414 378
414 391
414 394
414 395
414 400
414 412
414 422
414 423
414 427
414 428
414 431
414 434
414 436
414 438
414 461
414 465
414 475
414 480
414 483
414 492
414 496
414 500
414 506
414 513
414 514
414 515
414 524
414 542
414 544
414 553
414 556
414 558
414 559
414 561
414 563
414 566
414 567
414 573
414 574
414 575
414 576
414 577
414 578
414 579
414 580
414 581
414 582
414 583
414 584
414 585
414 586
414 587
414 588
414 589
414 590
414 591
414 592
414 593
414 594
414 595
414 596
414 597
414 598
414 599
414 600
414 601
414 602
414 603
414 604
414 605
414 606
414 607
414 608
414 609
414 610
414 611
414 612
414 613
414 614
414 615
414 616
414 617
414 618
414 619
414 620
414 621
414 622
414 623
414 624
414 625
414 626
414 627
414 628
414 629
414 630
414 631
414 632
414 633
414 634
414 635
414 636
414 637
414 638
414 639
414 640
414 641
414 642
414 643
414 644
414 645
414 646
414 647
414 648
414 649
414 650
414 651
414 652
414 653
414 654
414 655
414 656
414 657
414 658
414 659
414 660
414 661
414 662
414 663
414 664
414 665
414 666
414 667
414 668
414 669
414 670
414 671
414 672
414 673
414 674
414 675
414 676
414 677
414 678
414 679
414 680
414 681
414 682
414 683
414 684
414 685
415 348
415 360
415 362
415 370
415 387
415 388
415 400
415 402
415 404
415 413
415 421
415 428
415 444
415 445
415 460
415 463
415 465
415 473
415 495
415 520
415 535
415 542
415 545
415 556
415 558
415 563
416 348
416 367
416 368
416 370
416 412
416 417
416 419
416 430
416 432
416 465
416 483
416 493
416 494
416 497
416 500
416 503
416 537
416 557
416 563
416 567
416 569
417 348
417 353
417 360
417 363
417 366
417 370
417 373
417 374
417 376
417 378
417 387
417 391
417 395
417 400
417 402
417 408
417 412
417 416
417 421
417 428
417 431
417 438
417 444
417 445
417 456
417 460
417 461
417 465
417 475
417 479
417 483
417 492
417 493
417 495
417 497
417 500
417 503
417 506
417 507
417 508
417 511
417 513
417 514
417 515
417 517
417 520
417 523
417 524
417 527
417 537
417 538
417 542
417 544
417 545
417 553
417 556
417 559
417 560
417 561
417 566
417 567
417 570
418 348
418 355
418 374
418 397
418 405
418 412
418 432
418 463
418 465
418 475
418 481
418 497
418 504
418 506
418 510
418 514
418 523
418 544
418 547
418 553
418 555
418 557
418 568
419 348
419 350
419 353
419 357
419 363
419 368
419 369
419 370
419 374
419 376
419 381
419 389
419 395
419 397
419 400
419 404
419 408
419 409
419 416
419 422
419 423
419 424
419 428
419 430
419 431
419 440
419 452
419 456
419 469
419 471
419 475
419 483
419 484
419 486
419 487
419 488
419 492
419 493
419 503
419 505
419 513
419 516
419 517
419 518
419 525
419 526
419 527
419 536
419 537
419 538
419 540
419 544
419 551
419 559
419 561
419 565
419 567
420 107
420 348
420 353
420 370
420 374
420 376
420 397
420 400
420 430
420 432
420 439
420 451
420 465
420 471
420 483
420 484
420 506
420 507
420 513
420 514
420 524
420 537
420 553
420 556
420 563
420 566
420 567
420 569
420 596
420 936
420 1237
420 1311
420 1673
420 1692
421 348
421 372
421 373
421 388
421 395
421 397
421 400
421 402
421 404
421 415
421 417
421 444
421 445
421 455
421 457
421 465
421 487
421 493
421 500
421 504
421 543
421 545
421 558
421 563
421 570
422 348
422 359
422 360
422 367
422 372
422 395
422 396
422 397
422 402
422 412
422 414
422 419
422 432
422 438
422 444
422 449
422 455
422 460
422 474
422 481
422 483
422 489
422 497
422 504
422 520
422 523
422 545
422 546
422 547
422 553
422 555
422 561
422 570
422 579
422 584
422 592
422 593
422 596
422 597
422 601
422 604
422 609
422 614
422 617
422 618
422 619
422 620
422 630
422 631
422 636
422 644
422 653
422 654
422 655
422 657
422 663
422 678
422 680
422 682
422 685
423 348
423 370
423 373
423 376
423 378
423 385
423 391
423 392
423 395
423 412
423 414
423 419
423 425
423 428
423 430
423 431
423 436
423 444
423 456
423 461
423 465
423 473
423 475
423 484
423 492
423 497
423 500
423 503
423 506
423 513
423 517
423 523
423 524
423 525
423 527
423 537
423 538
423 553
423 556
423 558
423 559
423 560
423 561
423 567
423 586
423 587
423 591
423 604
423 606
423 614
423 634
423 637
423 645
423 646
423 651
423 669
423 683
424 348
424 357
424 369
424 380
424 381
424 389
424 419
424 435
424 457
424 469
424 486
424 505
424 509
424 516
424 518
424 551
424 554
425 348
425 373
425 395
425 402
425 423
425 427
425 428
425 434
425 439
425 456
425 460
425 477
425 479
425 520
425 523
425 534
425 553
425 563
425 570
426 348
426 350
426 376
426 378
426 397
426 407
426 431
426 455
426 471
426 504
426 510
426 513
426 524
426 525
426 531
426 544
426 546
426 563
427 173
427 348
427 414
427 425
427 428
427 464
427 496
427 549
427 563
428 34
428 107
428 348
428 353
428 360
428 366
428 370
428 373
428 376
428 378
428 387
428 391
428 392
428 395
428 400
428 402
428 404
428 405
428 408
428 412
428 414
428 415
428 417
428 419
428 423
428 425
428 427
428 430
428 431
428 432
428 434
428 436
428 438
428 444
428 451
428 452
428 456
428 460
428 461
428 463
428 465
428 473
428 475
428 479
428 482
428 484
428 492
428 497
428 500
428 506
428 507
428 508
428 511
428 512
428 513
428 514
428 515
428 517
428 520
428 523
428 524
428 525
428 526
428 542
428 544
428 545
428 549
428 553
428 558
428 559
428 561
428 563
428 567
428 570
428 591
428 594
428 601
428 604
428 606
428 609
428 614
428 641
428 651
428 667
428 669
428 676
428 683
428 915
428 930
428 962
428 1013
428 1109
428 1114
428 1179
428 1210
428 1226
428 1237
428 1300
428 1313
428 1320
428 1358
428 1374
428 1408
428 1425
428 1446
428 1512
428 1536
428 1545
428 1549
428 1574
428 1692
428 1740
428 1777
428 1778
428 1912
429 348
429 372
429 455
429 466
429 481
429 504
429 522
429 529
429 531
429 539
430 348
430 353
430 366
430 370
430 374
430 392
430 395
430 398
430 408
430 412
430 416
430 419
430 420
430 423
430 428
430 432
430 439
430 451
430 456
430 465
430 469
430 471
430 483
430 484
430 493
430 497
430 503
430 514
430 525
430 526
430 537
430 541
430 553
430 559
430 561
430 563
430 566
430 569
431 348
431 352
431 353
431 366
431 368
431 370
431 373
431 374
431 375
431 376
431 378
431 391
431 392
431 395
431 398
431 400
431 404
431 408
431 409
431 412
431 414
431 417
431 419
431 423
431 426
431 428
431 432
431 434
431 436
431 438
431 440
431 456
431 462
431 465
431 471
431 472
431 475
431 479
431 482
431 483
431 484
431 487
431 492
431 493
431 497
431 500
431 503
431 506
431 507
431 511
431 512
431 513
431 514
431 515
431 517
431 525
431 527
431 536
431 537
431 538
431 545
431 556
431 559
431 561
431 563
431 566
431 606
431 614
431 651
431 669
431 683
432 348
432 353
432 360
432 363
432 370
432 374
432 376
432 397
432 400
432 402
432 412
432 416
432 418
432 420
432 422
432 428
432 430
432 431
432 438
432 439
432 444
432 451
432 452
432 455
432 456
432 460
432 465
432 471
432 475
432 482
432 483
432 497
432 504
432 506
432 507
432 510
432 513
432 514
432 521
432 525
432 527
432 541
432 544
432 545
432 546
432 553
432 555
432 557
432 559
432 561
432 563
432 566
432 569
432 570
432 571
433 348
433 350
433 369
433 407
433 455
433 504
433 510
433 528
433 533
433 563
434 348
434 349
434 366
434 373
434 376
434 378
434 400
434 412
434 414
434 425
434 428
434 431
434 436
434 456
434 458
434 475
434 478
434 488
434 490
434 492
434 496
434 497
434 506
434 515
434 517
434 523
434 534
434 559
434 563
434 566
434 580
434 591
434 604
435 348
435 369
435 389
435 424
435 459
435 497
435 518
435 551
435 555
435 563
436 348
436 363
436 366
436 370
436 373
436 376
436 378
436 385
436 387
436 392
436 394
436 395
436 400
436 402
436 412
436 414
436 423
436 428
436 431
436 434
436 438
436 461
436 465
436 475
436 478
436 483
436 484
436 488
436 492
436 496
436 497
436 506
436 507
436 511
436 513
436 517
436 523
436 524
436 525
436 527
436 542
436 553
436 556
436 559
436 561
436 563
436 566
436 580
436 591
436 604
436 606
436 634
436 635
436 637
436 646
436 651
436 652
436 669
436 673
436 683
437 348
437 406
437 453
437 462
437 463
437 467
437 498
437 499
437 532
437 572
438 348
438 360
438 366
438 370
438 373
438 374
438 376
438 387
438 388
438 391
438 394
438 395
438 400
438 402
438 408
438 412
438 414
438 417
438 422
438 428
438 431
438 432
438 436
438 444
438 446
438 452
438 456
438 460
438 461
438 465
438 473
438 475
438 483
438 488
438 492
438 493
438 495
438 496
438 497
438 500
438 503
438 506
438 507
438 511
438 513
438 514
438 517
438 520
438 521
438 523
438 524
438 525
438 546
438 548
438 553
438 556
438 559
438 561
438 563
438 566
438 591
438 596
438 604
438 606
438 614
438 634
438 645
438 651
438 669
438 676
438 683
439 348
439 370
439 373
439 374
439 376
439 397
439 408
439 420
439 425
439 430
439 432
439 442
439 444
439 445
439 451
439 456
439 458
439 461
439 465
439 471
439 473
439 475
439 477
439 487
439 500
439 506
439 507
439 513
439 514
439 517
439 520
439 523
439 525
439 527
439 538
439 542
439 544
439 553
439 561
439 563
439 566
439 567
439 570
440 348
440 404
440 408
440 419
440 431
440 449
440 456
440 479
440 484
440 493
440 496
440 508
440 525
440 538
441 198
441 348
441 364
441 393
441 399
441 476
441 501
441 564
442 348
442 360
442 369
442 376
442 412
442 439
442 460
442 475
442 523
442 531
442 544
442 563
443 348
443 453
444 348
444 360
444 363
444 372
444 374
444 376
444 387
444 388
444 397
444 400
444 402
444 404
444 408
444 415
444 417
444 421
444 422
444 423
444 428
444 432
444 438
444 439
444 445
444 449
444 460
444 473
444 475
444 483
444 487
444 488
444 495
444 500
444 503
444 504
444 506
444 507
444 513
444 517
444 520
444 523
444 531
444 538
444 544
444 545
444 556
444 559
444 570
445 348
445 362
445 388
445 398
445 400
445 404
445 408
445 413
445 415
445 417
445 421
445 439
445 444
445 460
445 463
445 465
445 473
445 487
445 492
445 493
445 495
445 500
445 520
445 535
445 542
445 556
445 560
446 348
446 353
446 366
446 373
446 376
446 391
446 438
446 475
446 482
446 483
446 487
446 490
446 491
446 492
446 515
446 517
446 539
446 548
447 348
448 348
448 413
448 460
449 348
449 397
449 422
449 440
449 444
449 480
449 504
449 507
449 543
449 563
