450 348
450 354
450 361
450 373
450 376
450 388
450 390
450 396
450 452
450 463
450 474
450 475
450 481
450 489
450 497
450 500
450 519
450 531
450 539
450 547
450 548
450 557
451 348
451 370
451 374
451 395
451 402
451 420
451 428
451 430
451 432
451 439
451 465
451 471
451 493
451 503
451 506
451 507
451 513
451 514
451 544
451 553
451 556
451 561
451 563
451 567
451 569
452 348
452 354
452 355
452 359
452 367
452 370
452 376
452 378
452 382
452 388
452 395
452 403
452 404
452 412
452 419
452 428
452 432
452 438
452 450
452 460
452 463
452 465
452 470
452 475
452 489
452 497
452 500
452 506
452 507
452 510
452 513
452 519
452 521
452 531
452 544
452 546
452 547
452 553
452 555
452 557
452 559
452 566
453 348
453 437
453 443
453 468
453 498
454 348
454 351
454 564
455 348
455 350
455 355
455 359
455 363
455 367
455 369
455 372
455 407
455 412
455 421
455 422
455 426
455 429
455 432
455 433
455 466
455 497
455 500
455 504
455 506
455 510
455 522
455 528
455 529
455 531
455 539
455 541
455 543
455 546
455 553
455 557
455 561
455 563
455 565
455 568
455 569
456 348
456 352
456 368
456 370
456 373
456 374
456 375
456 376
456 378
456 391
456 392
456 395
456 398
456 400
456 404
456 408
456 409
456 412
456 417
456 419
456 423
456 425
456 428
456 430
456 431
456 432
456 434
456 438
456 439
456 440
456 460
456 462
456 465
456 473
456 479
456 484
456 493
456 494
456 495
456 496
456 497
456 503
456 506
456 511
456 512
456 513
456 517
456 520
456 523
456 524
456 525
456 527
456 537
456 538
456 545
456 553
456 559
456 561
456 563
456 566
456 567
457 348
457 357
457 369
457 380
457 381
457 389
457 397
457 421
457 424
457 459
457 469
457 477
457 486
457 505
457 509
457 516
457 518
457 551
457 554
457 563
458 348
458 354
458 370
458 376
458 391
458 397
458 402
458 403
458 407
458 434
458 439
458 469
458 470
458 475
458 482
458 489
458 490
458 496
458 497
458 507
458 510
458 514
458 515
458 545
458 553
458 555
459 348
459 357
459 389
459 435
459 457
459 486
459 516
459 518
459 551
459 563
460 348
460 353
460 355
460 360
460 362
460 366
460 370
460 371
460 372
460 373
460 374
460 376
460 391
460 392
460 395
460 402
460 409
460 412
460 413
460 415
460 417
460 422
460 425
460 428
460 432
460 438
460 442
460 444
460 445
460 448
460 452
460 456
460 461
460 463
460 465
460 473
460 475
460 479
460 482
460 492
460 495
460 497
460 506
460 507
460 508
460 514
460 515
460 517
460 520
460 521
460 523
460 524
460 535
460 542
460 543
460 544
460 545
460 547
460 553
460 558
460 559
460 560
460 563
460 566
460 567
460 570
461 348
461 360
461 363
461 370
461 373
461 374
461 376
461 378
461 385
461 387
461 395
461 400
461 408
461 412
461 413
461 414
461 417
461 423
461 428
461 436
461 438
461 439
461 460
461 463
461 465
461 471
461 475
461 483
461 492
461 497
461 506
461 507
461 513
461 517
461 520
461 523
461 524
461 525
461 527
461 542
461 544
461 548
461 553
461 559
461 561
461 567
461 590
461 591
461 606
461 645
461 653
461 669
461 683
462 348
462 352
462 353
462 368
462 398
462 404
462 409
462 431
462 437
462 456
462 487
462 493
462 494
462 512
462 517
462 525
462 532
462 536
462 538
463 348
463 354
463 355
463 360
463 361
463 362
463 363
463 373
463 374
463 376
463 388
463 395
463 402
463 410
463 413
463 415
463 418
463 428
463 437
463 445
463 450
463 452
463 460
463 461
463 473
463 475
463 481
463 483
463 489
463 500
463 504
463 507
463 517
463 519
463 524
463 531
463 535
463 542
463 547
463 555
463 557
463 560
463 570
464 173
464 348
464 384
464 427
464 552
465 348
465 370
465 373
465 374
465 376
465 378
465 387
465 388
465 391
465 392
465 395
465 400
465 402
465 404
465 408
465 413
465 414
465 415
465 416
465 417
465 418
465 420
465 421
465 423
465 428
465 430
465 431
465 432
465 436
465 438
465 439
465 445
465 451
465 452
465 456
465 460
465 461
465 471
465 473
465 475
465 483
465 484
465 487
465 493
465 495
465 500
465 503
465 506
465 507
465 511
465 513
465 515
465 517
465 524
465 525
465 526
465 535
465 537
465 538
465 542
465 544
465 556
465 557
465 558
465 559
465 561
465 566
465 567
465 569
465 570
465 580
465 591
465 601
465 604
465 614
465 669
465 676
465 683
466 348
466 429
466 455
466 481
466 504
466 522
466 529
466 531
466 539
467 348
467 437
467 532
467 572
468 348
468 453
469 348
469 357
469 369
469 370
469 381
469 389
469 397
469 419
469 424
469 430
469 457
469 458
469 486
469 497
469 505
469 516
469 518
469 540
469 551
469 553
469 554
469 563
470 348
470 354
470 355
470 359
470 361
470 382
470 396
470 403
470 452
470 458
470 507
470 519
470 531
470 547
470 555
470 562
471 348
471 353
471 370
471 373
471 376
471 378
471 395
471 419
471 420
471 426
471 430
471 431
471 432
471 439
471 451
471 461
471 465
471 475
471 507
471 513
471 514
471 515
471 524
471 537
471 553
471 559
471 561
471 563
471 566
471 567
471 569
472 348
472 356
472 431
472 533
472 567
473 348
473 362
473 373
473 376
473 392
473 408
473 412
473 413
473 415
473 423
473 428
473 438
473 439
473 444
473 445
473 456
473 460
473 463
473 465
473 479
473 483
473 495
473 503
473 515
473 525
473 527
473 535
473 539
473 542
473 556
473 560
473 561
474 348
474 354
474 355
474 359
474 361
474 367
474 382
474 396
474 410
474 422
474 450
474 475
474 481
474 489
474 500
474 531
474 546
474 547
474 548
474 557
475 107
475 348
475 353
475 355
475 359
475 361
475 363
475 366
475 367
475 370
475 373
475 374
475 376
475 378
475 388
475 390
475 391
475 392
475 394
475 396
475 400
475 402
475 403
475 410
475 414
475 417
475 418
475 419
475 423
475 428
475 431
475 432
475 434
475 436
475 438
475 439
475 442
475 444
475 446
475 450
475 452
475 458
475 460
475 461
475 463
475 465
475 471
475 474
475 481
475 482
475 483
475 484
475 487
475 488
475 489
475 490
475 491
475 492
475 496
475 497
475 500
475 502
475 506
475 507
475 513
475 514
475 515
475 517
475 519
475 521
475 523
475 524
475 525
475 527
475 531
475 542
475 544
475 545
475 546
475 547
475 548
475 553
475 555
475 556
475 557
475 559
475 561
475 563
475 565
475 566
475 567
475 580
475 591
475 604
475 606
475 641
475 651
475 676
475 930
475 1122
475 1155
475 1179
475 1237
475 1300
475 1313
475 1320
475 1332
475 1358
475 1374
475 1425
475 1427
475 1435
475 1514
475 1536
475 1545
475 1549
475 1645
475 1673
475 1692
475 1767
475 1844
475 1882
476 198
476 348
476 364
476 399
476 441
476 501
477 348
477 357
477 369
477 397
477 425
477 439
477 457
477 485
477 516
477 518
477 554
477 563
478 348
478 349
478 405
478 434
478 436
478 496
478 508
478 534
479 348
479 352
479 368
479 375
479 394
479 395
479 398
479 404
479 408
479 409
479 417
479 425
479 428
479 431
479 440
479 456
479 460
479 473
479 483
479 484
479 492
479 493
479 503
479 511
479 512
479 513
479 515
479 517
479 520
479 525
479 527
479 536
479 538
479 542
479 545
479 559
479 561
480 348
480 414
480 449
480 540
480 543
480 563
480 593
481 348
481 354
481 355
481 359
481 361
481 363
481 367
481 376
481 396
481 397
481 412
481 418
481 422
481 429
481 450
481 463
481 466
481 474
481 475
481 489
481 504
481 519
481 522
481 531
481 539
481 547
481 555
482 348
482 353
482 362
482 363
482 366
482 374
482 376
482 378
482 391
482 392
482 400
482 402
482 404
482 412
482 428
482 431
482 432
482 446
482 458
482 460
482 475
482 483
482 484
482 496
482 497
482 506
482 507
482 515
482 517
482 525
482 548
482 553
482 556
482 565
483 107
483 348
483 353
483 363
483 366
483 367
483 370
483 373
483 374
483 376
483 378
483 385
483 388
483 391
483 392
483 395
483 397
483 404
483 408
483 412
483 414
483 416
483 417
483 419
483 420
483 422
483 430
483 431
483 432
483 436
483 438
483 444
483 446
483 461
483 463
483 465
483 473
483 475
483 479
483 482
483 484
483 487
483 492
483 493
483 494
483 496
483 497
483 500
483 503
483 506
483 507
483 513
483 514
483 515
483 517
483 520
483 524
483 525
483 526
483 527
483 535
483 537
483 538
483 542
483 544
483 553
483 557
483 559
483 560
483 561
483 563
483 566
483 567
483 580
483 591
483 596
483 601
483 604
483 606
483 614
483 637
483 639
483 641
483 651
483 669
483 671
483 896
483 917
483 919
483 930
483 933
483 936
483 942
483 948
483 954
483 962
483 976
483 984
483 1001
483 1012
483 1014
483 1018
483 1020
483 1025
483 1032
483 1066
483 1080
483 1086
483 1095
483 1099
483 1102
483 1104
483 1108
483 1113
483 1114
483 1122
483 1142
483 1148
483 1155
483 1158
483 1166
483 1179
483 1192
483 1204
483 1210
483 1237
483 1245
483 1261
483 1273
483 1277
483 1281
483 1282
483 1284
483 1294
483 1300
483 1303
483 1309
483 1313
483 1318
483 1320
483 1324
483 1332
483 1349
483 1357
483 1358
483 1373
483 1374
483 1382
483 1392
483 1396
483 1397
483 1400
483 1406
483 1408
483 1425
483 1427
483 1429
483 1446
483 1454
483 1455
483 1464
483 1473
483 1475
483 1487
483 1490
483 1492
483 1495
483 1508
483 1512
483 1514
483 1515
483 1536
483 1543
483 1545
483 1565
483 1574
483 1582
483 1595
483 1606
483 1611
483 1616
483 1625
483 1631
483 1638
483 1645
483 1654
483 1660
483 1661
483 1673
483 1677
483 1679
483 1680
483 1682
483 1692
483 1694
483 1695
483 1706
483 1720
483 1729
483 1732
483 1740
483 1742
483 1744
483 1751
483 1763
483 1766
483 1767
483 1773
483 1778
483 1783
483 1786
483 1790
483 1794
483 1801
483 1812
483 1820
483 1824
483 1828
483 1844
483 1848
483 1850
483 1870
483 1871
483 1875
483 1878
483 1881
483 1882
483 1893
483 1894
483 1899
483 1907
484 107
484 348
484 350
484 352
484 353
484 363
484 366
484 375
484 378
484 391
484 398
484 400
484 404
484 408
484 412
484 419
484 420
484 423
484 428
484 430
484 431
484 436
484 440
484 456
484 465
484 475
484 479
484 482
484 483
484 493
484 494
484 497
484 500
484 503
484 506
484 511
484 513
484 514
484 515
484 517
484 520
484 525
484 526
484 527
484 536
484 537
484 538
484 544
484 559
484 560
484 566
484 567
484 580
484 606
484 637
484 651
484 913
484 936
484 953
484 968
484 1001
484 1029
484 1080
484 1095
484 1114
484 1122
484 1155
484 1160
484 1173
484 1179
484 1217
484 1223
484 1237
484 1238
484 1300
484 1313
484 1320
484 1349
484 1357
484 1358
484 1374
484 1397
484 1408
484 1422
484 1487
484 1506
484 1512
484 1514
484 1536
484 1543
484 1545
484 1574
484 1598
484 1604
484 1616
484 1620
484 1645
484 1673
484 1677
484 1692
484 1694
484 1740
484 1778
484 1813
484 1882
484 1885
484 1897
485 348
485 397
485 477
485 518
485 563
486 348
486 357
486 369
486 380
486 381
486 389
486 419
486 424
486 457
486 459
486 469
486 505
486 509
486 516
486 551
486 554
487 348
487 353
487 363
487 376
487 378
487 388
487 391
487 392
487 400
487 404
487 408
487 409
487 412
487 419
487 421
487 431
487 439
487 444
487 445
487 446
487 462
487 465
487 475
487 483
487 492
487 493
487 500
487 503
487 513
487 525
487 538
487 556
487 559
488 348
488 374
488 376
488 378
488 391
488 394
488 395
488 398
488 400
488 408
488 412
488 419
488 434
488 436
488 438
488 444
488 475
488 496
488 497
488 511
488 512
488 513
488 517
488 524
488 527
488 553
488 556
488 559
489 348
489 354
489 355
489 359
489 361
489 367
489 376
489 396
489 403
489 422
489 450
489 452
489 458
489 463
489 474
489 475
489 481
489 519
489 531
489 535
489 546
489 547
489 555
489 557
490 348
490 367
490 376
490 391
490 407
490 434
490 446
490 458
490 475
490 491
490 502
490 523
490 548
491 348
491 359
491 367
491 373
491 376
491 391
491 446
491 475
491 490
491 502
491 548
492 348
492 352
492 353
492 362
492 363
492 366
492 370
492 373
492 374
492 376
492 378
492 388
492 391
492 392
492 394
492 400
492 409
492 412
492 414
492 417
492 419
492 423
492 428
492 431
492 434
492 436
492 438
492 445
492 446
492 460
492 461
492 475
492 479
492 483
492 487
492 495
492 497
492 500
492 503
492 506
492 513
492 514
492 515
492 517
492 524
492 537
492 538
492 542
492 544
492 553
492 559
492 560
492 561
492 566
492 567
492 580
492 591
492 604
492 606
492 614
492 637
492 641
492 651
492 669
492 676
493 348
493 352
493 353
493 363
493 366
493 368
493 375
493 388
493 391
493 392
493 398
493 400
493 402
493 404
493 408
493 409
493 412
493 416
493 417
493 419
493 421
493 430
493 431
493 438
493 440
493 445
493 451
493 456
493 462
493 465
493 479
493 483
493 484
493 487
493 494
493 497
493 500
493 503
493 507
493 511
493 512
493 514
493 517
493 525
493 526
493 536
493 537
493 538
493 539
493 545
493 556
493 557
493 559
493 560
493 561
493 566
494 348
494 352
494 368
494 375
494 398
494 404
494 409
494 412
494 416
494 456
494 462
494 483
494 484
494 493
494 497
494 503
494 517
494 526
494 536
494 537
494 538
494 559
494 561
495 348
495 360
495 362
495 378
495 395
495 402
495 415
495 417
495 438
495 444
495 445
495 456
495 460
495 465
495 473
495 492
495 507
495 514
495 520
495 542
495 544
495 558
495 570
496 348
496 353
496 366
496 373
496 374
496 376
496 378
496 388
496 404
496 412
496 414
496 427
496 434
496 436
496 438
496 440
496 456
496 458
496 475
496 478
496 482
496 483
496 488
496 497
496 506
496 507
496 508
496 513
496 514
496 515
496 517
496 523
496 553
496 565
496 566
496 580
496 591
496 637
496 641
496 669
497 348
497 350
497 353
497 354
497 355
497 360
497 363
497 366
497 368
497 370
497 373
497 374
497 376
497 378
497 388
497 389
497 391
497 392
497 395
497 398
497 400
497 402
497 403
497 409
497 416
497 417
497 418
497 422
497 423
497 428
497 430
497 431
497 432
497 434
497 435
497 436
497 438
497 450
497 452
497 455
497 456
497 458
497 460
497 461
497 469
497 475
497 482
497 483
497 484
497 488
497 492
497 493
497 494
497 496
497 500
497 503
497 506
497 507
497 510
497 513
497 515
497 517
497 520
497 523
497 524
497 525
497 526
497 527
497 537
497 538
497 542
497 544
497 545
497 546
497 555
497 557
497 559
497 560
497 561
497 565
497 566
497 567
497 570
498 348
498 373
498 411
498 437
498 453
498 532
499 348
499 437
499 532
